4.5010E+03
1.0000E-02
-2.5366E-02
1.0419E-02
-7.5011E-03
4.5029E-03
-4.4888E-03
2.7502E-03
-3.2625E-03
1.9326E-03
-2.5879E-03
1.4712E-03
-2.1572E-03
1.1789E-03
-1.8503E-03
9.8414E-04
-1.6216E-03
8.5118E-04
-1.4336E-03
7.4993E-04
-1.2864E-03
6.8109E-04
-1.1600E-03
6.3340E-04
-1.0500E-03
5.9406E-04
-9.5086E-04
5.6676E-04
-8.6490E-04
5.5549E-04
-7.8704E-04
5.2556E-04
-7.0248E-04
5.3665E-04
-6.4695E-04
5.2458E-04
-5.8147E-04
5.1936E-04
-5.0534E-04
5.2625E-04
-4.8106E-04
5.4894E-04
-4.1974E-04
5.3759E-04
-3.4610E-04
5.5717E-04
-3.1655E-04
5.8794E-04
-2.7337E-04
5.9107E-04
-2.3119E-04
6.2401E-04
-2.0261E-04
6.1125E-04
-1.0315E-04
6.2157E-04
-1.1015E-04
6.3178E-04
-7.0346E-05
6.4066E-04
-2.4713E-05
6.9452E-04
6.6510E-06
6.8773E-04
5.2034E-05
6.9071E-04
1.1672E-04
6.9851E-04
1.4406E-04
7.4522E-04
1.6781E-04
7.6207E-04
2.1341E-04
8.2563E-04
1.7968E-04
8.1498E-04
2.7328E-04
8.4798E-04
1.7987E-04
8.1443E-04
2.6332E-04
7.8152E-04
3.7132E-04
8.0484E-04
2.6497E-04
8.6526E-04
3.7747E-04
7.8035E-04
3.5786E-04
8.8351E-04
3.8215E-04
7.7697E-04
3.4421E-04
9.3028E-04
3.8026E-04
8.7154E-04
4.5254E-04
9.2216E-04
4.3886E-04
9.9317E-04
4.4645E-04
9.7050E-04
5.8483E-04
9.6943E-04
5.1578E-04
9.0705E-04
6.5987E-04
9.4133E-04
4.4321E-04
1.0995E-03
5.8661E-04
9.1629E-04
6.9649E-04
1.0010E-03
5.6001E-04
9.8870E-04
5.5026E-04
1.0653E-03
5.5950E-04
9.8937E-04
5.9398E-04
9.7783E-04
6.0905E-04
9.6214E-04
6.4604E-04
8.7534E-04
6.4040E-04
9.9424E-04
4.9784E-04
8.1545E-04
6.9664E-04
8.5240E-04
6.1488E-04
1.0760E-03
5.1101E-04
8.9319E-04
6.3504E-04
9.2791E-04
3.6277E-04
1.1790E-03
6.7483E-04
7.7592E-04
7.5688E-04
9.0078E-04
5.1273E-04
9.3713E-04
5.8620E-04
9.4751E-04
7.5339E-04
6.8257E-04
7.5431E-04
9.1031E-04
6.1967E-04
7.3800E-04
5.8527E-04
9.5947E-04
5.3092E-04
8.4857E-04
5.4635E-04
8.3533E-04
5.0816E-04
9.0484E-04
6.2902E-04
7.3640E-04
6.1506E-04
8.8210E-04
4.5574E-04
7.9602E-04
4.2500E-04
8.9822E-04
4.2563E-04
7.0971E-04
5.4435E-04
8.3030E-04
3.3037E-04
4.9879E-04
6.8997E-04
3.7678E-04
1.7847E-04
8.0846E-04
4.1393E-04
3.3336E-04
3.3005E-04
5.2357E-04
8.1900E-05
5.7724E-04
4.8076E-04
4.2240E-04
4.6904E-04
5.0252E-04
8.7949E-05
6.3269E-04
3.7047E-04
3.6294E-04
3.9277E-04
4.1791E-04
3.4725E-05
4.4728E-04
1.5925E-04
3.2647E-04
3.0087E-04
3.0983E-04
7.9024E-05
4.0821E-04
-1.7931E-04
5.0654E-04
1.0528E-04
3.0443E-04
-1.7064E-04
2.5838E-04
8.9666E-05
3.0333E-04
5.0973E-06
-1.2437E-04
-2.2604E-04
3.8947E-04
2.0240E-04
-1.3665E-04
-2.2236E-04
4.2063E-05
-4.6822E-05
1.6215E-04
-2.5219E-04
9.1143E-06
-2.5123E-04
-3.3213E-05
-2.8544E-04
-6.8528E-05
-3.3449E-04
-5.0392E-05
-5.4115E-04
-1.1565E-04
-3.1996E-04
-4.1794E-04
-2.8966E-04
-4.0986E-04
-5.5330E-04
-2.8979E-04
-3.2061E-04
-2.6087E-04
-8.3939E-04
-4.6266E-04
-3.9848E-04
-2.3418E-04
-6.6558E-04
-3.3495E-04
-8.2733E-04
-4.7071E-04
-4.1999E-04
-7.4273E-04
-6.8895E-04
-3.5343E-04
-7.7078E-04
-6.7932E-04
-9.5443E-04
-5.3557E-04
-8.6460E-04
-6.0741E-04
-8.9356E-04
-6.4983E-04
-9.5045E-04
-6.1888E-04
-1.1984E-03
-5.9589E-04
-6.5970E-04
-8.4577E-04
-1.1656E-03
-8.4908E-04
-8.7434E-04
-8.3685E-04
-8.3151E-04
-1.1843E-03
-1.0662E-03
-7.4277E-04
-1.1368E-03
-9.4932E-04
-9.4312E-04
-8.0101E-04
-1.0114E-03
-7.2359E-04
-1.1824E-03
-8.1758E-04
-1.2672E-03
-1.0252E-03
-1.0674E-03
-8.8461E-04
-1.1344E-03
-7.8243E-04
-1.4078E-03
-1.1249E-03
-1.1547E-03
-1.0201E-03
-1.1798E-03
-1.0118E-03
-1.1725E-03
-1.0066E-03
-1.2014E-03
-8.7160E-04
-1.0276E-03
-9.5515E-04
-9.2858E-04
-1.1669E-03
-8.9542E-04
-1.0372E-03
-7.5435E-04
-1.0303E-03
-8.7144E-04
-6.3214E-04
-8.6496E-04
-4.6706E-04
-7.7787E-04
-9.2795E-04
-1.0624E-03
-6.9082E-04
-1.5384E-03
-4.9194E-04
-5.2922E-04
-1.0923E-03
-6.6847E-04
-5.8467E-04
-1.0412E-03
-1.0095E-03
-1.5926E-03
-1.0725E-03
-1.4237E-03
-9.6605E-04
-7.1727E-04
-1.0409E-03
-5.4380E-04
-9.3243E-04
-1.6428E-03
-8.9005E-04
-1.8622E-03
-1.3635E-03
-1.1858E-03
-7.4743E-04
-3.4185E-04
-5.8647E-04
-1.0974E-03
-5.1385E-04
-1.1799E-03
-8.6437E-04
-5.0322E-04
-1.5666E-03
-1.1772E-03
-9.2615E-04
-1.4332E-03
-6.7963E-04
-7.9811E-04
-1.8684E-03
-1.5177E-03
-1.1782E-03
-6.7714E-04
6.5892E-04
-1.1230E-03
-1.4194E-03
-1.3584E-03
-1.4839E-03
-8.9222E-04
-5.8240E-04
-1.3703E-03
-3.6198E-04
8.2347E-04
3.7252E-04
-2.5637E-04
-1.4563E-03
-1.8410E-03
-1.9949E-04
-2.9232E-04
4.2719E-04
-9.4451E-04
-2.7055E-03
-2.1359E-03
2.9008E-04
-9.6859E-04
-2.5046E-03
-3.3983E-03
-3.3190E-03
-2.9239E-03
-5.0198E-04
-3.6123E-04
-1.1420E-03
-7.8091E-05
-1.7611E-04
-2.4118E-03
-1.6133E-03
-2.9640E-03
-4.7988E-03
-2.3181E-03
4.5598E-04
8.0135E-04
8.1574E-04
-3.6699E-04
3.4821E-04
1.9068E-03
3.8414E-04
1.3541E-03
5.8029E-03
-2.0492E-03
-1.7182E-03
4.1130E-03
-1.8945E-03
-2.7264E-03
-3.4187E-05
-3.4366E-03
-4.2537E-03
-4.4353E-03
-6.8832E-04
5.3665E-03
-2.2950E-03
-6.6523E-03
-1.0358E-03
-4.7967E-03
-3.8417E-03
-1.4543E-04
-2.3319E-03
-1.3834E-04
1.1757E-03
4.9174E-03
8.6301E-03
-3.0370E-04
-3.1049E-03
1.1849E-03
8.6537E-05
-4.5758E-04
3.5437E-03
-4.3316E-04
-8.2537E-03
-3.9822E-03
-4.7202E-04
-1.3415E-05
-1.5297E-03
-6.7402E-03
-1.2102E-03
5.0726E-03
3.8183E-03
2.4563E-03
-1.7819E-03
-3.7548E-03
-6.7137E-05
3.8479E-03
4.6129E-03
1.2558E-03
-3.1505E-03
-5.4245E-03
4.7321E-04
3.0745E-03
-2.8807E-03
-1.0240E-02
-9.2174E-03
-5.2532E-03
-8.4851E-03
-4.4575E-03
-2.8385E-03
-6.7127E-03
6.4844E-04
4.3690E-03
5.1684E-03
6.0881E-03
-1.4320E-03
-3.4885E-03
2.4812E-03
1.7788E-03
1.0011E-03
3.4111E-03
1.8699E-03
1.2628E-03
-7.9339E-04
-7.8959E-03
-6.0607E-03
-6.7182E-03
-1.3270E-02
-9.7456E-03
-5.8673E-03
-7.1046E-03
-1.2449E-03
-3.3247E-03
-8.9716E-03
-1.1153E-02
-5.9444E-03
3.2137E-03
3.7922E-03
-3.3718E-03
-5.2513E-03
5.5240E-03
4.1642E-03
-2.5446E-03
2.2064E-03
-9.3308E-03
-1.4504E-02
-4.2892E-03
1.4737E-03
8.6066E-03
7.9496E-04
-1.1857E-02
-6.9494E-03
4.6754E-04
1.0987E-03
-7.1424E-04
-1.3104E-02
-1.8882E-02
1.6861E-03
1.1925E-02
1.0004E-02
-7.2128E-04
-1.8954E-02
-1.3042E-02
-2.6833E-03
-1.5263E-03
-7.5877E-03
-1.9364E-02
-7.5140E-03
-1.0589E-03
-1.0647E-02
-7.1557E-03
-1.0681E-02
-2.3545E-02
-1.8937E-02
-9.4484E-03
-5.7607E-03
-1.2883E-03
-6.3901E-03
-1.1728E-02
-6.5662E-03
-1.3099E-02
-9.4543E-03
-1.6481E-04
-9.4610E-03
-3.0750E-03
8.5808E-03
5.8585E-03
5.2508E-03
7.9567E-04
3.4754E-03
1.1612E-02
9.5132E-03
1.7210E-02
2.7366E-02
2.2561E-02
2.0883E-02
1.9175E-02
1.5061E-02
1.6930E-02
9.2138E-03
6.8365E-04
1.4546E-02
1.0707E-02
1.4963E-03
1.4196E-02
2.8870E-04
-7.9030E-03
3.1992E-04
-6.1916E-03
-3.2224E-03
-5.4057E-05
-1.8705E-03
1.3494E-03
-2.5111E-03
-4.7789E-03
3.1235E-03
4.5407E-03
6.7763E-03
9.4326E-03
9.2111E-03
1.5047E-02
1.4687E-02
3.9931E-03
7.7647E-04
4.3252E-03
1.0092E-03
4.7301E-03
2.7626E-03
-7.3557E-03
-1.6150E-03
2.6794E-03
-9.9753E-03
-1.4860E-02
-7.2582E-03
-8.4958E-03
-1.6499E-02
-2.6151E-02
-2.6668E-02
-1.5116E-02
-1.5340E-02
-2.0491E-02
-2.0356E-02
-2.5759E-02
-2.1002E-02
-1.3420E-02
-1.0916E-02
-1.8783E-02
-2.6933E-02
-2.0010E-02
-5.3239E-03
8.1159E-03
1.6809E-02
1.1907E-02
8.3500E-03
1.2977E-02
1.0503E-02
1.2458E-02
1.0268E-03
-2.5653E-02
-2.2678E-02
-5.7946E-03
-4.5897E-03
-5.8678E-03
-1.8994E-02
-3.0347E-02
-1.7156E-02
1.8342E-03
3.2690E-03
-2.2174E-03
-8.3877E-03
-1.4073E-02
-5.8442E-03
-5.0138E-04
-1.0214E-02
-1.1814E-02
4.6475E-03
2.2919E-02
1.0726E-02
1.8981E-03
8.1996E-03
1.4212E-03
-4.3329E-03
-2.9491E-03
-2.1814E-02
-3.4715E-02
-1.8465E-02
-4.3890E-03
-7.8943E-03
-3.7523E-02
-4.6867E-02
-2.0166E-02
-5.9325E-04
-1.1014E-02
-2.6748E-02
-1.5165E-02
-1.0367E-03
1.5401E-03
1.3870E-02
2.5597E-02
3.0210E-02
3.0991E-02
3.8461E-02
5.3571E-02
5.9462E-02
5.0025E-02
5.8864E-02
6.0787E-02
5.0129E-02
5.0797E-02
5.0306E-02
4.2752E-02
4.1909E-02
4.0048E-02
3.1498E-02
2.2331E-02
8.1898E-03
-1.5999E-03
1.8755E-03
-2.1013E-02
-5.1478E-02
-3.6072E-02
-1.3070E-02
-2.5599E-02
-2.4555E-02
-1.6879E-02
-2.3920E-02
-4.5070E-03
1.1391E-02
-1.7229E-02
-3.6422E-02
-1.8089E-02
9.4201E-03
2.6662E-02
3.4023E-02
3.3855E-02
4.4006E-02
4.8423E-02
3.3804E-02
2.6645E-02
2.6166E-02
1.6262E-02
-1.5007E-03
-1.6629E-02
-1.9749E-02
-1.3609E-02
-1.1269E-03
-1.2996E-02
-2.7743E-02
-2.3868E-02
-1.5920E-02
-7.6410E-03
-2.3971E-02
-3.6402E-02
-1.9491E-02
-1.7830E-02
-2.1483E-02
-1.5295E-02
-2.2368E-02
-7.5887E-03
2.2985E-02
2.1350E-02
1.2547E-02
8.1679E-03
2.7584E-03
8.4069E-03
4.4422E-03
-1.3151E-02
-6.9054E-03
1.4409E-02
1.2411E-02
1.7935E-02
3.4793E-02
2.1094E-02
2.8995E-02
5.5822E-02
4.1741E-02
2.4549E-02
3.7172E-02
2.6098E-02
1.5963E-02
2.9238E-02
9.9329E-03
9.0097E-03
3.3294E-02
1.2422E-02
-7.4256E-03
3.3446E-03
-1.1070E-02
-1.0039E-02
9.7883E-03
-7.6717E-03
-1.3339E-02
-6.5888E-03
-3.0867E-02
-2.6014E-02
-1.0725E-02
-3.0678E-02
-2.3358E-02
-1.1124E-02
-1.9195E-02
-1.3576E-02
-1.1872E-02
-1.5676E-02
-9.1600E-03
-1.3701E-03
4.0839E-03
1.0460E-02
1.1028E-02
9.6096E-03
1.4516E-02
4.3202E-03
6.9938E-03
1.6371E-02
-4.8106E-03
-3.7477E-04
1.2084E-02
8.0979E-03
2.2983E-02
1.9603E-02
-1.3156E-02
-3.2085E-02
-4.2342E-02
-6.2825E-02
-5.3871E-02
-4.1903E-02
-3.8857E-02
-1.5855E-02
-2.3404E-02
-4.3827E-02
-2.3265E-02
-1.2018E-02
-1.9762E-02
-1.7970E-03
-6.4958E-03
-1.3335E-02
1.4528E-02
1.3483E-02
6.8831E-03
1.3350E-02
2.6550E-03
-3.7273E-03
-2.8771E-03
-5.1627E-03
-3.9629E-04
-6.9511E-03
-1.0548E-02
-1.7905E-03
-9.4361E-03
-9.6239E-03
8.2047E-03
1.9072E-02
2.2925E-02
2.1124E-02
2.7543E-02
2.2924E-02
1.1522E-02
1.4141E-02
5.5445E-03
-7.7051E-03
-1.2911E-02
-1.6496E-02
-6.4850E-03
9.5627E-03
8.8997E-03
1.3911E-02
1.1694E-02
-1.8395E-02
-1.9896E-03
2.7799E-02
2.3213E-02
1.6124E-02
-9.7551E-03
-9.9748E-03
2.1673E-02
1.7267E-02
2.0030E-02
4.9036E-02
4.2313E-02
3.6230E-02
6.5198E-02
5.8420E-02
4.3015E-02
3.3977E-02
2.7434E-02
2.6645E-02
2.2397E-02
3.5437E-02
4.9666E-02
3.1448E-02
-6.4643E-03
5.1062E-03
4.4269E-02
3.9700E-02
2.5210E-02
-7.5649E-03
-2.6268E-02
-8.1835E-03
-1.7272E-02
-4.4128E-02
-4.4781E-02
-6.5440E-02
-7.2820E-02
-4.1484E-02
-3.6373E-02
-3.3332E-02
-2.4180E-02
-2.7764E-02
-2.1666E-02
-2.1275E-03
1.2711E-02
4.7020E-03
1.6238E-02
1.9554E-02
8.4631E-03
3.1417E-02
4.1206E-02
1.9541E-02
7.6306E-03
2.8242E-02
5.7555E-02
5.9978E-02
2.4579E-02
2.6427E-03
1.2666E-03
-5.9625E-03
2.3776E-02
4.1584E-02
1.7934E-02
2.3401E-02
3.8965E-02
2.3258E-02
2.2181E-02
2.9975E-02
1.0094E-02
2.5196E-02
3.7388E-02
4.3113E-03
4.4776E-02
9.8533E-02
8.3803E-02
7.5402E-02
7.1483E-02
5.6434E-02
5.4464E-02
5.2243E-02
3.1091E-02
2.6085E-02
4.0252E-02
4.5153E-02
5.5599E-02
4.8169E-02
3.2447E-02
5.4741E-02
6.8647E-02
8.2048E-02
1.2534E-01
1.2103E-01
1.1956E-01
1.5373E-01
1.5406E-01
1.6795E-01
1.9911E-01
1.7225E-01
1.5946E-01
1.8738E-01
1.7195E-01
1.6070E-01
1.9081E-01
1.9261E-01
1.9228E-01
1.8374E-01
1.7162E-01
1.8656E-01
1.8755E-01
1.8405E-01
1.9753E-01
1.7622E-01
1.5836E-01
1.6369E-01
1.6512E-01
9.2934E-02
4.0070E-03
-7.8088E-03
-6.9597E-03
-3.9967E-03
2.1299E-04
6.9332E-03
1.0673E-02
-5.1004E-04
1.3006E-02
-3.9280E-02
-1.4873E-01
-1.0725E-01
-1.0485E-01
-1.3280E-01
-1.3501E-01
-1.9472E-01
-2.1862E-01
-2.2493E-01
-2.3059E-01
-2.4454E-01
-2.3025E-01
-2.3095E-01
-2.7137E-01
-2.6153E-01
-2.2041E-01
-2.0465E-01
-1.8910E-01
-1.9167E-01
-1.9064E-01
-1.7384E-01
-1.4657E-01
-9.8554E-02
-4.8774E-02
-3.5005E-02
-1.3749E-02
3.4227E-02
5.7834E-02
9.6571E-02
1.3915E-01
1.4465E-01
1.5002E-01
1.7882E-01
2.1811E-01
2.4741E-01
2.6599E-01
2.5654E-01
2.5025E-01
2.4235E-01
2.5787E-01
2.7813E-01
2.8181E-01
2.7331E-01
2.5161E-01
2.4155E-01
2.6424E-01
2.3171E-01
7.7329E-02
-1.4772E-02
4.0902E-04
-1.2307E-03
3.1308E-03
-3.2018E-04
4.4627E-03
1.0498E-03
4.6005E-03
-2.3612E-03
-2.2493E-03
-4.7542E-03
1.9929E-03
2.8166E-04
3.4842E-03
-4.3227E-02
-1.4956E-02
2.3900E-02
4.8759E-03
2.7313E-03
1.8536E-02
4.5314E-03
4.2804E-02
-1.2829E-01
-2.0080E-01
-7.5468E-02
-1.1379E-01
-1.1599E-01
-1.4961E-01
-1.8004E-01
-2.0902E-01
-2.4361E-01
-2.7415E-01
-2.2792E-01
-2.5623E-01
-3.0695E-01
-3.2909E-01
-3.8367E-01
-4.4395E-01
-4.3690E-01
-4.3859E-01
-4.3247E-01
-4.5516E-01
-4.8363E-01
-4.8937E-01
-4.8972E-01
-4.9641E-01
-4.6434E-01
-4.2785E-01
-4.1024E-01
-4.4352E-01
-4.6248E-01
-4.8931E-01
-4.8010E-01
-4.5888E-01
-4.5104E-01
-4.6584E-01
-2.1082E-01
1.9908E-02
-3.5305E-03
6.7135E-03
2.6531E-03
5.5341E-03
2.5222E-03
5.4347E-03
2.8437E-03
5.0461E-03
3.1481E-03
4.7196E-03
3.4324E-03
4.5302E-03
3.5379E-03
4.3541E-03
3.6825E-03
4.2197E-03
3.7439E-03
4.0532E-03
3.9449E-03
4.0003E-03
3.9455E-03
3.8698E-03
4.0452E-03
3.7517E-03
4.1599E-03
3.4694E-03
4.4477E-03
3.5978E-03
2.8910E-03
8.1775E-03
-7.9263E-03
4.7690E-02
3.0689E-01
4.1271E-01
3.6257E-01
3.7949E-01
3.6486E-01
3.2166E-01
2.7576E-01
2.5593E-01
2.4880E-01
2.4002E-01
1.9204E-01
1.4934E-01
1.2639E-01
1.2804E-01
1.3656E-01
1.3739E-01
1.4208E-01
1.5724E-01
1.6098E-01
1.6763E-01
1.4340E-01
1.1665E-01
1.1992E-01
1.0126E-01
6.2682E-02
4.0375E-02
1.8003E-02
-5.7542E-04
-1.9741E-02
-2.6471E-02
-3.5265E-02
-5.0018E-02
-4.5926E-02
-3.2775E-02
-5.1440E-02
-8.2494E-02
-8.6387E-02
-7.6595E-02
-8.2128E-02
-7.9333E-02
-1.1338E-01
-1.6477E-01
-1.8151E-01
-1.9325E-01
-2.0152E-01
-2.0430E-01
-2.2512E-01
-2.4251E-01
-2.5642E-01
-2.5154E-01
-2.3243E-01
-1.9691E-01
-1.5719E-01
-1.2842E-01
-1.0277E-01
-8.3978E-02
-5.9030E-02
-3.0185E-02
-1.4219E-02
7.9859E-03
3.1849E-02
3.6889E-02
3.4235E-02
4.1804E-02
3.2141E-02
1.8394E-02
2.4911E-02
5.1033E-02
8.2744E-02
1.0946E-01
1.1472E-01
1.1372E-01
1.2870E-01
1.3527E-01
1.5028E-01
1.6673E-01
1.6907E-01
1.6199E-01
1.5110E-01
1.5291E-01
1.4833E-01
1.4489E-01
1.4614E-01
1.1726E-01
6.5692E-02
4.0083E-02
3.1711E-02
-8.9931E-03
-6.4377E-02
-1.0566E-01
-1.5666E-01
-2.0551E-01
-2.4295E-01
-2.8334E-01
-3.2144E-01
-3.3817E-01
-3.2917E-01
-3.0889E-01
-2.8423E-01
-2.4853E-01
-2.1337E-01
-1.8795E-01
-1.6963E-01
-1.3810E-01
-8.5387E-02
-3.5926E-02
-4.2348E-03
3.3505E-02
7.8616E-02
1.1109E-01
1.5471E-01
2.0259E-01
2.1881E-01
2.4413E-01
2.8021E-01
2.9981E-01
3.2477E-01
3.4961E-01
3.6904E-01
3.8780E-01
3.9478E-01
3.9520E-01
4.0342E-01
4.0269E-01
3.8044E-01
3.5369E-01
3.0462E-01
2.4318E-01
1.9986E-01
1.6731E-01
1.2723E-01
8.1793E-02
4.0423E-02
1.0368E-02
-1.6129E-02
-4.9856E-02
-7.6403E-02
-9.4094E-02
-1.0919E-01
-1.0415E-01
-1.1250E-01
-1.3616E-01
-1.3470E-01
-1.2822E-01
-1.3739E-01
-1.4468E-01
-1.4794E-01
-1.4012E-01
-1.3148E-01
-1.3297E-01
-1.4008E-01
-1.5641E-01
-1.7696E-01
-1.7902E-01
-1.7653E-01
-1.7510E-01
-1.6046E-01
-1.4846E-01
-1.2955E-01
-9.0451E-02
-6.8835E-02
-5.5131E-02
-2.9510E-02
-1.3289E-02
-2.6998E-03
2.3324E-02
4.4513E-02
6.5034E-02
9.2184E-02
1.0892E-01
1.2276E-01
1.4752E-01
1.6327E-01
1.6234E-01
1.6861E-01
1.7697E-01
1.7354E-01
1.7821E-01
1.7043E-01
1.3772E-01
1.0181E-01
8.1131E-02
6.1682E-02
2.4371E-02
-1.4032E-02
-5.0715E-02
-1.0058E-01
-1.4848E-01
-1.9218E-01
-2.2080E-01
-2.3955E-01
-2.5622E-01
-2.7365E-01
-2.8364E-01
-2.9434E-01
-2.8806E-01
-2.6329E-01
-2.5007E-01
-2.1833E-01
-1.7980E-01
-1.5451E-01
-1.0490E-01
-6.5352E-02
-2.5307E-02
3.4410E-02
8.7318E-02
1.3213E-01
1.7353E-01
2.1668E-01
2.6479E-01
3.0414E-01
3.3627E-01
3.6812E-01
3.8147E-01
3.8796E-01
4.0980E-01
4.2011E-01
4.0568E-01
3.6473E-01
3.1179E-01
2.6236E-01
2.1686E-01
1.6725E-01
1.2379E-01
1.0658E-01
1.0377E-01
9.9065E-02
9.3867E-02
8.7160E-02
8.6965E-02
9.0196E-02
8.3076E-02
6.4831E-02
5.6023E-02
6.0335E-02
6.9757E-02
7.0299E-02
7.2948E-02
7.8690E-02
8.3214E-02
9.6032E-02
9.6232E-02
7.3453E-02
5.5410E-02
4.0195E-02
2.3429E-02
7.2482E-03
-3.1541E-03
-2.2600E-02
-5.0796E-02
-6.7876E-02
-7.4051E-02
-8.7152E-02
-1.1236E-01
-1.4038E-01
-1.6759E-01
-2.2250E-01
-2.6123E-01
-2.7843E-01
-3.0879E-01
-3.3859E-01
-3.6334E-01
-3.9084E-01
-4.0407E-01
-4.0824E-01
-4.1250E-01
-4.2568E-01
-4.4592E-01
-4.5048E-01
-4.2488E-01
-4.1481E-01
-3.9948E-01
-3.6559E-01
-3.3840E-01
-3.0888E-01
-2.5609E-01
-2.1846E-01
-1.7703E-01
-1.6142E-01
-8.1063E-02
2.7774E-03
-1.5001E-03
8.3025E-04
-2.4080E-04
6.4924E-04
-3.4326E-04
5.7020E-04
-1.9096E-04
3.3545E-04
-9.2215E-05
2.0930E-04
1.0426E-04
-2.1165E-05
2.1478E-04
-1.8299E-04
3.1035E-04
-2.7809E-04
4.4573E-04
-1.4377E-03
4.5691E-03
-1.2510E-02
4.7857E-02
1.4934E-01
1.4986E-01
1.4447E-01
1.4012E-01
1.3784E-01
1.3935E-01
1.2786E-01
1.1406E-01
1.2450E-01
1.3158E-01
1.4619E-01
1.6510E-01
1.7427E-01
1.8108E-01
1.9366E-01
2.1307E-01
2.2810E-01
2.2557E-01
2.2207E-01
2.2547E-01
2.3551E-01
2.4432E-01
2.4862E-01
2.6255E-01
2.7994E-01
2.8532E-01
3.0701E-01
3.3700E-01
3.5223E-01
3.7145E-01
3.8498E-01
3.8369E-01
3.9393E-01
4.0352E-01
4.0192E-01
4.0255E-01
3.9042E-01
3.6312E-01
3.3365E-01
2.9161E-01
2.4671E-01
2.0514E-01
1.5814E-01
1.1250E-01
7.6292E-02
4.7970E-02
3.0418E-02
7.9148E-03
-2.2599E-02
-4.7482E-02
-7.5824E-02
-1.0602E-01
-1.2225E-01
-1.3947E-01
-1.6575E-01
-1.8847E-01
-2.1267E-01
-2.3981E-01
-2.5102E-01
-2.6044E-01
-2.6393E-01
-2.4704E-01
-2.3807E-01
-2.3281E-01
-2.1307E-01
-1.9895E-01
-1.8284E-01
-1.6606E-01
-1.5876E-01
-1.4857E-01
-1.4437E-01
-1.4480E-01
-1.4035E-01
-1.3595E-01
-1.3093E-01
-1.2151E-01
-1.2341E-01
-1.2550E-01
-1.2701E-01
-1.3556E-01
-1.3315E-01
-1.2906E-01
-1.3927E-01
-1.4113E-01
-1.2937E-01
-1.1265E-01
-8.9455E-02
-6.5884E-02
-4.7039E-02
-2.7918E-02
-1.6699E-02
-7.4588E-03
2.2389E-03
1.1017E-02
2.7783E-02
4.1459E-02
4.6996E-02
5.4292E-02
6.9736E-02
9.7428E-02
1.1642E-01
1.1714E-01
1.2521E-01
1.3621E-01
1.4520E-01
1.6222E-01
1.7619E-01
1.8647E-01
1.9548E-01
1.9706E-01
2.0295E-01
2.1452E-01
2.1603E-01
2.1131E-01
2.0540E-01
1.9983E-01
1.9776E-01
1.9258E-01
1.7973E-01
1.6006E-01
1.4614E-01
1.3803E-01
1.3506E-01
1.3520E-01
1.3716E-01
1.3806E-01
1.3341E-01
1.2746E-01
1.2870E-01
1.2531E-01
1.1418E-01
1.0282E-01
8.8070E-02
7.4301E-02
6.2145E-02
4.8194E-02
3.2844E-02
2.3202E-02
1.1428E-02
-4.3129E-03
-1.1676E-02
-2.5063E-02
-4.4814E-02
-5.5566E-02
-7.1277E-02
-9.1519E-02
-1.0668E-01
-1.2880E-01
-1.4912E-01
-1.6788E-01
-2.0330E-01
-2.1924E-01
-2.2474E-01
-2.4982E-01
-2.6121E-01
-2.6686E-01
-2.7547E-01
-2.7396E-01
-2.6868E-01
-2.5952E-01
-2.5619E-01
-2.5625E-01
-2.5081E-01
-2.3673E-01
-2.1872E-01
-2.1045E-01
-2.0121E-01
-1.8127E-01
-1.7405E-01
-1.7023E-01
-1.4994E-01
-1.3221E-01
-1.3252E-01
-1.3613E-01
-1.4091E-01
-1.4152E-01
-1.3917E-01
-1.3244E-01
-1.2323E-01
-1.2479E-01
-1.2082E-01
-1.0467E-01
-8.8985E-02
-6.3552E-02
-4.7484E-02
-4.2399E-02
-3.1168E-02
-2.0964E-02
-7.5239E-03
9.1383E-03
2.3459E-02
3.3050E-02
4.1936E-02
5.5082E-02
7.1743E-02
9.0064E-02
1.0599E-01
1.2315E-01
1.4212E-01
1.5530E-01
1.6980E-01
1.8895E-01
2.0542E-01
2.1650E-01
2.2181E-01
2.3327E-01
2.4028E-01
2.3240E-01
2.2390E-01
2.1072E-01
1.9780E-01
1.9133E-01
1.7829E-01
1.6642E-01
1.5204E-01
1.2565E-01
1.0750E-01
1.0017E-01
9.2343E-02
9.0745E-02
8.3869E-02
7.3657E-02
7.3736E-02
6.7265E-02
6.2801E-02
7.1055E-02
7.3363E-02
7.6333E-02
7.8416E-02
7.6088E-02
7.9240E-02
8.2316E-02
8.7638E-02
9.5864E-02
1.0372E-01
1.1032E-01
1.1239E-01
1.2332E-01
1.3199E-01
1.3054E-01
1.3437E-01
1.3578E-01
1.2851E-01
1.2269E-01
1.1508E-01
1.1008E-01
1.0524E-01
9.4843E-02
8.6336E-02
7.6973E-02
6.3353E-02
6.0724E-02
5.7438E-02
4.5812E-02
4.1952E-02
4.0922E-02
3.2885E-02
2.9891E-02
2.6117E-02
2.1586E-02
1.4559E-02
7.2249E-03
3.1854E-03
-8.2832E-03
-2.4618E-02
-3.2215E-02
-3.9361E-02
-5.0433E-02
-6.5131E-02
-7.7150E-02
-8.7643E-02
-1.0079E-01
-1.0968E-01
-1.0803E-01
-1.1193E-01
-1.2087E-01
-1.2835E-01
-1.3426E-01
-1.4146E-01
-1.4405E-01
-1.4852E-01
-1.5830E-01
-1.6453E-01
-1.7292E-01
-1.7956E-01
-1.8167E-01
-1.8769E-01
-1.9453E-01
-1.9939E-01
-2.0616E-01
-2.1828E-01
-2.2078E-01
-2.2199E-01
-2.2647E-01
-2.3048E-01
-2.3861E-01
-2.4497E-01
-2.3938E-01
-2.3071E-01
-2.1790E-01
-2.0607E-01
-2.0187E-01
-1.9243E-01
-1.8092E-01
-1.6330E-01
-1.4479E-01
-1.4242E-01
-1.4028E-01
-1.3672E-01
-1.2994E-01
-1.1806E-01
-1.0577E-01
-1.0594E-01
-1.0807E-01
-1.0158E-01
-8.9128E-02
-7.6813E-02
-6.7504E-02
-5.9234E-02
-5.3281E-02
-4.6251E-02
-3.5200E-02
-2.7647E-02
-2.1972E-02
-1.8660E-02
-1.6858E-02
-1.0279E-02
-5.5393E-03
-1.4131E-02
-2.0751E-02
-2.7846E-02
-4.1740E-02
-5.1809E-02
-6.8255E-02
-9.0542E-02
-1.0151E-01
-1.1148E-01
-1.2330E-01
-1.3541E-01
-1.4974E-01
-1.5908E-01
-1.5621E-01
-1.6492E-01
-1.6403E-01
-1.5571E-01
-1.5960E-01
-1.6701E-01
-1.6952E-01
-1.6773E-01
-1.5956E-01
-1.5408E-01
-1.5349E-01
-1.2609E-01
-3.3189E-02
6.6742E-03
-5.1042E-03
-9.3798E-04
-2.0668E-03
-1.9088E-03
-1.9444E-03
-1.9069E-03
-1.8943E-03
-2.0028E-03
-1.8511E-03
-2.0411E-03
-1.7441E-03
-2.1394E-03
-1.7131E-03
-2.1790E-03
-1.6435E-03
-2.2629E-03
-1.6399E-03
-2.2646E-03
-1.5055E-03
-2.3853E-03
-1.4558E-03
-2.4590E-03
-1.3422E-03
-2.5944E-03
-1.2531E-03
-2.7244E-03
-1.0017E-03
-2.9905E-03
-8.2920E-04
-3.0242E-03
-1.0133E-03
-2.9943E-03
3.4115E-04
-4.1868E-03
1.3813E-01
2.6278E-01
2.6376E-01
2.9627E-01
3.0686E-01
3.1449E-01
3.1169E-01
3.1448E-01
3.0838E-01
2.9915E-01
2.7589E-01
2.5108E-01
2.2414E-01
2.0377E-01
1.8512E-01
1.7125E-01
1.5571E-01
1.4164E-01
1.2544E-01
1.1721E-01
1.1417E-01
1.1145E-01
1.0712E-01
1.0777E-01
1.0725E-01
1.0696E-01
1.1183E-01
1.1932E-01
1.2181E-01
1.2558E-01
1.3000E-01
1.3616E-01
1.3832E-01
1.4220E-01
1.4594E-01
1.4961E-01
1.5123E-01
1.5751E-01
1.5878E-01
1.5517E-01
1.5248E-01
1.5012E-01
1.4338E-01
1.3896E-01
1.3417E-01
1.2896E-01
1.2611E-01
1.2706E-01
1.2519E-01
1.2341E-01
1.2148E-01
1.1591E-01
1.0710E-01
1.0060E-01
9.7530E-02
9.2611E-02
8.0007E-02
7.3637E-02
6.4808E-02
5.1885E-02
4.7630E-02
4.3792E-02
3.6883E-02
2.8141E-02
1.1733E-02
4.3531E-03
1.0889E-03
-1.8382E-02
-3.3993E-02
-4.4542E-02
-6.7393E-02
-9.2445E-02
-1.1223E-01
-1.2780E-01
-1.4632E-01
-1.6319E-01
-1.7901E-01
-1.9622E-01
-2.0796E-01
-2.1268E-01
-2.1522E-01
-2.1669E-01
-2.1749E-01
-2.1473E-01
-2.1297E-01
-2.1560E-01
-2.0717E-01
-1.8364E-01
-1.6289E-01
-1.4629E-01
-1.3146E-01
-1.2226E-01
-1.1479E-01
-1.0395E-01
-9.3093E-02
-8.2974E-02
-7.4998E-02
-7.3083E-02
-7.2199E-02
-6.9870E-02
-7.0109E-02
-7.2579E-02
-8.0208E-02
-9.2460E-02
-1.0380E-01
-1.1351E-01
-1.2017E-01
-1.1769E-01
-1.1502E-01
-1.0937E-01
-9.7222E-02
-8.7748E-02
-8.1081E-02
-7.3607E-02
-7.0881E-02
-6.6554E-02
-5.9533E-02
-5.5406E-02
-5.5111E-02
-5.2442E-02
-4.7537E-02
-4.4022E-02
-3.7737E-02
-2.7200E-02
-2.2257E-02
-2.4469E-02
-2.7708E-02
-3.0129E-02
-3.2789E-02
-3.4858E-02
-3.6596E-02
-4.0320E-02
-4.3152E-02
-4.2709E-02
-4.4218E-02
-4.3414E-02
-4.1219E-02
-3.7023E-02
-3.1550E-02
-2.6398E-02
-2.4421E-02
-2.7315E-02
-2.5530E-02
-1.3061E-02
-2.6371E-03
7.6241E-03
1.6838E-02
2.1808E-02
3.1799E-02
4.6539E-02
5.5328E-02
6.3085E-02
7.2945E-02
7.5654E-02
7.7914E-02
8.1317E-02
7.8651E-02
8.1025E-02
7.7828E-02
6.2951E-02
4.7196E-02
3.3648E-02
2.4853E-02
1.5937E-02
5.4234E-03
-3.9388E-03
-1.4638E-02
-2.2885E-02
-2.8493E-02
-2.9892E-02
-2.9089E-02
-2.9626E-02
-3.0003E-02
-2.2802E-02
-1.4065E-02
-2.3532E-03
9.1012E-03
1.7569E-02
2.8217E-02
3.4932E-02
4.2122E-02
5.2655E-02
5.6145E-02
5.9240E-02
6.7259E-02
7.4351E-02
8.0056E-02
7.9456E-02
7.5975E-02
7.6450E-02
7.4731E-02
7.0280E-02
7.1547E-02
6.9601E-02
5.6813E-02
4.9226E-02
4.7083E-02
4.8508E-02
5.0406E-02
4.7169E-02
4.8516E-02
4.9027E-02
4.5510E-02
5.1091E-02
6.3433E-02
7.0538E-02
7.2722E-02
7.8183E-02
8.6278E-02
9.4952E-02
1.0574E-01
1.1439E-01
1.1419E-01
1.1300E-01
1.1526E-01
1.2129E-01
1.2441E-01
1.2212E-01
1.2094E-01
1.1942E-01
1.1739E-01
1.1660E-01
1.1401E-01
1.0710E-01
1.0086E-01
1.0259E-01
1.0722E-01
1.0920E-01
1.0689E-01
1.0429E-01
1.0304E-01
1.0131E-01
1.0069E-01
1.0190E-01
9.8932E-02
9.0663E-02
8.0928E-02
7.5240E-02
7.2495E-02
6.9009E-02
6.6579E-02
6.1740E-02
5.1806E-02
4.4975E-02
3.7281E-02
3.1364E-02
2.7180E-02
1.7358E-02
7.3154E-03
4.4849E-04
-7.0417E-03
-1.2542E-02
-1.8991E-02
-2.9884E-02
-3.9170E-02
-4.1621E-02
-4.6396E-02
-4.9811E-02
-5.3253E-02
-6.0666E-02
-6.5639E-02
-6.6635E-02
-6.6055E-02
-6.1778E-02
-5.9621E-02
-6.2101E-02
-6.0489E-02
-5.6022E-02
-5.0634E-02
-4.5029E-02
-4.2468E-02
-4.2158E-02
-4.2280E-02
-4.5528E-02
-4.5285E-02
-4.4010E-02
-4.8201E-02
-5.1425E-02
-5.2023E-02
-5.7590E-02
-6.1098E-02
-6.1743E-02
-6.6973E-02
-7.1486E-02
-7.3227E-02
-7.4234E-02
-7.5092E-02
-7.3016E-02
-6.9113E-02
-6.8718E-02
-6.5432E-02
-6.0609E-02
-5.7882E-02
-5.1462E-02
-4.6413E-02
-4.4629E-02
-4.1093E-02
-3.5484E-02
-3.0936E-02
-2.7936E-02
-2.7665E-02
-3.0894E-02
-3.4063E-02
-3.8083E-02
-4.2434E-02
-4.5233E-02
-4.6485E-02
-4.4837E-02
-4.2744E-02
-4.4278E-02
-4.5455E-02
-4.5736E-02
-4.5995E-02
-4.0277E-02
-3.0570E-02
-2.0267E-02
-7.3418E-03
-2.2517E-03
1.9192E-03
9.6742E-03
1.6062E-02
2.7922E-02
4.1352E-02
4.6663E-02
5.1386E-02
5.5787E-02
6.0445E-02
7.1129E-02
8.0584E-02
8.0448E-02
7.5611E-02
6.7720E-02
5.9108E-02
5.6974E-02
4.9495E-02
3.2199E-02
1.8104E-02
5.1031E-03
-7.3292E-03
-1.1219E-02
-1.3931E-02
-2.5111E-02
-3.7714E-02
-4.6570E-02
-4.6187E-02
-4.2876E-02
-4.0470E-02
-3.9850E-02
-3.9433E-02
-3.3781E-02
-2.1868E-02
-3.5250E-03
1.0004E-02
1.4572E-02
2.0181E-02
2.7293E-02
3.8153E-02
5.5256E-02
7.0421E-02
7.6674E-02
7.9527E-02
8.4787E-02
9.3089E-02
1.0386E-01
1.1280E-01
1.1160E-01
1.0969E-01
1.0576E-01
1.0292E-01
1.0642E-01
1.0670E-01
1.0397E-01
9.8911E-02
9.0077E-02
8.3542E-02
8.0291E-02
7.7014E-02
7.1549E-02
6.7889E-02
6.4824E-02
6.1807E-02
5.9502E-02
5.7553E-02
5.3751E-02
4.8438E-02
4.2033E-02
3.6028E-02
3.5153E-02
3.4222E-02
3.0849E-02
2.4369E-02
1.5034E-02
1.1454E-02
1.0107E-02
3.9681E-03
-3.8842E-03
-8.7515E-03
-1.8550E-02
-2.6422E-02
-2.9542E-02
-3.6276E-02
-4.2804E-02
-4.7835E-02
-5.4845E-02
-5.8279E-02
-6.4339E-02
-7.3658E-02
-7.7993E-02
-8.2592E-02
-8.9773E-02
-9.3490E-02
-9.8328E-02
-1.0186E-01
-1.0371E-01
-1.0785E-01
-1.0871E-01
-1.0916E-01
-1.1343E-01
-1.1598E-01
-1.1680E-01
-1.1888E-01
-1.2125E-01
-1.2394E-01
-1.2912E-01
-1.3130E-01
-1.3200E-01
-1.3791E-01
-1.4405E-01
-1.4318E-01
-1.4233E-01
-1.4027E-01
-1.3601E-01
-1.3560E-01
-1.3199E-01
-1.2286E-01
-1.1402E-01
-1.0563E-01
-1.0064E-01
-9.6194E-02
-8.6455E-02
-7.6963E-02
-7.2602E-02
-7.0978E-02
-7.0990E-02
-7.1279E-02
-7.1464E-02
-7.4895E-02
-7.7976E-02
-7.9115E-02
-8.2368E-02
-8.3005E-02
-8.2939E-02
-8.4457E-02
-8.5320E-02
-8.5879E-02
-8.8524E-02
-9.2825E-02
-9.7220E-02
-9.7275E-02
-9.7611E-02
-1.0063E-01
-9.9124E-02
-9.9325E-02
-9.7702E-02
-9.0742E-02
-8.6582E-02
-8.3533E-02
-7.8712E-02
-7.4455E-02
-7.1387E-02
-6.7849E-02
-6.1131E-02
-5.4740E-02
-4.9424E-02
-4.4285E-02
-3.9186E-02
-3.5038E-02
-3.1160E-02
-2.6811E-02
-2.2359E-02
-1.5058E-02
-1.1729E-02
-1.0564E-02
-8.5701E-03
-6.6394E-03
1.2073E-03
8.0339E-03
1.0167E-02
1.4400E-02
1.8598E-02
2.3007E-02
2.8034E-02
3.1938E-02
3.6159E-02
4.2014E-02
4.8076E-02
5.1362E-02
5.3619E-02
5.9598E-02
6.4167E-02
6.5648E-02
6.8187E-02
7.0820E-02
7.2539E-02
7.2695E-02
7.3445E-02
7.3831E-02
7.2877E-02
7.2171E-02
7.0568E-02
6.4002E-02
5.8312E-02
5.4855E-02
4.9984E-02
4.6309E-02
4.3747E-02
4.0956E-02
3.8634E-02
3.8366E-02
3.9877E-02
4.3368E-02
4.4563E-02
4.6034E-02
5.0235E-02
5.4446E-02
5.8330E-02
6.3896E-02
6.9419E-02
7.3620E-02
7.7340E-02
7.8742E-02
8.0439E-02
8.1247E-02
7.9081E-02
7.4819E-02
6.9524E-02
5.9901E-02
4.8942E-02
4.0326E-02
3.0842E-02
1.9165E-02
9.6575E-03
2.3374E-03
-5.2567E-03
-1.2465E-02
-1.8508E-02
-2.5143E-02
-2.9914E-02
-3.3567E-02
-3.7087E-02
-4.0754E-02
-4.4226E-02
-4.6093E-02
-4.6631E-02
-4.7017E-02
-4.4652E-02
-3.9456E-02
-3.4219E-02
-2.9190E-02
-1.7673E-02
-3.6246E-03
8.7872E-03
1.8967E-02
2.3880E-02
2.7533E-02
3.3283E-02
3.7369E-02
4.0567E-02
4.2627E-02
4.2068E-02
4.0188E-02
3.7397E-02
3.3176E-02
2.8526E-02
2.3819E-02
1.9557E-02
1.4143E-02
1.0866E-02
9.9130E-03
7.2402E-03
5.8554E-03
6.0011E-03
5.7585E-03
8.7884E-03
1.2091E-02
1.4126E-02
1.7838E-02
2.0699E-02
2.2487E-02
2.7525E-02
3.2216E-02
3.5969E-02
4.2736E-02
4.6844E-02
4.7884E-02
5.1825E-02
5.4955E-02
5.6141E-02
5.8613E-02
5.9352E-02
5.9849E-02
6.2415E-02
6.3992E-02
6.5210E-02
6.7263E-02
6.7673E-02
6.8347E-02
6.8146E-02
6.8770E-02
7.1972E-02
7.6039E-02
7.7783E-02
8.1072E-02
8.5200E-02
8.7851E-02
9.2219E-02
9.6518E-02
9.9302E-02
1.0189E-01
1.0292E-01
1.0119E-01
1.0129E-01
1.0215E-01
1.0013E-01
9.6498E-02
9.3430E-02
9.1932E-02
8.9067E-02
8.5260E-02
8.4003E-02
7.8250E-02
7.0511E-02
6.5297E-02
6.0507E-02
5.6091E-02
5.2146E-02
4.6447E-02
4.3200E-02
4.0677E-02
3.7322E-02
3.7198E-02
3.6795E-02
3.4031E-02
3.1841E-02
3.1761E-02
3.1270E-02
3.0532E-02
2.9308E-02
2.7507E-02
2.6506E-02
2.6292E-02
2.5007E-02
2.4120E-02
2.4864E-02
2.3833E-02
2.2944E-02
2.2640E-02
1.9857E-02
1.9408E-02
1.9486E-02
1.6515E-02
1.3909E-02
1.0688E-02
6.7666E-03
5.0852E-03
1.4366E-03
-3.1710E-03
-5.0212E-03
-9.3205E-03
-1.5186E-02
-1.9204E-02
-2.2632E-02
-2.4157E-02
-2.6408E-02
-2.9855E-02
-3.0306E-02
-3.1451E-02
-3.2434E-02
-3.1598E-02
-3.0902E-02
-2.8240E-02
-2.6262E-02
-2.1196E-02
-1.4908E-02
-1.0727E-02
-8.1002E-03
-3.6012E-03
9.4742E-04
3.8707E-03
9.3994E-03
1.3716E-02
1.5867E-02
1.8221E-02
2.0885E-02
2.5273E-02
2.8818E-02
3.0366E-02
3.1890E-02
2.9999E-02
2.7208E-02
2.5806E-02
2.1991E-02
1.8188E-02
1.3939E-02
1.1348E-02
7.6072E-03
2.3113E-03
1.7863E-05
-2.7843E-03
-8.4816E-03
-1.3569E-02
-2.0095E-02
-2.6817E-02
-3.3046E-02
-4.0786E-02
-4.6230E-02
-4.8492E-02
-5.3552E-02
-5.8848E-02
-6.0570E-02
-6.5301E-02
-7.1655E-02
-7.4839E-02
-7.6915E-02
-7.9536E-02
-8.1244E-02
-8.5631E-02
-9.0501E-02
-9.0867E-02
-9.2983E-02
-9.2306E-02
-9.0469E-02
-9.1020E-02
-9.0086E-02
-8.7451E-02
-8.6728E-02
-8.3006E-02
-7.7375E-02
-7.2073E-02
-6.7095E-02
-6.2343E-02
-5.8965E-02
-5.3576E-02
-4.8409E-02
-4.3777E-02
-3.9686E-02
-3.5388E-02
-3.2122E-02
-2.9513E-02
-2.6962E-02
-2.5001E-02
-2.3201E-02
-2.1098E-02
-2.0898E-02
-2.0687E-02
-1.9719E-02
-2.1484E-02
-2.3586E-02
-2.4322E-02
-2.4443E-02
-2.4019E-02
-2.4644E-02
-2.4185E-02
-2.1951E-02
-1.9871E-02
-1.8788E-02
-1.6766E-02
-1.4283E-02
-1.2189E-02
-1.0769E-02
-9.3291E-03
-7.5912E-03
-6.0146E-03
-5.0475E-03
-2.8261E-03
-1.4588E-03
-6.6767E-04
3.6083E-04
1.9434E-03
2.4754E-03
5.5019E-03
8.1738E-03
7.2346E-03
6.2562E-03
6.0902E-03
3.7118E-03
3.8422E-03
1.7583E-03
-5.5369E-04
-2.4997E-03
-4.5750E-03
-6.3377E-03
-8.6267E-03
-9.2968E-03
-1.1409E-02
-1.2553E-02
-1.1390E-02
-1.1113E-02
-9.0448E-03
-6.0025E-03
-3.9593E-03
-4.9116E-04
4.9350E-03
9.0638E-03
1.1852E-02
1.4119E-02
1.6919E-02
1.9787E-02
2.2895E-02
2.6466E-02
2.9207E-02
2.9066E-02
2.7338E-02
2.5673E-02
2.2690E-02
1.8872E-02
1.4712E-02
7.4096E-03
1.2441E-03
-4.8030E-03
-1.1436E-02
-1.5976E-02
-2.0061E-02
-2.4510E-02
-2.8404E-02
-3.0522E-02
-3.2331E-02
-3.6031E-02
-3.8129E-02
-4.0327E-02
-4.0574E-02
-3.8513E-02
-3.5896E-02
-3.4052E-02
-3.4125E-02
-3.5981E-02
-3.3868E-02
-2.9883E-02
-2.5910E-02
-2.3412E-02
-2.3341E-02
-2.5198E-02
-2.3763E-02
-2.0621E-02
-1.9599E-02
-1.7728E-02
-1.7371E-02
-1.9112E-02
-2.0191E-02
-2.0052E-02
-1.9036E-02
-2.0683E-02
-2.1648E-02
-2.0122E-02
-1.9132E-02
-2.0208E-02
-1.8215E-02
-1.4609E-02
-1.0934E-02
-7.0112E-03
-4.2481E-03
-3.4478E-03
-1.1229E-03
3.0541E-03
6.3951E-03
9.7342E-03
1.4830E-02
1.7264E-02
1.8908E-02
2.1944E-02
2.3746E-02
2.3777E-02
2.4869E-02
2.6079E-02
2.7392E-02
2.5927E-02
2.2975E-02
2.1872E-02
2.0157E-02
1.9166E-02
1.8183E-02
1.5801E-02
1.1584E-02
8.4540E-03
6.4026E-03
5.0474E-03
4.2326E-03
-6.8284E-04
-4.9484E-03
-7.6821E-03
-9.3006E-03
-9.5067E-03
-9.7220E-03
-1.0594E-02
-1.1019E-02
-1.0507E-02
-9.3276E-03
-7.2873E-03
-6.3290E-03
-6.2334E-03
-5.5090E-03
-2.0758E-03
1.2885E-03
2.5889E-03
4.6419E-03
8.3941E-03
1.0003E-02
1.2156E-02
1.4854E-02
1.6118E-02
1.7697E-02
1.8768E-02
1.7963E-02
1.8348E-02
1.9233E-02
2.0504E-02
2.0870E-02
2.1887E-02
2.3087E-02
2.6358E-02
2.9833E-02
3.2194E-02
3.5862E-02
3.8514E-02
3.9770E-02
4.1962E-02
4.3593E-02
4.6151E-02
4.9662E-02
5.0894E-02
5.1634E-02
5.2195E-02
5.2560E-02
5.2602E-02
5.2035E-02
5.0293E-02
4.7667E-02
4.4442E-02
3.9878E-02
3.4417E-02
2.8519E-02
2.1965E-02
1.5086E-02
8.1166E-03
1.1771E-03
-4.5604E-03
-1.0807E-02
-1.7113E-02
-2.2700E-02
-2.7563E-02
-3.0299E-02
-3.2468E-02
-3.5845E-02
-3.9009E-02
-4.0650E-02
-4.2027E-02
-4.0664E-02
-3.9002E-02
-3.7079E-02
-3.4313E-02
-3.1829E-02
-2.9015E-02
-2.4772E-02
-2.0167E-02
-1.5953E-02
-1.0608E-02
-5.8997E-03
-2.3608E-03
6.8539E-04
1.5043E-03
2.7792E-03
3.2620E-03
2.5208E-03
-6.9310E-04
-3.0794E-03
-6.6721E-03
-1.0377E-02
-1.3441E-02
-1.8157E-02
-2.1956E-02
-2.4359E-02
-2.8759E-02
-3.3808E-02
-3.7579E-02
-4.1476E-02
-4.3804E-02
-4.5968E-02
-4.8375E-02
-4.9569E-02
-5.1513E-02
-5.2233E-02
-5.1400E-02
-5.1776E-02
-5.1261E-02
-4.9150E-02
-4.9529E-02
-5.0447E-02
-4.9785E-02
-4.8804E-02
-4.7852E-02
-4.5565E-02
-4.5131E-02
-4.4170E-02
-4.2904E-02
-4.2175E-02
-3.9768E-02
-3.7282E-02
-3.4808E-02
-3.1835E-02
-3.1131E-02
-3.0464E-02
-2.9750E-02
-2.9795E-02
-2.7915E-02
-2.7659E-02
-2.6753E-02
-2.4651E-02
-2.4797E-02
-2.2847E-02
-2.0798E-02
-2.0769E-02
-1.9793E-02
-1.9657E-02
-2.0947E-02
-1.9725E-02
-1.9475E-02
-1.9298E-02
-1.8877E-02
-1.9941E-02
-2.0270E-02
-1.9367E-02
-1.9646E-02
-1.8989E-02
-1.6710E-02
-1.6758E-02
-1.7012E-02
-1.6088E-02
-1.5263E-02
-1.3705E-02
-1.3165E-02
-1.4180E-02
-1.5350E-02
-1.5303E-02
-1.6026E-02
-1.6744E-02
-1.7703E-02
-1.7387E-02
-1.5646E-02
-1.3426E-02
-1.1228E-02
-8.8391E-03
-4.0459E-03
-9.9836E-04
1.3848E-03
5.2956E-03
7.7621E-03
1.0107E-02
1.3080E-02
1.4996E-02
1.7105E-02
1.9980E-02
2.0302E-02
2.1030E-02
2.1998E-02
2.2122E-02
2.2089E-02
2.2527E-02
2.2341E-02
2.1171E-02
1.7542E-02
1.4064E-02
1.0837E-02
7.1620E-03
4.1385E-03
5.0924E-04
-2.8928E-03
-5.2012E-03
-7.3081E-03
-9.9394E-03
-1.1024E-02
-1.1933E-02
-1.3242E-02
-1.4583E-02
-1.5958E-02
-1.6613E-02
-1.7836E-02
-1.9140E-02
-1.9508E-02
-1.9353E-02
-2.0124E-02
-2.1992E-02
-2.3889E-02
-2.5213E-02
-2.6032E-02
-2.5600E-02
-2.5084E-02
-2.4843E-02
-2.3745E-02
-2.3477E-02
-2.1200E-02
-1.6520E-02
-1.3550E-02
-9.6227E-03
-3.5603E-03
1.5562E-03
5.9707E-03
1.1206E-02
1.6869E-02
2.1964E-02
2.6879E-02
3.1565E-02
3.5550E-02
3.7770E-02
3.7323E-02
3.8979E-02
4.0575E-02
4.1201E-02
4.1203E-02
4.1048E-02
4.1001E-02
4.0129E-02
3.9665E-02
3.9588E-02
3.9142E-02
3.9434E-02
3.8327E-02
3.6866E-02
3.5749E-02
3.4366E-02
3.4870E-02
3.6202E-02
3.6592E-02
3.5612E-02
3.3904E-02
3.3957E-02
3.4374E-02
3.5165E-02
3.5259E-02
3.6400E-02
3.6773E-02
3.7253E-02
3.7800E-02
3.7801E-02
3.9131E-02
4.1219E-02
4.2478E-02
4.3921E-02
4.4357E-02
4.3908E-02
4.4436E-02
4.4961E-02
4.7367E-02
4.8324E-02
4.8744E-02
4.9990E-02
4.9602E-02
5.0913E-02
5.3559E-02
5.5854E-02
5.7442E-02
5.8166E-02
5.8412E-02
5.8072E-02
5.7160E-02
5.6381E-02
5.5682E-02
5.3414E-02
5.1478E-02
5.0021E-02
4.7264E-02
4.3590E-02
4.1950E-02
4.0217E-02
3.6909E-02
3.4698E-02
3.2316E-02
3.0992E-02
2.9526E-02
2.7867E-02
2.7243E-02
2.7869E-02
2.8290E-02
2.8555E-02
3.0312E-02
3.2306E-02
3.3057E-02
3.5667E-02
3.7645E-02
3.9031E-02
4.0332E-02
4.1071E-02
4.0994E-02
4.1003E-02
4.1842E-02
4.2495E-02
4.3758E-02
4.3989E-02
4.1538E-02
3.9828E-02
3.8061E-02
3.6950E-02
3.3669E-02
3.0542E-02
2.5932E-02
2.0297E-02
1.4726E-02
1.0741E-02
7.6310E-03
4.3556E-03
1.2418E-03
-1.3936E-03
-3.6703E-03
-6.2203E-03
-8.9677E-03
-9.3459E-03
-1.1825E-02
-1.3611E-02
-1.4516E-02
-1.6445E-02
-1.7896E-02
-1.8449E-02
-1.9211E-02
-1.9819E-02
-1.9909E-02
-2.0399E-02
-2.1523E-02
-2.1552E-02
-2.2625E-02
-2.3309E-02
-2.3387E-02
-2.3123E-02
-2.2063E-02
-2.1929E-02
-2.2709E-02
-2.3284E-02
-2.3390E-02
-2.3201E-02
-2.2364E-02
-2.0179E-02
-2.1044E-02
-2.1725E-02
-2.1289E-02
-2.1677E-02
-2.1755E-02
-2.0125E-02
-1.9357E-02
-1.8401E-02
-1.9823E-02
-2.1013E-02
-2.1342E-02
-2.2196E-02
-2.2452E-02
-2.2744E-02
-2.4403E-02
-2.6456E-02
-2.8517E-02
-2.9907E-02
-3.1449E-02
-3.3480E-02
-3.6356E-02
-3.8650E-02
-4.1671E-02
-4.4397E-02
-4.5802E-02
-4.7035E-02
-4.9086E-02
-4.8954E-02
-4.9554E-02
-5.0314E-02
-4.9892E-02
-4.8972E-02
-4.8073E-02
-4.6283E-02
-4.6398E-02
-4.5573E-02
-4.4399E-02
-4.4000E-02
-4.3283E-02
-4.2080E-02
-4.1226E-02
-3.9514E-02
-3.8748E-02
-3.8443E-02
-3.8821E-02
-3.8603E-02
-3.8760E-02
-3.8004E-02
-3.7270E-02
-3.7028E-02
-3.6611E-02
-3.5291E-02
-3.2228E-02
-2.8982E-02
-2.6726E-02
-2.5026E-02
-2.3272E-02
-2.1320E-02
-1.9918E-02
-1.8898E-02
-1.7558E-02
-1.6033E-02
-1.5112E-02
-1.3914E-02
-1.2610E-02
-9.9770E-03
-7.8731E-03
-4.6470E-03
-2.3580E-03
-3.4138E-04
1.1001E-03
3.0020E-03
4.9928E-03
7.6519E-03
9.6203E-03
1.2104E-02
1.4641E-02
1.7229E-02
2.0062E-02
2.3927E-02
2.6276E-02
2.8768E-02
3.1531E-02
3.5195E-02
3.8878E-02
4.1854E-02
4.4583E-02
4.7936E-02
5.0862E-02
5.4383E-02
5.7169E-02
5.9814E-02
6.2643E-02
6.4830E-02
6.7352E-02
6.9243E-02
7.0589E-02
7.1915E-02
7.1596E-02
7.0716E-02
7.1094E-02
6.9978E-02
6.8061E-02
6.7757E-02
6.5318E-02
6.3497E-02
6.2625E-02
6.0657E-02
5.9246E-02
5.8018E-02
5.6464E-02
5.4995E-02
5.2580E-02
5.1259E-02
5.0468E-02
5.0112E-02
4.9179E-02
4.8321E-02
4.7453E-02
4.5751E-02
4.4023E-02
4.3615E-02
4.2589E-02
4.1578E-02
4.0639E-02
3.8112E-02
3.6868E-02
3.5727E-02
3.3669E-02
3.3799E-02
3.3096E-02
3.1659E-02
3.1308E-02
3.1398E-02
3.0325E-02
2.9643E-02
3.0078E-02
3.0247E-02
3.0583E-02
3.1060E-02
3.1642E-02
3.2655E-02
3.3008E-02
3.3081E-02
3.3272E-02
3.3472E-02
3.1651E-02
3.1436E-02
3.1211E-02
3.0697E-02
2.9277E-02
2.9042E-02
2.8429E-02
2.8047E-02
2.8306E-02
2.7721E-02
2.7152E-02
2.7134E-02
2.6663E-02
2.5784E-02
2.5116E-02
2.3819E-02
2.1782E-02
1.9621E-02
1.6519E-02
1.5125E-02
1.3465E-02
1.0637E-02
7.6285E-03
5.2179E-03
2.7714E-03
1.8457E-03
-2.2718E-04
-1.5888E-03
-3.1452E-03
-5.7374E-03
-7.1719E-03
-7.8715E-03
-8.6864E-03
-9.1032E-03
-1.2068E-02
-1.3288E-02
-1.4368E-02
-1.5726E-02
-1.7069E-02
-1.8133E-02
-2.0227E-02
-2.1830E-02
-2.2575E-02
-2.4062E-02
-2.5393E-02
-2.6147E-02
-2.8151E-02
-2.9836E-02
-3.0998E-02
-3.1526E-02
-3.2074E-02
-3.3516E-02
-3.5138E-02
-3.6142E-02
-3.8111E-02
-3.9294E-02
-4.1027E-02
-4.3170E-02
-4.6628E-02
-4.9219E-02
-5.1283E-02
-5.3936E-02
-5.6596E-02
-5.9032E-02
-6.2448E-02
-6.4823E-02
-6.6492E-02
-6.8919E-02
-7.1579E-02
-7.3531E-02
-7.6749E-02
-7.9158E-02
-8.0948E-02
-8.2838E-02
-8.4178E-02
-8.5722E-02
-8.6856E-02
-8.6382E-02
-8.6136E-02
-8.5806E-02
-8.5869E-02
-8.5463E-02
-8.4811E-02
-8.3920E-02
-8.2684E-02
-8.1830E-02
-8.1563E-02
-8.0390E-02
-7.9136E-02
-7.8027E-02
-7.6281E-02
-7.5634E-02
-7.6435E-02
-7.6886E-02
-7.7926E-02
-7.7111E-02
-7.6926E-02
-7.7994E-02
-7.9176E-02
-8.0255E-02
-8.1255E-02
-8.0603E-02
-8.1076E-02
-8.2662E-02
-8.3926E-02
-8.4188E-02
-8.4944E-02
-8.5225E-02
-8.5266E-02
-8.5510E-02
-8.4538E-02
-8.3395E-02
-8.2194E-02
-8.1469E-02
-8.0820E-02
-7.9583E-02
-8.0129E-02
-7.9597E-02
-7.8313E-02
-7.7678E-02
-7.6901E-02
-7.5369E-02
-7.2846E-02
-6.9627E-02
-6.6218E-02
-6.3497E-02
-5.9816E-02
-5.6178E-02
-5.2294E-02
-4.7999E-02
-4.4118E-02
-4.0995E-02
-3.7267E-02
-3.1964E-02
-2.7698E-02
-2.3817E-02
-1.9470E-02
-1.5197E-02
-1.1682E-02
-7.8772E-03
-3.7906E-03
-9.3017E-04
2.1380E-03
4.1457E-03
6.3209E-03
9.0312E-03
1.0877E-02
1.1630E-02
1.3292E-02
1.4097E-02
1.5169E-02
1.6819E-02
1.5646E-02
1.4222E-02
1.3777E-02
1.4191E-02
1.3346E-02
1.3178E-02
1.2925E-02
1.2723E-02
1.3174E-02
1.4122E-02
1.4120E-02
1.4404E-02
1.5914E-02
1.7672E-02
1.8554E-02
1.8217E-02
1.9728E-02
2.1591E-02
2.3373E-02
2.5177E-02
2.8783E-02
3.1540E-02
3.3130E-02
3.5837E-02
3.7947E-02
4.1161E-02
4.3437E-02
4.6219E-02
4.9246E-02
5.2822E-02
5.5296E-02
5.8512E-02
6.1670E-02
6.5075E-02
6.9184E-02
7.2887E-02
7.6241E-02
7.9204E-02
8.2787E-02
8.6377E-02
8.9427E-02
9.2287E-02
9.4112E-02
9.5876E-02
9.7270E-02
9.8499E-02
9.9023E-02
9.8974E-02
9.8188E-02
9.7791E-02
9.6982E-02
9.5806E-02
9.4648E-02
9.2401E-02
8.9776E-02
8.7561E-02
8.4519E-02
8.0620E-02
7.6462E-02
7.2617E-02
6.8226E-02
6.4475E-02
6.0520E-02
5.6368E-02
5.2266E-02
4.8451E-02
4.4491E-02
4.1635E-02
3.7894E-02
3.3968E-02
3.0614E-02
2.7026E-02
2.3379E-02
1.9855E-02
1.5659E-02
1.2126E-02
8.5498E-03
5.3391E-03
2.4259E-03
1.9864E-04
-2.4125E-03
-4.1484E-03
-5.1382E-03
-5.0622E-03
-5.3842E-03
-5.1041E-03
-3.7703E-03
-2.1014E-03
-4.7613E-04
1.8783E-03
4.4887E-03
7.0102E-03
9.3307E-03
1.2712E-02
1.5942E-02
1.8872E-02
2.0420E-02
2.3040E-02
2.5439E-02
2.7831E-02
3.0090E-02
3.0831E-02
3.1582E-02
3.2473E-02
3.3002E-02
3.3285E-02
3.3039E-02
3.1680E-02
2.9997E-02
2.7336E-02
2.4287E-02
2.2624E-02
1.9388E-02
1.6809E-02
1.4448E-02
1.2205E-02
1.0237E-02
8.7762E-03
7.3322E-03
5.6918E-03
4.3565E-03
3.2107E-03
1.8693E-03
8.2154E-04
-2.1895E-04
-1.1561E-03
-2.2972E-03
-3.7210E-03
-5.4617E-03
-6.6572E-03
-8.6356E-03
-1.0497E-02
-1.2998E-02
-1.5371E-02
-1.7457E-02
-2.0813E-02
-2.3570E-02
-2.7222E-02
-3.0086E-02
-3.2578E-02
-3.6842E-02
-3.9330E-02
-4.2731E-02
-4.4618E-02
-4.5537E-02
-4.7359E-02
-4.9126E-02
-4.8706E-02
-4.8227E-02
-4.9223E-02
-4.7936E-02
-4.6062E-02
-4.5679E-02
-4.3002E-02
-4.1373E-02
-3.9546E-02
-3.7463E-02
-3.5718E-02
-3.4412E-02
-3.2404E-02
-3.1192E-02
-2.9695E-02
-2.9134E-02
-2.9127E-02
-3.0073E-02
-3.0063E-02
-3.0785E-02
-3.2153E-02
-3.3284E-02
-3.4833E-02
-3.6772E-02
-3.7173E-02
-3.8054E-02
-3.9554E-02
-3.9559E-02
-3.9866E-02
-3.9386E-02
-3.8346E-02
-3.7464E-02
-3.6107E-02
-3.3650E-02
-3.1392E-02
-2.9905E-02
-2.7050E-02
-2.4762E-02
-2.2286E-02
-2.0118E-02
-1.8658E-02
-1.7708E-02
-1.5938E-02
-1.5459E-02
-1.4769E-02
-1.3753E-02
-1.3254E-02
-1.2740E-02
-1.1547E-02
-1.1071E-02
-1.0472E-02
-9.7309E-03
-8.8371E-03
-8.7325E-03
-7.8242E-03
-7.7226E-03
-6.7880E-03
-6.1758E-03
-4.6043E-03
-3.6906E-03
-2.4785E-03
-2.1819E-05
2.2968E-03
4.1957E-03
6.1519E-03
7.4836E-03
9.9384E-03
1.2497E-02
1.4493E-02
1.6192E-02
1.7954E-02
1.8901E-02
2.0451E-02
2.2261E-02
2.3466E-02
2.4927E-02
2.6478E-02
2.5980E-02
2.5995E-02
2.6623E-02
2.7356E-02
2.7397E-02
2.8214E-02
2.9129E-02
2.9311E-02
2.9735E-02
2.9824E-02
3.0426E-02
3.1186E-02
3.0562E-02
3.1819E-02
3.2488E-02
3.2466E-02
3.3251E-02
3.4125E-02
3.5304E-02
3.5739E-02
3.6248E-02
3.7591E-02
3.7463E-02
3.7620E-02
3.8021E-02
3.8144E-02
3.8093E-02
3.7940E-02
3.6926E-02
3.6700E-02
3.5637E-02
3.4396E-02
3.3300E-02
3.2582E-02
3.0282E-02
2.8314E-02
2.6670E-02
2.4932E-02
2.2413E-02
2.0988E-02
1.9503E-02
1.7287E-02
1.5019E-02
1.3849E-02
1.1218E-02
9.0649E-03
7.6825E-03
5.2257E-03
2.4759E-03
8.2176E-04
-8.9617E-04
-2.7029E-03
-4.2980E-03
-5.1353E-03
-6.5169E-03
-6.6974E-03
-7.4760E-03
-7.9075E-03
-8.4321E-03
-8.2993E-03
-8.5736E-03
-9.2014E-03
-8.9841E-03
-8.2315E-03
-8.8615E-03
-7.0801E-03
-5.6069E-03
-4.8269E-03
-3.8550E-03
-2.7143E-03
-2.4782E-03
-1.0206E-03
5.7817E-05
7.8735E-04
1.6340E-03
2.0796E-03
1.7304E-03
2.3493E-03
3.1646E-03
3.1998E-03
3.6598E-03
4.3112E-03
3.6168E-03
3.3351E-03
2.7953E-03
2.9129E-03
2.6337E-03
2.0168E-03
1.6083E-03
1.6219E-03
9.9521E-04
2.3021E-03
2.9081E-03
3.0003E-03
4.6976E-03
6.4621E-03
7.4072E-03
8.9408E-03
9.6199E-03
1.1695E-02
1.3781E-02
1.4747E-02
1.6772E-02
1.7815E-02
1.7863E-02
1.8950E-02
1.9017E-02
1.9325E-02
1.9625E-02
1.9295E-02
1.8539E-02
1.8123E-02
1.6959E-02
1.6231E-02
1.4721E-02
1.4239E-02
1.2856E-02
1.2320E-02
1.1560E-02
1.0740E-02
9.7441E-03
9.4745E-03
9.2131E-03
8.2843E-03
7.7638E-03
8.3972E-03
7.6388E-03
7.3755E-03
7.5882E-03
7.9902E-03
6.7557E-03
6.5517E-03
5.2544E-03
5.3020E-03
4.3585E-03
4.1233E-03
3.7501E-03
2.5448E-03
1.2678E-03
5.3294E-04
3.2775E-04
2.9762E-04
-1.0007E-03
-1.6713E-03
-2.6538E-03
-3.0621E-03
-2.8748E-03
-2.1678E-03
-2.7419E-03
-2.8943E-03
-2.7742E-03
-2.6538E-03
-2.3803E-03
-1.8038E-03
-2.0381E-03
-2.0173E-03
-2.2654E-03
-2.8108E-03
-3.5298E-03
-3.8296E-03
-4.9168E-03
-5.9205E-03
-6.6428E-03
-7.0527E-03
-8.3581E-03
-9.7891E-03
-1.1228E-02
-1.3057E-02
-1.6022E-02
-1.7053E-02
-2.0026E-02
-2.3055E-02
-2.5246E-02
-2.7675E-02
-2.9713E-02
-3.1523E-02
-3.3998E-02
-3.5446E-02
-3.6284E-02
-3.7084E-02
-3.8153E-02
-3.8188E-02
-3.9772E-02
-4.0029E-02
-3.9760E-02
-4.0030E-02
-3.9772E-02
-3.8776E-02
-3.8592E-02
-3.7969E-02
-3.6420E-02
-3.5333E-02
-3.4923E-02
-3.4004E-02
-3.4226E-02
-3.3438E-02
-3.3199E-02
-3.2652E-02
-3.2651E-02
-3.1660E-02
-3.1739E-02
-3.1475E-02
-2.9624E-02
-2.8563E-02
-2.8364E-02
-2.6053E-02
-2.4833E-02
-2.3617E-02
-2.1520E-02
-1.9753E-02
-1.8006E-02
-1.5584E-02
-1.3898E-02
-1.1301E-02
-8.3837E-03
-6.5401E-03
-5.3068E-03
-3.5901E-03
-2.6536E-03
-1.6129E-03
-5.3296E-04
1.0346E-04
5.7287E-04
1.2919E-03
8.7011E-04
3.1901E-04
8.8049E-04
2.5653E-05
-1.1903E-03
-2.3335E-03
-4.3513E-03
-4.8996E-03
-5.7591E-03
-6.6440E-03
-7.5095E-03
-7.3763E-03
-7.5031E-03
-7.2634E-03
-6.1328E-03
-6.6016E-03
-6.1130E-03
-5.4892E-03
-5.0547E-03
-4.1615E-03
-3.3634E-03
-2.8027E-03
-2.3715E-03
-8.3751E-04
8.8367E-04
2.4175E-03
3.4830E-03
5.4559E-03
6.9231E-03
8.2590E-03
1.0266E-02
1.1622E-02
1.1849E-02
1.3807E-02
1.4334E-02
1.5296E-02
1.6451E-02
1.6902E-02
1.7311E-02
1.7259E-02
1.8313E-02
1.8950E-02
1.9374E-02
1.9047E-02
1.8647E-02
1.9031E-02
1.8847E-02
1.8896E-02
1.7904E-02
1.7415E-02
1.6655E-02
1.6500E-02
1.5575E-02
1.5655E-02
1.5244E-02
1.3980E-02
1.3428E-02
1.3438E-02
1.3439E-02
1.3292E-02
1.2688E-02
1.2383E-02
1.2300E-02
1.1536E-02
1.0737E-02
1.0483E-02
9.8687E-03
1.0263E-02
1.0276E-02
1.0899E-02
1.1311E-02
1.0939E-02
1.1369E-02
1.1322E-02
1.1256E-02
1.1914E-02
1.1784E-02
1.2526E-02
1.1615E-02
1.2494E-02
1.3127E-02
1.3428E-02
1.3841E-02
1.3681E-02
1.2870E-02
1.3142E-02
1.2030E-02
1.1078E-02
1.0183E-02
8.5555E-03
6.7163E-03
5.9692E-03
5.0674E-03
3.8738E-03
2.9262E-03
1.6703E-03
-1.8301E-04
-1.2435E-03
-2.8713E-03
-4.3277E-03
-6.0442E-03
-7.3892E-03
-9.4043E-03
-1.1057E-02
-1.2328E-02
-1.3757E-02
-1.4749E-02
-1.5556E-02
-1.7117E-02
-1.7776E-02
-1.8062E-02
-1.8440E-02
-1.9139E-02
-1.9547E-02
-1.9716E-02
-1.9519E-02
-2.0468E-02
-2.0602E-02
-2.0226E-02
-2.0354E-02
-2.0125E-02
-1.9735E-02
-1.9889E-02
-1.8738E-02
-1.8688E-02
-1.8372E-02
-1.7480E-02
-1.6793E-02
-1.6218E-02
-1.5412E-02
-1.5501E-02
-1.4335E-02
-1.2608E-02
-1.1974E-02
-1.1450E-02
-9.7875E-03
-9.1248E-03
-8.3803E-03
-6.5223E-03
-5.3661E-03
-4.8793E-03
-4.3408E-03
-5.1274E-03
-4.4881E-03
-4.9343E-03
-4.3938E-03
-4.8427E-03
-4.1778E-03
-3.8766E-03
-4.0478E-03
-4.0852E-03
-3.4218E-03
-2.9921E-03
-2.9311E-03
-2.7395E-03
-1.8356E-03
-1.8689E-03
-1.0404E-03
3.4294E-06
8.6188E-04
1.9650E-03
3.1906E-03
4.1896E-03
6.0133E-03
6.9011E-03
9.1041E-03
1.0600E-02
1.1583E-02
1.3607E-02
1.5239E-02
1.5698E-02
1.7825E-02
1.9346E-02
2.0407E-02
2.2637E-02
2.4153E-02
2.5359E-02
2.6285E-02
2.7535E-02
2.8847E-02
2.9363E-02
3.0337E-02
3.0367E-02
3.1475E-02
3.1567E-02
3.2324E-02
3.2914E-02
3.2921E-02
3.2542E-02
3.2420E-02
3.1578E-02
3.0707E-02
2.9259E-02
2.7645E-02
2.5677E-02
2.4165E-02
2.2959E-02
2.1771E-02
2.0484E-02
1.9239E-02
1.8243E-02
1.7289E-02
1.5632E-02
1.4785E-02
1.4049E-02
1.1761E-02
1.0235E-02
1.0169E-02
7.9420E-03
6.8460E-03
5.8506E-03
5.1517E-03
3.3750E-03
1.9500E-03
4.3990E-04
-6.1382E-04
-2.4642E-03
-3.8980E-03
-5.3118E-03
-6.6759E-03
-8.7699E-03
-9.6626E-03
-1.2084E-02
-1.3640E-02
-1.5283E-02
-1.7509E-02
-1.9478E-02
-2.1148E-02
-2.3481E-02
-2.4457E-02
-2.6386E-02
-2.8256E-02
-2.9951E-02
-3.1689E-02
-3.4045E-02
-3.4879E-02
-3.6049E-02
-3.6996E-02
-3.8365E-02
-3.9118E-02
-4.0356E-02
-4.1097E-02
-4.1918E-02
-4.2270E-02
-4.3042E-02
-4.3312E-02
-4.3210E-02
-4.3538E-02
-4.4127E-02
-4.4422E-02
-4.4995E-02
-4.4200E-02
-4.4299E-02
-4.4395E-02
-4.3691E-02
-4.2601E-02
-4.1917E-02
-4.0140E-02
-3.8118E-02
-3.5575E-02
-3.3873E-02
-3.1594E-02
-2.9217E-02
-2.5933E-02
-2.2849E-02
-1.8775E-02
-1.5462E-02
-1.1722E-02
-8.0911E-03
-4.4932E-03
-7.1711E-04
3.1573E-03
5.8474E-03
9.4955E-03
1.2219E-02
1.4793E-02
1.7520E-02
2.0539E-02
2.2921E-02
2.5468E-02
2.7412E-02
2.9491E-02
3.1644E-02
3.3459E-02
3.4511E-02
3.6697E-02
3.7581E-02
3.9361E-02
4.0591E-02
4.0975E-02
4.1170E-02
4.2276E-02
4.2218E-02
4.2215E-02
4.1317E-02
3.9285E-02
3.7710E-02
3.6357E-02
3.3118E-02
3.1313E-02
2.9473E-02
2.6960E-02
2.4308E-02
2.2866E-02
2.1040E-02
1.9913E-02
1.8568E-02
1.6711E-02
1.5011E-02
1.4504E-02
1.2754E-02
1.2253E-02
1.1147E-02
1.0315E-02
9.6441E-03
8.8770E-03
7.5468E-03
6.6082E-03
6.4915E-03
5.7600E-03
4.9349E-03
4.6390E-03
3.0611E-03
2.4486E-03
1.5270E-03
7.8064E-04
2.5066E-04
-1.1343E-03
-2.8571E-03
-3.1523E-03
-5.5866E-03
-6.9832E-03
-7.9563E-03
-9.6180E-03
-1.1157E-02
-1.2477E-02
-1.4578E-02
-1.5499E-02
-1.7186E-02
-1.7523E-02
-1.8605E-02
-1.9164E-02
-2.0114E-02
-2.1482E-02
-2.2819E-02
-2.3242E-02
-2.4422E-02
-2.5727E-02
-2.6473E-02
-2.7157E-02
-2.9248E-02
-2.9635E-02
-3.0756E-02
-3.1691E-02
-3.2543E-02
-3.3226E-02
-3.3999E-02
-3.3978E-02
-3.4212E-02
-3.3696E-02
-3.3143E-02
-3.2165E-02
-3.0937E-02
-2.9098E-02
-2.7847E-02
-2.5726E-02
-2.3630E-02
-2.1035E-02
-1.9008E-02
-1.6647E-02
-1.4947E-02
-1.2415E-02
-1.0425E-02
-9.0379E-03
-7.6994E-03
-6.5305E-03
-6.2469E-03
-6.0831E-03
-5.5648E-03
-5.1806E-03
-5.0906E-03
-4.6847E-03
-4.8393E-03
-4.7839E-03
-4.1022E-03
-4.1765E-03
-3.8813E-03
-3.1339E-03
-3.4251E-03
-3.9400E-03
-4.1229E-03
-3.7484E-03
-4.0306E-03
-3.0493E-03
-2.2522E-03
-1.3464E-03
-1.4629E-04
6.5009E-04
1.2600E-03
2.9596E-03
3.5318E-03
4.3874E-03
4.8728E-03
5.6447E-03
4.6982E-03
4.9925E-03
4.0703E-03
3.5697E-03
2.8645E-03
1.2333E-03
-9.0745E-05
-8.6572E-04
-2.7059E-03
-3.7925E-03
-4.6905E-03
-6.2149E-03
-7.7429E-03
-8.5586E-03
-1.0641E-02
-1.2080E-02
-1.2654E-02
-1.3215E-02
-1.4061E-02
-1.3381E-02
-1.4506E-02
-1.4722E-02
-1.4298E-02
-1.3455E-02
-1.2762E-02
-1.0883E-02
-9.7758E-03
-7.8761E-03
-6.6286E-03
-5.2400E-03
-3.5969E-03
-1.8210E-03
-9.6055E-05
2.1926E-03
2.7017E-03
5.0548E-03
7.1706E-03
8.7474E-03
1.0051E-02
1.0983E-02
1.1088E-02
1.1914E-02
1.1701E-02
1.2573E-02
1.2517E-02
1.2814E-02
1.3273E-02
1.3647E-02
1.3909E-02
1.3700E-02
1.4885E-02
1.4525E-02
1.3544E-02
1.4054E-02
1.3523E-02
1.3980E-02
1.4417E-02
1.4605E-02
1.4422E-02
1.5798E-02
1.6459E-02
1.7358E-02
1.8173E-02
1.9670E-02
2.0711E-02
2.2030E-02
2.2823E-02
2.4012E-02
2.5527E-02
2.7395E-02
2.8858E-02
3.1442E-02
3.3560E-02
3.5619E-02
3.8217E-02
4.0969E-02
4.3284E-02
4.6259E-02
4.8679E-02
5.1028E-02
5.3136E-02
5.5912E-02
5.6884E-02
5.9433E-02
6.0558E-02
6.2200E-02
6.2583E-02
6.3427E-02
6.3021E-02
6.1967E-02
6.0907E-02
6.0323E-02
5.8906E-02
5.7285E-02
5.4261E-02
5.1931E-02
4.8726E-02
4.6523E-02
4.4202E-02
4.1220E-02
3.8913E-02
3.6731E-02
3.4090E-02
3.3407E-02
3.1449E-02
3.0598E-02
2.9097E-02
2.7979E-02
2.7008E-02
2.6314E-02
2.5698E-02
2.5748E-02
2.4640E-02
2.3913E-02
2.3507E-02
2.3520E-02
2.2891E-02
2.2408E-02
2.1848E-02
2.1024E-02
2.0337E-02
2.0347E-02
1.9300E-02
1.8393E-02
1.7870E-02
1.6828E-02
1.6806E-02
1.6518E-02
1.5251E-02
1.4879E-02
1.3349E-02
1.2662E-02
1.1884E-02
1.0828E-02
1.0521E-02
9.3866E-03
7.7057E-03
7.1699E-03
6.0199E-03
4.6583E-03
3.4304E-03
2.7316E-03
1.1259E-03
-2.5968E-04
-2.1107E-03
-3.1395E-03
-4.1653E-03
-5.4818E-03
-7.5138E-03
-8.6413E-03
-1.0299E-02
-1.1168E-02
-1.2862E-02
-1.3813E-02
-1.5164E-02
-1.6125E-02
-1.7175E-02
-1.7829E-02
-1.9007E-02
-1.8980E-02
-1.9949E-02
-2.0042E-02
-2.0795E-02
-2.0360E-02
-2.0131E-02
-2.0472E-02
-1.9770E-02
-1.9181E-02
-1.9694E-02
-1.8271E-02
-1.8563E-02
-1.7649E-02
-1.7077E-02
-1.6020E-02
-1.6226E-02
-1.5690E-02
-1.5201E-02
-1.5823E-02
-1.5144E-02
-1.5314E-02
-1.6366E-02
-1.5861E-02
-1.6257E-02
-1.6335E-02
-1.7195E-02
-1.7488E-02
-1.8334E-02
-1.9182E-02
-2.0572E-02
-2.1309E-02
-2.1921E-02
-2.1883E-02
-2.2926E-02
-2.3939E-02
-2.4533E-02
-2.4286E-02
-2.5445E-02
-2.5692E-02
-2.6381E-02
-2.7142E-02
-2.7762E-02
-2.7586E-02
-2.7840E-02
-2.7598E-02
-2.8483E-02
-2.8367E-02
-2.8181E-02
-2.8011E-02
-2.7919E-02
-2.7438E-02
-2.7689E-02
-2.7564E-02
-2.6879E-02
-2.5947E-02
-2.5319E-02
-2.4416E-02
-2.3610E-02
-2.2065E-02
-2.1794E-02
-2.0312E-02
-1.9340E-02
-1.8932E-02
-1.8602E-02
-1.7919E-02
-1.6716E-02
-1.5700E-02
-1.5891E-02
-1.5892E-02
-1.5402E-02
-1.4909E-02
-1.4371E-02
-1.2815E-02
-1.4093E-02
-1.4047E-02
-1.3716E-02
-1.4682E-02
-1.4344E-02
-1.2554E-02
-1.3708E-02
-1.3236E-02
-1.2602E-02
-1.2062E-02
-1.2850E-02
-1.0573E-02
-1.1084E-02
-1.2019E-02
-1.0935E-02
-1.1046E-02
-1.2025E-02
-1.1919E-02
-1.2155E-02
-1.1799E-02
-1.2509E-02
-1.2560E-02
-1.3792E-02
-1.4039E-02
-1.4128E-02
-1.4432E-02
-1.4303E-02
-1.4633E-02
-1.4675E-02
-1.3753E-02
-1.4282E-02
-1.3514E-02
-1.1865E-02
-1.1705E-02
-1.0757E-02
-9.3748E-03
-8.2966E-03
-6.7762E-03
-5.0816E-03
-4.0107E-03
-3.1819E-03
-2.3513E-03
-1.6073E-03
-8.9638E-04
-8.7215E-04
-2.4286E-05
-3.2633E-04
-3.4946E-04
-3.7739E-04
-1.6901E-03
-2.3939E-03
-3.1700E-03
-5.0137E-03
-5.5098E-03
-7.1210E-03
-8.1276E-03
-9.4141E-03
-1.0445E-02
-1.1919E-02
-1.2295E-02
-1.2798E-02
-1.2952E-02
-1.3937E-02
-1.3857E-02
-1.3916E-02
-1.3040E-02
-1.3115E-02
-1.2362E-02
-1.2593E-02
-1.1783E-02
-1.1444E-02
-1.0824E-02
-1.0435E-02
-9.7869E-03
-1.0137E-02
-9.3866E-03
-9.3647E-03
-8.7848E-03
-8.5645E-03
-7.8630E-03
-7.6476E-03
-6.4477E-03
-5.5287E-03
-4.7885E-03
-4.1947E-03
-2.5203E-03
-1.7487E-03
-1.0318E-03
-1.4483E-04
1.6945E-03
1.6774E-03
3.0333E-03
3.1800E-03
3.8462E-03
3.7591E-03
4.7138E-03
4.4326E-03
4.5779E-03
4.2250E-03
4.8978E-03
5.7634E-03
5.9441E-03
5.4569E-03
5.9763E-03
5.6858E-03
6.3809E-03
6.4832E-03
6.8798E-03
7.0032E-03
7.0203E-03
6.6062E-03
7.0425E-03
6.3184E-03
6.7847E-03
6.2335E-03
5.5210E-03
5.1892E-03
4.9150E-03
4.6484E-03