2.2310E+03
1.0000E-02
9.5779E-03
9.5768E-03
9.5759E-03
9.5744E-03
9.5732E-03
9.5714E-03
9.5699E-03
9.5681E-03
9.5658E-03
9.5618E-03
9.5563E-03
9.5489E-03
9.5375E-03
9.5227E-03
9.5107E-03
9.5053E-03
9.5019E-03
9.5041E-03
9.5009E-03
9.4908E-03
9.4773E-03
9.4651E-03
9.4476E-03
9.4262E-03
9.3973E-03
9.3688E-03
9.3309E-03
9.2924E-03
9.2437E-03
9.1974E-03
9.1395E-03
9.0818E-03
9.0106E-03
8.9402E-03
8.8539E-03
8.7672E-03
8.6627E-03
8.5787E-03
8.4899E-03
8.3986E-03
8.1848E-03
7.9033E-03
7.5234E-03
7.1138E-03
7.2642E-03
8.0574E-03
9.0343E-03
9.6085E-03
8.9197E-03
8.0072E-03
7.1157E-03
6.4888E-03
5.9002E-03
5.6162E-03
5.4882E-03
5.2833E-03
5.1431E-03
5.2558E-03
5.4619E-03
5.5467E-03
5.7465E-03
7.0375E-03
8.5886E-03
8.1262E-03
6.8966E-03
5.6451E-03
4.4977E-03
4.0573E-03
3.6488E-03
3.2131E-03
2.8217E-03
2.4171E-03
1.9909E-03
1.5519E-03
1.1155E-03
7.3640E-04
3.3775E-04
-5.4999E-05
-4.3846E-04
-8.7499E-04
-1.3211E-03
-1.1919E-03
-5.8225E-04
8.9333E-05
5.7437E-04
7.7578E-04
9.6679E-04
1.1815E-03
1.4000E-03
1.6557E-03
1.6417E-03
1.3447E-03
1.0250E-03
7.1059E-04
3.9263E-04
5.9859E-05
-5.9172E-04
-1.3254E-03
-2.1197E-03
-2.8841E-03
-2.8202E-03
-2.6291E-03
-2.5053E-03
-2.2795E-03
-2.0891E-03
-1.8342E-03
-1.5924E-03
-1.3878E-03
-1.1702E-03
-3.3292E-05
1.5916E-03
3.1925E-03
4.7818E-03
6.5122E-03
8.4142E-03
8.8226E-03
6.1718E-03
3.2297E-03
2.7708E-04
-2.8196E-03
-3.4198E-03
-3.5562E-03
-3.5627E-03
-1.9199E-03
-9.9542E-05
1.8729E-03
3.8385E-03
2.4053E-03
-3.3468E-04
-2.7470E-03
-5.3956E-03
-8.5443E-03
-1.1356E-02
-9.4290E-03
-6.6585E-03
-5.0925E-03
-2.7789E-03
4.0342E-03
1.2405E-02
7.7866E-03
-3.5847E-04
-6.9876E-03
-6.2526E-03
-5.6729E-04
4.4880E-03
1.0247E-02
1.6386E-02
2.2840E-02
2.4855E-02
2.0996E-02
1.6500E-02
1.2328E-02
7.2599E-03
2.6701E-03
-2.0029E-05
-2.3487E-03
-5.1319E-03
-5.3766E-03
-4.2791E-03
-2.9428E-03
-1.9560E-03
-5.2591E-04
2.6807E-03
7.9279E-03
1.3653E-02
1.8026E-02
1.2706E-02
6.2864E-03
7.5907E-04
-6.0476E-03
-1.2751E-02
-1.5418E-02
-1.3635E-02
-1.1843E-02
-9.9745E-03
-7.3282E-03
-4.5768E-03
-1.8146E-03
7.3787E-04
3.2088E-03
5.8509E-03
7.9746E-03
6.9136E-03
5.5292E-03
4.3306E-03
2.7935E-03
2.1122E-03
2.6066E-03
3.3316E-03
4.0328E-03
3.2742E-03
8.3995E-04
-1.6654E-03
-4.1878E-03
-6.5338E-03
-8.5803E-03
-1.0585E-02
-1.1217E-02
-1.0841E-02
-1.0577E-02
-9.9371E-03
-9.0120E-03
-1.1443E-02
-1.8697E-02
-2.6050E-02
-3.3595E-02
-4.2168E-02
-4.4551E-02
-3.7025E-02
-2.8930E-02
-2.6987E-02
-2.8532E-02
-3.0114E-02
-3.2136E-02
-3.3987E-02
-3.1860E-02
-2.9204E-02
-2.6954E-02
-2.4244E-02
-2.1670E-02
-1.9204E-02
-1.6724E-02
-1.4287E-02
-1.1606E-02
-9.4048E-03
-1.0108E-02
-1.1186E-02
-1.1924E-02
-1.3011E-02
-1.4170E-02
-1.5320E-02
-1.4898E-02
-1.3721E-02
-1.3428E-02
-1.4737E-02
-1.6063E-02
-1.7368E-02
-1.8864E-02
-2.0265E-02
-2.2237E-02
-2.4636E-02
-2.6769E-02
-2.9037E-02
-3.1461E-02
-3.3941E-02
-3.6573E-02
-3.9271E-02
-4.0246E-02
-3.8963E-02
-3.7459E-02
-3.5777E-02
-3.4114E-02
-3.3714E-02
-3.4568E-02
-3.5554E-02
-3.6616E-02
-3.7173E-02
-3.7591E-02
-3.8188E-02
-3.7700E-02
-3.5013E-02
-3.2177E-02
-2.9866E-02
-2.5358E-02
-1.4815E-02
-3.6441E-03
5.8145E-03
1.5529E-02
2.4499E-02
3.0845E-02
3.6613E-02
4.2949E-02
4.8782E-02
5.2322E-02
5.5066E-02
5.8488E-02
5.8577E-02
5.2658E-02
4.5946E-02
3.9256E-02
3.2039E-02
3.1052E-02
3.2360E-02
3.3311E-02
3.1628E-02
2.8202E-02
2.5328E-02
2.1954E-02
1.5698E-02
8.2851E-03
-1.3072E-03
-1.4152E-02
-2.8613E-02
-4.2072E-02
-3.7739E-02
-2.6351E-02
-1.6078E-02
-4.2039E-03
4.3826E-03
1.1506E-02
1.8806E-02
2.5810E-02
2.9174E-02
3.1994E-02
3.4688E-02
4.1765E-02
5.6870E-02
7.2156E-02
7.9129E-02
8.0716E-02
8.1514E-02
8.2320E-02
8.9587E-02
1.0048E-01
1.1082E-01
1.2281E-01
1.3398E-01
1.3312E-01
1.2433E-01
1.1591E-01
1.0727E-01
9.8642E-02
8.2917E-02
6.0614E-02
3.7453E-02
1.4673E-02
-6.6736E-03
-2.6466E-02
-4.6639E-02
-6.0508E-02
-6.8515E-02
-7.5657E-02
-8.3401E-02
-9.1552E-02
-9.7053E-02
-8.5438E-02
-7.1524E-02
-5.8803E-02
-5.1007E-02
-5.1015E-02
-5.1383E-02
-5.1856E-02
-4.8133E-02
-4.2413E-02
-3.7074E-02
-3.1312E-02
-2.5602E-02
-2.0067E-02
-1.4182E-02
-7.9300E-03
-6.1838E-03
-1.0913E-02
-1.6089E-02
-2.0870E-02
-2.6830E-02
-3.2416E-02
-3.3000E-02
-2.7486E-02
-2.1976E-02
-1.6291E-02
-1.0341E-02
-4.2360E-03
1.5845E-03
7.5248E-03
1.3324E-02
1.9291E-02
2.4766E-02
3.0141E-02
3.4955E-02
4.0367E-02
4.6525E-02
4.8444E-02
3.7886E-02
2.7413E-02
1.2815E-02
-1.4863E-02
-2.5684E-02
-1.6134E-02
-7.8803E-03
1.4714E-03
1.3441E-02
1.6266E-02
-1.6334E-03
-2.1195E-02
-3.2818E-02
-3.8933E-02
-4.4387E-02
-5.0315E-02
-5.5705E-02
-5.5930E-02
-4.8793E-02
-4.2094E-02
-4.6932E-02
-5.3466E-02
-3.4982E-02
-3.6399E-03
2.3136E-02
3.9930E-02
5.6114E-02
6.9027E-02
7.9643E-02
9.2939E-02
1.0424E-01
9.8522E-02
8.7652E-02
7.9678E-02
6.9582E-02
5.0995E-02
1.7295E-02
-1.7975E-02
-5.5027E-02
-7.0755E-02
-5.4401E-02
-3.3945E-02
-1.4864E-02
-6.6726E-03
-2.3683E-02
-4.5372E-02
-6.4850E-02
-3.7613E-02
3.8020E-03
3.6265E-02
4.6710E-02
5.4608E-02
6.5230E-02
5.4515E-02
3.5611E-02
1.6535E-02
-2.7882E-03
-2.1906E-02
-3.8822E-02
-5.6708E-02
-7.5859E-02
-8.7719E-02
-7.3690E-02
-5.5958E-02
-3.9761E-02
-3.4868E-02
-4.6859E-02
-5.8674E-02
-6.4170E-02
-6.6376E-02
-6.9025E-02
-7.1214E-02
-7.3357E-02
-7.1691E-02
-6.9765E-02
-6.7570E-02
-6.5075E-02
-6.3965E-02
-7.0240E-02
-7.6952E-02
-8.0910E-02
-8.1292E-02
-8.1675E-02
-8.0207E-02
-7.5081E-02
-6.0296E-02
-4.4772E-02
-3.0295E-02
-1.2769E-02
3.9167E-03
-2.1646E-03
-2.1376E-02
-3.9128E-02
-5.8379E-02
-7.9188E-02
-9.9422E-02
-1.0862E-01
-1.1643E-01
-1.2795E-01
-1.3297E-01
-1.1075E-01
-8.4341E-02
-5.8318E-02
-3.0387E-02
-4.1440E-02
-6.3322E-02
-8.2399E-02
-8.3548E-02
-6.8434E-02
-5.3779E-02
-3.7706E-02
-1.9762E-02
-1.0185E-02
-1.3588E-02
-1.6233E-02
-1.0810E-02
-1.0858E-02
-1.2896E-02
-1.4208E-02
-1.6487E-02
-1.6145E-02
-2.7570E-03
1.3722E-02
2.1718E-02
5.5696E-03
-1.4006E-02
-3.2428E-02
-4.6559E-02
-4.3159E-02
-3.8483E-02
-3.9402E-02
-4.3698E-02
-4.8262E-02
-5.4410E-02
-6.0163E-02
-4.7533E-02
-3.0141E-02
-1.4465E-02
2.9967E-03
2.0202E-02
3.6803E-02
5.3064E-02
6.9586E-02
8.6061E-02
1.0229E-01
1.1874E-01
1.3505E-01
1.5045E-01
1.6404E-01
1.8012E-01
1.9519E-01
1.9336E-01
1.6213E-01
1.2803E-01
9.5333E-02
6.1228E-02
2.6124E-02
-1.2317E-02
-3.5704E-02
-7.3763E-03
2.6912E-02
5.6560E-02
9.2266E-02
1.2686E-01
1.6138E-01
1.9494E-01
2.3134E-01
2.5465E-01
2.6964E-01
2.8533E-01
3.0344E-01
3.0543E-01
2.7021E-01
2.3018E-01
1.9355E-01
1.7008E-01
1.5370E-01
1.3618E-01
1.2006E-01
1.0339E-01
8.8816E-02
7.4407E-02
6.2401E-02
3.7538E-02
-6.5994E-03
-4.4463E-02
-5.2936E-02
-6.0834E-02
-7.0008E-02
-7.3241E-02
-7.6174E-02
-7.9934E-02
-7.5515E-02
-6.2675E-02
-4.9147E-02
-3.6652E-02
-2.2512E-02
-6.7662E-03
1.2040E-03
-1.9299E-02
-4.2826E-02
-6.4057E-02
-8.8454E-02
-1.1281E-01
-1.3789E-01
-1.6071E-01
-1.7812E-01
-1.9586E-01
-2.1442E-01
-2.3067E-01
-2.4812E-01
-2.6703E-01
-2.8582E-01
-2.8770E-01
-2.7613E-01
-2.6503E-01
-2.5296E-01
-2.3577E-01
-2.1873E-01
-2.0095E-01
-1.8424E-01
-1.6866E-01
-1.3181E-01
-7.9532E-02
-2.7711E-02
2.4839E-02
7.7728E-02
1.3243E-01
1.8706E-01
2.1811E-01
2.2873E-01
2.4071E-01
2.4917E-01
2.5565E-01
2.5355E-01
2.4736E-01
2.4216E-01
2.1828E-01
1.6582E-01
1.1121E-01
6.5442E-02
3.5880E-02
7.2181E-03
-2.0162E-02
-3.2961E-02
-4.5478E-02
-5.4741E-02
-4.7621E-02
-3.9115E-02
-2.3998E-02
-5.2713E-03
-1.2136E-02
-4.7138E-02
-8.4032E-02
-1.2070E-01
-1.4810E-01
-1.6837E-01
-1.8979E-01
-1.9551E-01
-1.6760E-01
-1.3607E-01
-1.0668E-01
-7.4098E-02
-4.0923E-02
-7.8983E-03
5.0958E-03
6.8398E-03
2.7803E-04
-1.7416E-02
-3.6162E-02
-5.4791E-02
-7.4195E-02
-9.3811E-02
-1.1223E-01
-1.3093E-01
-1.5348E-01
-1.6382E-01
-1.2731E-01
-8.4656E-02
-4.7648E-02
-6.1015E-03
4.1663E-02
8.5731E-02
5.5471E-02
1.0888E-02
2.2672E-02
3.4470E-02
4.1594E-02
5.4204E-02
6.4779E-02
7.6088E-02
1.0562E-01
1.4378E-01
1.7393E-01
1.9246E-01
2.1390E-01
2.3614E-01
2.1530E-01
1.6001E-01
1.1702E-01
9.2604E-02
6.5860E-02
4.3299E-02
3.1751E-02
2.1133E-02
1.2149E-02
7.6816E-03
2.9748E-03
-1.7528E-03
-6.4731E-03
-7.6377E-03
-6.9978E-03
-6.2437E-03
-5.9665E-03
-5.0196E-03
5.8079E-04
7.1879E-03
1.3052E-02
1.9749E-02
2.6028E-02
3.2435E-02
3.7954E-02
4.3462E-02
4.8486E-02
5.5008E-02
6.1190E-02
5.2896E-02
3.1659E-02
1.1309E-02
-9.4937E-03
-3.3460E-02
-5.6653E-02
-5.0537E-02
-2.7211E-02
-4.9238E-03
1.9339E-02
4.4042E-02
6.8375E-02
9.4300E-02
1.2091E-01
1.2492E-01
1.0385E-01
8.1540E-02
5.8988E-02
3.4357E-02
1.6831E-02
2.9591E-03
-1.0735E-02
-2.4743E-02
-3.7378E-02
-5.0894E-02
-6.8078E-02
-7.8287E-02
-3.9672E-02
5.1623E-03
4.7425E-02
9.3091E-02
1.1505E-01
1.3503E-01
1.5075E-01
1.2684E-01
9.9039E-02
7.5303E-02
3.9287E-02
4.1389E-03
-3.1471E-02
-6.8080E-02
-1.0433E-01
-1.2326E-01
-1.4116E-01
-1.6021E-01
-1.6841E-01
-1.7297E-01
-1.7788E-01
-1.5234E-01
-1.0725E-01
-6.8093E-02
-4.6460E-02
-2.7778E-02
-7.8535E-03
2.2605E-02
6.3439E-02
6.6929E-02
5.4499E-02
4.5692E-02
3.4028E-02
1.7425E-02
-5.9533E-03
-2.8946E-02
-4.2497E-02
-4.7719E-02
-5.3464E-02
-5.7089E-02
-5.8151E-02
-5.9464E-02
-6.0015E-02
-5.2876E-02
-4.4997E-02
-3.7221E-02
-2.8580E-02
-2.7584E-02
-3.3452E-02
-3.9671E-02
-4.3230E-02
-4.9263E-02
-7.5295E-02
-9.3975E-02
-5.9154E-02
-2.0687E-02
1.3158E-02
5.5449E-02
9.4686E-02
1.0647E-01
1.1285E-01
1.3700E-01
1.6810E-01
2.0394E-01
2.3751E-01
2.6050E-01
2.7757E-01
2.9749E-01
2.9234E-01
2.7485E-01
2.6108E-01
2.4705E-01
2.1324E-01
1.6821E-01
1.2347E-01
7.7411E-02
3.3958E-02
-2.7219E-03
-4.2170E-02
-8.0283E-02
-7.8950E-02
-6.0331E-02
-4.4508E-02
-2.6079E-02
-6.5034E-03
1.6049E-02
2.2833E-02
-5.3058E-03
-3.8156E-02
-6.4925E-02
-9.0572E-02
-1.1449E-01
-1.3743E-01
-1.4687E-01
-1.5765E-01
-1.6709E-01
-1.7755E-01
-1.8622E-01
-1.9553E-01
-2.0283E-01
-2.1302E-01
-2.2260E-01
-2.3172E-01
-2.2403E-01
-2.0354E-01
-1.8124E-01
-1.5742E-01
-1.3447E-01
-1.3247E-01
-1.3116E-01
-1.1737E-01
-8.6030E-02
-5.6319E-02
-3.0578E-02
2.7151E-03
9.4756E-02
1.5600E-01
2.0300E-01
2.4350E-01
2.7321E-01
2.7367E-01
2.6147E-01
2.5808E-01
2.5746E-01
2.6282E-01
2.5013E-01
1.9674E-01
1.3772E-01
9.3103E-02
4.2970E-02
-4.3511E-03
-3.4554E-02
-5.4002E-02
-7.7025E-02
-9.6215E-02
-1.1703E-01
-1.3798E-01
-1.5949E-01
-1.5509E-01
-1.4896E-01
-1.4491E-01
-1.3827E-01
-1.1794E-01
-8.9545E-02
-6.0107E-02
-3.1900E-02
-1.9830E-03
3.0423E-02
5.8523E-02
4.2842E-02
2.1459E-02
4.3798E-03
-7.7149E-03
-1.4487E-02
-1.7246E-02
-1.6624E-02
-1.6344E-02
-6.8524E-03
1.0625E-02
2.8059E-02
4.5795E-02
6.3937E-02
8.2446E-02
1.0033E-01
1.1771E-01
1.3663E-01
1.5694E-01
1.5774E-01
1.4147E-01
1.2615E-01
1.1057E-01
9.3171E-02
7.6716E-02
5.8672E-02
4.0600E-02
3.7991E-02
5.6131E-02
7.4676E-02
9.3793E-02
1.1318E-01
1.3227E-01
1.5468E-01
1.7655E-01
1.6233E-01
1.3205E-01
1.0981E-01
9.6389E-02
8.2937E-02
7.0788E-02
5.8597E-02
2.8127E-02
-1.2173E-02
-5.5717E-02
-9.4405E-02
-7.7025E-02
-5.2864E-02
-3.4886E-02
-8.7464E-03
1.6926E-02
1.9652E-02
-1.0559E-02
-4.3627E-02
-6.5084E-02
-5.7388E-02
-4.8186E-02
-5.6560E-02
-6.3524E-02
-6.9914E-02
-7.7372E-02
-8.2728E-02
-8.6942E-02
-9.1146E-02
-9.4719E-02
-1.0943E-01
-1.2991E-01
-1.5093E-01
-1.7224E-01
-1.9535E-01
-2.1603E-01
-2.4261E-01
-2.7419E-01
-2.9498E-01
-2.7550E-01
-2.4792E-01
-2.2389E-01
-2.2673E-01
-2.5405E-01
-2.8199E-01
-2.8005E-01
-2.3796E-01
-2.0482E-01
-2.0632E-01
-2.0966E-01
-2.1138E-01
-1.8719E-01
-1.6740E-01
-1.7144E-01
-1.4786E-01
-4.9639E-02
-3.5290E-02
-4.7970E-02
-3.9703E-02
-4.4298E-02
-4.8697E-02
-3.8187E-02
3.0369E-02
9.1352E-02
1.1188E-01
1.2998E-01
1.5370E-01
1.7259E-01
1.9411E-01
2.0940E-01
2.2534E-01
2.4156E-01
2.5651E-01
2.7031E-01
3.2178E-01
3.7577E-01
4.0941E-01
4.3697E-01
4.6742E-01
4.8578E-01
4.7993E-01
4.6169E-01
4.4374E-01
4.2200E-01
3.9550E-01
3.7247E-01
3.4595E-01
2.5168E-01
1.7436E-01
1.5546E-01
1.4608E-01
1.3796E-01
1.3467E-01
1.3169E-01
1.1080E-01
8.2064E-02
5.1184E-02
1.0995E-02
-3.5962E-02
-8.3763E-02
-1.2516E-01
-1.5995E-01
-1.9369E-01
-2.1656E-01
-2.1696E-01
-2.1388E-01
-2.1722E-01
-2.2518E-01
-2.3378E-01
-2.4453E-01
-2.4897E-01
-2.3921E-01
-2.3048E-01
-2.2122E-01
-2.1022E-01
-2.0705E-01
-2.0800E-01
-2.0787E-01
-2.0619E-01
-2.0439E-01
-2.0894E-01
-2.2358E-01
-2.4011E-01
-2.5572E-01
-2.5169E-01
-2.2292E-01
-1.9247E-01
-1.6440E-01
-1.5677E-01
-1.5952E-01
-1.4982E-01
-6.3061E-02
-2.4227E-02
-8.6628E-03
1.8415E-02
3.9921E-02
1.1476E-01
1.7381E-01
1.6416E-01
1.4964E-01
1.4125E-01
1.2477E-01
1.1398E-01
8.9990E-02
4.3821E-02
5.8008E-03
4.8298E-03
1.3917E-03
-6.9018E-04
-1.6649E-03
-3.7127E-03
-1.7887E-02
-3.0872E-02
-4.5441E-02
-5.7967E-02
-7.3024E-02
-8.9339E-02
-9.8707E-02
-6.2270E-02
-2.2000E-02
1.5713E-02
5.5687E-02
9.7958E-02
1.4193E-01
1.6461E-01
1.4244E-01
1.1922E-01
1.2572E-01
1.4939E-01
1.7139E-01
1.9741E-01
2.2307E-01
2.3034E-01
2.1309E-01
1.9560E-01
1.8946E-01
1.9427E-01
1.9843E-01
2.0526E-01
2.0971E-01
2.1538E-01
2.1906E-01
2.3455E-01
2.5226E-01
2.6986E-01
2.4640E-01
2.1823E-01
1.9296E-01
1.6541E-01
1.3881E-01
1.0746E-01
7.8133E-02
9.6793E-02
1.3057E-01
1.6049E-01
1.9852E-01
2.3497E-01
2.2729E-01
1.9695E-01
1.6890E-01
1.3791E-01
1.0331E-01
6.9296E-02
3.6469E-02
9.1478E-04
-4.1546E-02
-8.0753E-02
-8.7188E-02
-8.8755E-02
-9.3770E-02
-9.3958E-02
-1.0826E-01
-1.3415E-01
-1.6548E-01
-1.9143E-01
-1.8133E-01
-1.6525E-01
-1.5525E-01
-1.3672E-01
-1.2394E-01
-1.0660E-01
-8.5018E-02
-5.6302E-02
-3.0406E-02
1.3465E-03
-7.5399E-04
-2.7054E-02
-6.0220E-02
-8.7140E-02
-1.2193E-01
-1.5088E-01
-1.9724E-01
-2.1755E-01
-2.2256E-01
-2.6646E-01
-5.0550E-01
-4.8652E-01
-4.0497E-01
-3.7917E-01
-3.1552E-01
-2.6049E-01
-1.9364E-01
-1.5607E-01
-1.6474E-01
-1.8391E-01
-1.9554E-01
-2.1926E-01
-2.2765E-01
-2.3236E-01
-2.3203E-01
-2.3616E-01
-2.3367E-01
-2.3662E-01
-2.4307E-01
-2.5364E-01
-2.6057E-01
-2.7096E-01
-2.7787E-01
-2.9167E-01
-3.1099E-01
-3.3357E-01
-3.5602E-01
-3.8624E-01
-4.1502E-01
-4.2598E-01
-4.0397E-01
-3.8324E-01
-3.6051E-01
-3.3778E-01
-3.1384E-01
-2.9185E-01
-2.6873E-01
-2.4547E-01
-2.2353E-01
-2.3314E-01
-2.5415E-01
-2.7306E-01
-2.9108E-01
-3.1859E-01
-3.5164E-01
-3.6862E-01
-3.7582E-01
-3.8164E-01
-3.7642E-01
-3.7105E-01
-3.6499E-01
-3.4990E-01
-3.3334E-01
-3.1681E-01
-2.9875E-01
-2.9943E-01
-3.1485E-01
-3.2994E-01
-3.4246E-01
-3.6065E-01
-3.7872E-01
-3.6909E-01
-3.2990E-01
-2.9603E-01
-2.5060E-01
-1.5002E-01
-4.3667E-02
5.9495E-02
1.6916E-01
2.5363E-01
3.1153E-01
3.5103E-01
3.8472E-01
4.1213E-01
3.9103E-01
3.6124E-01
3.4035E-01
3.1105E-01
2.8046E-01
2.5573E-01
2.7865E-01
3.0733E-01
3.3248E-01
3.3931E-01
3.1930E-01
2.9681E-01
2.7552E-01
2.5088E-01
2.2767E-01
2.0547E-01
1.8184E-01
1.5492E-01
1.4760E-01
1.7817E-01
2.1472E-01
2.5018E-01
2.6719E-01
2.7127E-01
2.9257E-01
3.2141E-01
3.4436E-01
3.4245E-01
3.3906E-01
3.3617E-01
3.3273E-01
3.2650E-01
3.2134E-01
3.4411E-01
3.7587E-01
4.0292E-01
4.3138E-01
4.6393E-01
5.1146E-01
5.2314E-01
5.2783E-01
5.3620E-01
5.3977E-01
5.3265E-01
5.2188E-01
5.1538E-01
5.1022E-01
4.7639E-01
3.8489E-01
3.3014E-01
3.2859E-01
3.2333E-01
3.1945E-01
3.1488E-01
3.0570E-01
2.9656E-01
2.5911E-01
1.8638E-01
1.4575E-01
1.2018E-01
1.1074E-01
1.0735E-01
1.0135E-01
9.9386E-02
9.6979E-02
8.3141E-02
4.9939E-02
1.7043E-02
-1.7622E-02
-5.4905E-02
-7.0411E-02
-5.1222E-02
-3.0053E-02
-1.0862E-02
1.2857E-02
4.0840E-02
5.6164E-02
4.9781E-02
4.3148E-02
3.4752E-02
2.3931E-02
4.1704E-02
8.3743E-02
1.0863E-01
9.6671E-02
8.2115E-02
6.9462E-02
5.5704E-02
5.5585E-02
5.6055E-02
5.6339E-02
5.7229E-02
5.8383E-02
5.8826E-02
6.1901E-02
7.0190E-02
7.9692E-02
8.8795E-02
9.4228E-02
9.1814E-02
8.9497E-02
8.6905E-02
8.4200E-02
8.0898E-02
7.8198E-02
7.7162E-02
7.7124E-02
7.6104E-02
7.6021E-02
7.8892E-02
8.5061E-02
9.3087E-02
1.0076E-01
8.2951E-02
5.0392E-02
1.7975E-02
-1.5698E-02
-4.4589E-02
-6.9746E-02
-9.4992E-02
-1.1977E-01
-1.4475E-01
-1.7092E-01
-1.9610E-01
-2.0782E-01
-2.0902E-01
-2.1041E-01
-2.1367E-01
-2.2485E-01
-2.3679E-01
-2.4825E-01
-2.6037E-01
-2.7215E-01
-2.8297E-01
-2.8378E-01
-2.8404E-01
-2.8466E-01
-2.8474E-01
-2.8457E-01
-2.8467E-01
-2.8466E-01
-2.8503E-01
-2.8417E-01
-2.8417E-01
-2.9324E-01
-3.0600E-01
-3.1547E-01
-3.2703E-01
-3.3830E-01
-3.4809E-01
-3.5402E-01
-3.4376E-01
-3.3095E-01
-3.1908E-01
-2.8189E-01
-2.4128E-01
-1.9990E-01
-1.5778E-01
-1.1488E-01
-7.2484E-02
-2.9826E-02
1.2432E-02
5.5230E-02
9.7418E-02
1.4065E-01
1.8155E-01
2.2513E-01
2.6576E-01
3.0995E-01
3.5740E-01
3.7548E-01
3.1517E-01
2.4685E-01
1.9498E-01
1.7680E-01
1.6430E-01
1.4829E-01
1.3856E-01
1.2596E-01
1.1483E-01
1.0311E-01
8.9781E-02
6.2752E-02
3.4495E-02
6.2512E-03
-1.2493E-02
-1.9890E-02
-2.3975E-02
-2.2949E-02
-1.9909E-02
-1.7795E-02
-1.5001E-02
-1.3111E-02
-9.9307E-03
-7.1489E-03
-1.2098E-02
-2.7590E-02
-4.3178E-02
-5.9130E-02
-7.0882E-02
-8.0637E-02
-8.9813E-02
-9.9973E-02
-1.1071E-01
-1.0989E-01
-8.9067E-02
-6.6986E-02
-4.5638E-02
-2.2439E-02
5.7024E-04
2.2926E-02
4.6189E-02
7.4892E-02
1.0396E-01
1.3180E-01
1.6346E-01
1.9327E-01
2.0762E-01
2.1563E-01
2.2718E-01
2.3593E-01
2.4389E-01
2.5364E-01
2.6202E-01
2.6923E-01
2.8009E-01
2.8298E-01
2.3954E-01
1.0231E-01
-9.5037E-03
-3.6963E-02
-6.4701E-02
-9.6734E-02
-1.2507E-01
-1.4097E-01
-1.0398E-01
-6.2110E-02
-2.4709E-02
2.2026E-02
6.5757E-02
6.7596E-02
4.9004E-02
3.4326E-02
1.5375E-02
-3.3377E-03
-2.2849E-02
-4.0488E-02
-6.1755E-02
-8.1104E-02
-7.7255E-02
-5.6034E-02
-3.7883E-02
-1.6946E-02
6.9893E-03
2.7115E-02
7.1423E-03
-1.7503E-02
-3.8520E-02
-5.5852E-02
-7.0467E-02
-8.4949E-02
-9.9803E-02
-1.1613E-01
-1.1679E-01
-8.9560E-02
-6.0246E-02
-3.2409E-02
-2.0832E-03
2.8768E-02
5.9197E-02
8.1080E-02
9.8670E-02
1.1625E-01
1.3475E-01
1.5385E-01
1.4441E-01
1.1465E-01
8.6026E-02
5.6275E-02
2.4800E-02
-5.8577E-03
-3.6135E-02
-6.9082E-02
-1.0138E-01
-1.0122E-01
-8.0156E-02
-6.0135E-02
-3.7205E-02
-1.6325E-02
-1.0421E-02
-7.2155E-03
4.7543E-03
2.6633E-02
4.9755E-02
7.5223E-02
1.0028E-01
8.9108E-02
6.6704E-02
4.7377E-02
2.4470E-02
2.0319E-03
-2.1064E-02
-4.3268E-02
-6.6859E-02
-8.8316E-02
-1.1064E-01
-1.3737E-01
-1.5807E-01
-1.2129E-01
-7.7527E-02
-3.9809E-02
5.0662E-03
4.7467E-02
9.0302E-02
1.3593E-01
1.8170E-01
1.8138E-01
1.3874E-01
9.4888E-02
5.1166E-02
3.6211E-03
-4.4508E-02
-9.2318E-02
-1.2006E-01
-1.3963E-01
-1.5996E-01
-1.7839E-01
-1.8428E-01
-1.8352E-01
-1.7647E-01
-1.6545E-01
-1.5687E-01
-1.4647E-01
-1.3627E-01
-1.2659E-01
-1.1548E-01
-1.0496E-01
-1.0970E-01
-1.2217E-01
-1.3347E-01
-1.4564E-01
-1.5853E-01
-1.7277E-01
-1.8119E-01
-1.8284E-01
-1.6777E-01
-1.5109E-01
-1.3553E-01
-1.1742E-01
-1.0053E-01
-8.3373E-02
-6.5026E-02
-4.6845E-02
-4.8786E-02
-5.9436E-02
-6.9138E-02
-8.1237E-02
-9.3949E-02
-9.1683E-02
-7.5816E-02
-5.9154E-02
-4.2323E-02
-2.6926E-02
-8.7989E-03
3.2771E-02
6.1372E-02
6.3802E-02
6.7525E-02
7.1483E-02
7.4131E-02
7.4482E-02
6.9579E-02
6.4033E-02
5.8916E-02
5.3062E-02
4.7517E-02
4.2128E-02
3.6050E-02
2.9455E-02
3.2672E-02
4.8920E-02
6.5707E-02
8.2192E-02
9.9990E-02
1.1751E-01
1.3458E-01
1.5140E-01
1.7231E-01
1.8493E-01
1.6763E-01
1.4648E-01
1.2739E-01
1.0456E-01
8.4769E-02
7.4735E-02
6.6502E-02
5.6688E-02
4.8412E-02
4.1053E-02
3.5928E-02
3.0522E-02
2.5188E-02
1.9559E-02
1.5966E-02
1.0723E-02
-1.1067E-02
-3.7100E-02
-6.0684E-02
-8.6746E-02
-1.1199E-01
-1.3828E-01
-1.6214E-01
-1.8842E-01
-2.1578E-01
-2.4267E-01
-2.3986E-01
-2.1731E-01
-1.9415E-01
-1.7111E-01
-1.4675E-01
-1.2087E-01
-9.6467E-02
-8.5853E-02
-7.7237E-02
-6.7130E-02
-5.7458E-02
-4.8260E-02
-5.1881E-02
-5.9840E-02
-6.7073E-02
-7.4964E-02
-8.2638E-02
-9.2711E-02
-1.0084E-01
-8.3932E-02
-6.0509E-02
-4.0381E-02
-1.6740E-02
5.6728E-03
2.9693E-02
5.1178E-02
7.3968E-02
1.0024E-01
1.2241E-01
9.1999E-02
5.3647E-02
2.6650E-02
1.3471E-02
3.3118E-03
-8.5971E-03
-1.8354E-02
-2.9217E-02
-3.2728E-02
-3.0519E-02
-2.7828E-02
-2.4393E-02
-2.0428E-02
-2.8117E-02
-4.4069E-02
-5.9906E-02
-7.6185E-02
-9.2338E-02
-1.0919E-01
-1.2727E-01
-1.3879E-01
-1.3018E-01
-1.1977E-01
-1.1075E-01
-9.9900E-02
-8.9253E-02
-7.7270E-02
-6.8677E-02
-7.6448E-02
-8.6165E-02
-9.4298E-02
-1.0418E-01
-1.1341E-01
-1.2455E-01
-1.3414E-01
-1.2867E-01
-1.1903E-01
-1.1153E-01
-1.0217E-01
-9.2509E-02
-8.2818E-02
-8.0288E-02
-8.0908E-02
-8.1602E-02
-8.2316E-02
-8.1320E-02
-7.8153E-02
-7.5070E-02
-7.2097E-02
-6.9214E-02
-6.2522E-02
-5.3182E-02
-4.3832E-02
-3.4506E-02
-2.4827E-02
-1.5295E-02
-5.6315E-03
3.8633E-03
1.3409E-02
2.3038E-02
3.2762E-02
4.1176E-02
4.8928E-02
5.6809E-02
6.0456E-02
6.0967E-02
6.1339E-02
6.1507E-02
6.2497E-02
6.3081E-02
5.3540E-02
3.6924E-02
2.0528E-02
1.7828E-03
-1.6174E-02
-1.3567E-02
-3.0612E-03
5.6160E-03
1.6406E-02
2.6985E-02
3.8031E-02
4.8147E-02
5.9221E-02
7.0655E-02
7.6032E-02
6.7606E-02
5.8608E-02
5.0011E-02
4.0352E-02
3.0386E-02
2.0530E-02
1.6163E-02
1.6069E-02
1.5663E-02
1.5764E-02
1.5959E-02
1.5983E-02
1.5911E-02
2.0212E-02
2.6186E-02
3.2282E-02
3.9037E-02
4.5596E-02
4.2730E-02
3.7536E-02
3.3106E-02
2.7750E-02
2.2578E-02
1.7535E-02
1.1700E-02
6.1302E-03
1.1016E-02
2.1935E-02
3.2108E-02
4.3092E-02
5.4280E-02
6.5683E-02
7.6285E-02
8.8268E-02
1.0048E-01
1.0140E-01
8.4738E-02
6.7464E-02
5.0053E-02
3.2161E-02
1.4155E-02
-6.2977E-03
-2.4654E-02
-1.2521E-02
3.7777E-03
1.6755E-02
3.3267E-02
4.9012E-02
6.5794E-02
7.9565E-02
8.8256E-02
9.6584E-02
1.0203E-01
9.4760E-02
8.6879E-02
7.9651E-02
7.1265E-02
6.3033E-02
5.4922E-02
4.6210E-02
3.7907E-02
3.5902E-02
3.5664E-02
3.4609E-02
3.4936E-02
3.4722E-02
2.9948E-02
2.2200E-02
1.5152E-02
7.3507E-03
-3.2512E-05
-8.1562E-03
-1.6324E-02
-1.8996E-02
-1.2633E-02
-6.0273E-03
6.7869E-04
7.6928E-03
1.5051E-02
2.2168E-02
2.8690E-02
3.2775E-02
3.6918E-02
4.1413E-02
4.5717E-02
4.3686E-02
3.8260E-02
3.3188E-02
2.7570E-02
2.1457E-02
1.9085E-02
2.0116E-02
2.1350E-02
2.2918E-02
2.4564E-02
1.9515E-02
1.3797E-02
8.2924E-03
1.5886E-03
-1.9580E-03
4.8165E-03
1.2468E-02
1.9344E-02
2.8160E-02
3.4854E-02
2.9240E-02
2.1891E-02
1.5993E-02
8.5627E-03
1.1222E-03
-6.6870E-03
-8.1934E-03
-5.6933E-03
-2.9566E-03
-3.1832E-04
2.8892E-03
6.0066E-03
8.9653E-03
9.5343E-03
9.8938E-03
1.0646E-02
1.0289E-02
5.8993E-03
1.2783E-03
-2.9066E-03
-7.7717E-03
-1.2460E-02
-1.5318E-02
-1.7966E-02
-2.0739E-02
-2.3336E-02
-2.6091E-02
-2.8740E-02
-2.9812E-02
-3.0474E-02
-3.1246E-02
-3.1745E-02
-3.2653E-02
-3.3609E-02
-3.0124E-02
-2.1509E-02
-1.2750E-02
-3.9910E-03
5.0045E-03
1.5225E-02
2.6933E-02
3.8590E-02
5.0269E-02
6.2526E-02
7.2267E-02
7.6629E-02
8.1579E-02
8.6143E-02
7.7402E-02
6.5375E-02
5.4588E-02
4.2532E-02
3.0407E-02
1.8146E-02
9.8491E-03
5.8288E-03
9.6396E-03
1.4684E-02
1.8942E-02
2.3972E-02
2.9675E-02
3.4880E-02
3.0826E-02
2.5504E-02
2.0980E-02
1.5458E-02
1.0371E-02
4.9336E-03
-3.5550E-04
-5.6646E-03
-1.0973E-02
-1.6361E-02
-2.1619E-02
-2.6993E-02
-3.2097E-02
-3.7252E-02
-4.2363E-02
-4.7546E-02
-5.2426E-02
-5.7696E-02
-6.3464E-02
-6.4873E-02
-5.5390E-02
-4.4766E-02
-3.5018E-02
-2.4076E-02
-1.3490E-02
-2.6569E-03
8.3479E-03
1.7904E-02
2.1790E-02
2.5127E-02
2.8666E-02
3.1592E-02
3.5107E-02
3.8354E-02
3.6542E-02
3.3328E-02
3.0740E-02
2.7563E-02
2.4243E-02
2.0862E-02
1.9754E-02
2.0651E-02
2.1545E-02
2.2525E-02
2.3554E-02
2.4476E-02
2.5722E-02
2.6440E-02
2.7202E-02
3.2721E-02
4.2062E-02
5.1525E-02
6.1156E-02
6.9612E-02
7.6328E-02
8.2887E-02
8.9588E-02
9.5969E-02
1.0212E-01
1.0888E-01
1.1547E-01
1.1606E-01
1.1378E-01
1.1281E-01
1.1055E-01
1.0879E-01
1.0763E-01
1.0848E-01
1.0983E-01
1.1085E-01
1.1221E-01
1.1330E-01
1.1484E-01
1.1701E-01
1.1820E-01
1.2022E-01
1.2295E-01
1.1296E-01
9.9290E-02
8.6837E-02
7.2529E-02
6.2020E-02
5.8912E-02
5.6042E-02
4.0249E-02
1.9487E-02
-6.4602E-05
-2.0565E-02
-4.3618E-02
-6.4778E-02
-6.8443E-02
-7.1156E-02
-7.3644E-02
-5.9010E-02
-4.2697E-02
-2.7314E-02
-1.2653E-02
-1.1746E-03
1.0572E-02
4.1025E-02
4.4383E-02
4.1086E-02
3.7697E-02
3.4528E-02
3.0645E-02
2.6357E-02
2.2192E-02
2.4948E-02
3.1177E-02
3.7082E-02
4.4577E-02
5.1470E-02
4.5470E-02
3.5811E-02
2.7098E-02
1.7133E-02
7.6127E-03
-1.8762E-03
-1.2219E-02
-2.2287E-02
-1.9284E-02
-8.1602E-03
1.9914E-03
1.3214E-02
2.5764E-02
3.2008E-02
2.2907E-02
1.2776E-02
3.6663E-03
-7.5487E-03
-1.7414E-02
-1.8290E-02
-1.7992E-02
-1.8859E-02
-1.8432E-02
-1.8465E-02
-1.8067E-02
-1.8111E-02
-1.8028E-02
-1.8011E-02
-1.7624E-02
-1.7806E-02
-2.1310E-02
-2.5395E-02
-2.8901E-02
-3.2979E-02
-3.6565E-02
-4.0334E-02
-4.3852E-02
-4.7463E-02
-5.0806E-02
-5.4173E-02
-5.7502E-02
-6.0834E-02
-6.1773E-02
-6.1375E-02
-6.0956E-02
-6.0493E-02
-5.9847E-02
-5.9282E-02
-5.8653E-02
-5.8088E-02
-5.7430E-02
-5.6828E-02
-5.6176E-02
-5.5613E-02
-5.4605E-02
-5.2986E-02
-5.1293E-02
-4.9739E-02
-4.8033E-02
-4.6412E-02
-4.5039E-02
-4.3529E-02
-3.9257E-02
-3.4247E-02
-2.9126E-02
-2.5356E-02
-2.7461E-02
-3.0294E-02
-3.2502E-02
-3.5199E-02
-3.7600E-02
-4.0052E-02
-4.2350E-02
-4.4593E-02
-4.6697E-02
-4.7986E-02
-4.8092E-02
-4.8201E-02
-4.8223E-02
-4.8192E-02
-4.8097E-02
-4.8015E-02
-4.7863E-02
-4.7701E-02
-4.7555E-02
-4.7361E-02
-4.6847E-02
-4.7142E-02
-5.0620E-02
-5.4321E-02
-5.7390E-02
-6.0675E-02
-6.3704E-02
-6.6061E-02
-6.6461E-02
-6.6523E-02
-6.6586E-02
-6.6831E-02
-6.6375E-02
-6.2335E-02
-5.7860E-02
-5.4056E-02
-4.9721E-02
-4.5679E-02
-4.2085E-02
-3.8682E-02
-3.0575E-02
-2.0473E-02
-1.1528E-02
-8.3503E-03
-7.8000E-03
-7.0146E-03
-6.6610E-03
-6.3646E-03
-6.9267E-03
-7.7176E-03
-8.4026E-03
-9.0544E-03
-9.6715E-03
-1.0141E-02
-1.0572E-02
-1.0873E-02
-1.1163E-02
-1.1369E-02
-1.1362E-02
-1.1383E-02
-1.2585E-02
-1.3929E-02
-1.4907E-02
-1.5790E-02
-1.6075E-02
-1.4914E-02
-1.2924E-02
-1.1133E-02
-9.3582E-03
-7.7108E-03
-6.1880E-03
-4.7129E-03
-3.4139E-03
-3.1874E-03
-3.0821E-03
-2.7733E-03
-2.5026E-03
-2.1652E-03
-1.5362E-03
-2.7588E-04
9.3583E-04
2.0028E-03
3.0339E-03
3.9633E-03
4.8200E-03
5.5915E-03
6.2054E-03
6.6893E-03
7.1592E-03
7.6088E-03
8.0422E-03
8.4594E-03
8.8666E-03
9.2677E-03
9.6539E-03
9.9959E-03
1.0335E-02
1.0677E-02
1.1016E-02
1.1354E-02
1.1690E-02
1.2020E-02
1.2347E-02
1.2667E-02
1.2981E-02
1.3289E-02
1.3589E-02
1.3879E-02
1.4162E-02
1.4435E-02
1.4698E-02
1.4951E-02
1.5194E-02
1.5425E-02
1.5645E-02
1.5854E-02
1.6050E-02
1.6235E-02
1.6408E-02
1.6568E-02
1.6717E-02
1.6852E-02
1.6976E-02
1.7087E-02
1.7185E-02
1.7270E-02
1.7343E-02
1.7403E-02
1.7450E-02
1.7484E-02
1.7505E-02
1.7514E-02
1.7510E-02
1.7492E-02
1.7462E-02
1.7419E-02
1.7363E-02
1.7294E-02
1.7212E-02
1.7118E-02