4.0010E+03
1.0000E-02
4.0176E-04
-2.1702E-04
-3.1582E-04
2.5705E-04
3.5851E-04
-5.0480E-04
-5.7954E-04
4.6803E-04
4.0055E-04
-3.9574E-04
-5.0789E-06
6.6885E-04
2.7172E-04
-1.6749E-04
1.6454E-04
2.4798E-04
1.0754E-04
6.2761E-04
6.3180E-04
-1.2428E-04
4.9275E-04
1.4250E-03
5.5091E-04
-4.6686E-04
2.6941E-04
1.7647E-03
1.4251E-03
-1.9171E-04
5.1951E-04
2.3277E-03
4.0989E-04
-3.1344E-03
-1.5537E-03
1.9874E-03
-3.3760E-04
-2.8051E-03
1.5644E-03
4.8191E-03
9.5469E-04
-1.9745E-03
1.0481E-03
9.0989E-04
-3.6031E-03
-2.2560E-03
8.8804E-04
-9.9529E-04
-1.3185E-03
1.7527E-03
6.0749E-04
-2.7824E-03
-4.5826E-04
1.9296E-03
5.2980E-04
1.0968E-04
7.4139E-04
2.9583E-03
4.0946E-03
3.6766E-04
-3.8795E-03
-6.5257E-04
6.6188E-03
1.9776E-03
-8.3883E-03
-4.7380E-03
5.0598E-03
3.5761E-03
-5.6949E-03
-8.1598E-03
-2.3484E-04
7.6301E-03
2.6437E-03
-1.1412E-02
-9.7672E-03
9.5455E-03
1.2681E-02
-4.0050E-03
-4.2093E-03
1.2122E-02
1.1548E-02
3.8871E-04
3.0034E-03
8.7042E-03
6.3714E-03
2.0666E-03
-6.6668E-03
-1.2754E-02
-2.7084E-03
6.1804E-03
-5.5895E-03
-1.5167E-02
2.2374E-03
1.7093E-02
8.2992E-05
-1.0956E-02
6.2602E-03
8.3937E-03
-9.7384E-03
-8.4868E-03
8.2604E-03
9.9893E-03
-8.2570E-04
-6.1404E-03
-3.3928E-03
8.9472E-03
1.1126E-02
-9.1195E-03
-9.7378E-03
1.5663E-02
1.5968E-02
-8.4205E-03
-7.5039E-03
9.6851E-03
4.4663E-04
-1.2446E-02
1.1722E-03
8.3118E-03
-1.0435E-02
-1.5080E-02
1.0212E-02
1.9444E-02
-1.8758E-03
-6.0161E-03
6.3038E-03
-1.1031E-03
-4.3277E-03
4.3254E-03
-6.1355E-03
-1.5176E-02
-9.5475E-05
2.9853E-03
-1.2042E-02
1.9250E-03
2.2112E-02
-9.7353E-04
-1.5563E-02
9.6430E-03
1.3793E-02
-1.1705E-02
-1.6746E-02
7.5261E-03
2.5886E-02
3.0477E-03
-3.4773E-02
-2.1916E-02
2.1812E-02
1.9641E-02
-1.8373E-02
-2.0843E-02
1.8494E-02
3.5686E-02
8.4634E-03
-1.6645E-02
-1.0605E-02
8.9905E-03
7.3590E-03
-1.6424E-02
-1.8316E-02
1.0800E-02
2.0379E-02
-6.6332E-03
-1.4507E-02
2.1487E-02
3.8620E-02
3.2096E-04
-2.9123E-02
-1.5013E-02
-6.0882E-03
-4.0374E-03
8.4178E-03
8.0633E-04
-2.0489E-03
2.9239E-02
2.9461E-02
-1.4668E-02
-2.8749E-02
-9.7211E-03
-6.6438E-03
-3.6137E-03
1.6279E-02
1.5511E-02
-3.0539E-03
-7.7931E-03
-1.3628E-03
6.8220E-05
-1.4854E-02
-2.3443E-02
7.6019E-03
4.4525E-02
2.5960E-02
-2.0953E-02
-2.6863E-02
6.0053E-03
1.8693E-02
-1.8364E-02
-4.1674E-02
-1.1049E-02
1.2081E-02
7.3517E-03
7.1455E-03
7.5630E-03
7.5060E-03
2.2162E-02
2.2874E-02
-1.3410E-02
-3.1501E-02
-9.1558E-04
1.8511E-02
1.2602E-04
-9.8368E-03
1.0329E-02
2.1054E-02
-3.7862E-04
-1.0554E-02
9.7402E-03
1.7982E-02
-8.4389E-03
-2.5667E-02
-8.8303E-03
-2.7258E-03
-4.0039E-03
9.5259E-03
1.8229E-03
-6.2810E-03
2.2806E-02
2.2356E-02
-2.3455E-02
-1.8712E-02
2.4077E-02
1.9977E-02
-4.8544E-03
3.4313E-04
1.2223E-02
-3.7836E-03
-2.7665E-02
-1.8801E-02
1.4424E-02
1.4402E-02
-2.2227E-02
-2.4759E-02
8.9080E-03
2.1116E-02
1.3093E-02
6.6241E-03
-9.1736E-03
-1.6211E-02
4.4806E-03
8.7017E-03
-9.9123E-03
-7.6586E-03
6.7921E-03
1.8680E-02
3.1234E-02
8.5391E-03
-4.6220E-02
-6.0370E-02
-1.1058E-02
3.5807E-02
1.8618E-02
-1.8395E-02
2.6581E-03
4.8498E-02
2.9486E-02
-3.8883E-02
-5.0939E-02
2.0178E-02
6.1356E-02
9.4596E-03
-1.8468E-02
8.7337E-03
2.5176E-03
-1.0285E-02
-2.1906E-02
-5.1227E-02
-2.0928E-02
5.5274E-02
4.8603E-02
-2.3399E-02
-2.1947E-02
3.1640E-02
2.3290E-02
-1.8498E-02
-1.3342E-02
1.6228E-02
1.1123E-02
-2.1329E-02
-2.5506E-02
-2.7131E-03
3.0805E-03
1.0345E-02
2.8029E-02
2.1423E-02
-6.2654E-03
-2.3325E-02
-1.5709E-02
-1.1720E-02
-3.4418E-03
3.1906E-02
4.1498E-02
-3.2768E-04
-4.0554E-02
-1.7186E-02
1.8715E-02
-1.1094E-02
-3.9625E-02
-6.2013E-03
4.7344E-02
4.1177E-02
-1.6129E-02
-1.9175E-02
2.1577E-02
1.5420E-02
-3.9556E-02
-5.6042E-02
1.5012E-02
7.1263E-02
1.4904E-02
-5.1585E-02
-7.4796E-03
4.7819E-02
-2.6888E-03
-8.3488E-02
-8.0547E-02
8.7530E-03
7.4624E-02
2.9665E-02
-4.5130E-02
-3.3649E-02
2.1025E-02
3.1620E-02
6.1861E-03
-2.5557E-02
-2.4448E-02
3.2038E-02
5.0627E-02
-1.4578E-02
-4.5138E-02
4.9467E-03
3.7551E-02
2.3869E-02
1.8211E-02
1.3259E-02
-1.7441E-03
-5.6781E-03
-1.3016E-03
1.2581E-02
1.7129E-03
-3.3308E-02
-1.8415E-02
1.3454E-02
-1.4407E-02
-5.3423E-02
-1.9448E-02
3.8975E-02
2.7393E-02
9.2125E-03
3.9858E-02
2.2749E-02
-3.0802E-02
-9.5799E-03
1.9342E-02
-1.8053E-02
-2.3906E-02
2.6449E-02
4.2614E-02
8.9296E-03
-7.4604E-03
6.2674E-03
1.5609E-03
-2.2715E-02
-4.0186E-02
-2.5688E-02
2.6997E-02
6.2019E-02
2.8378E-02
-1.7105E-02
7.0314E-04
2.7143E-02
-2.1923E-03
-3.4787E-02
-1.0229E-02
1.2174E-02
-3.2242E-02
-5.5046E-02
1.2701E-02
4.8264E-02
-1.7121E-02
-2.2642E-02
3.9652E-02
-1.4495E-03
-4.9347E-02
1.9876E-02
4.6023E-02
-3.3859E-02
-2.4438E-02
7.1740E-02
3.6082E-02
-4.9284E-02
-2.1233E-02
1.0877E-02
4.8850E-04
2.3791E-02
4.2727E-02
1.2799E-02
-1.0450E-03
5.8874E-05
-1.4849E-02
-1.1672E-02
-1.8683E-02
-2.3354E-02
2.9250E-04
-1.7458E-03
-1.5826E-03
3.9610E-02
5.0912E-02
-1.0586E-02
-3.6381E-02
7.5279E-03
4.9020E-03
-1.7930E-02
1.4588E-03
3.4694E-02
5.9711E-02
3.7895E-02
-2.4274E-02
-5.8804E-02
3.3776E-03
7.3004E-02
-2.6060E-03
-8.7831E-02
-1.6232E-02
7.8275E-02
3.5188E-02
-5.4284E-02
-4.3754E-02
2.2425E-02
3.8416E-02
1.4804E-03
-8.9577E-03
2.1878E-02
2.2627E-02
-2.6559E-03
-1.7503E-02
-1.3881E-02
3.7617E-02
4.7499E-02
-3.3074E-02
-4.0732E-02
4.0924E-02
6.7207E-02
1.0506E-02
-2.3712E-02
-1.6972E-03
1.1221E-02
2.9762E-02
-5.7829E-04
-7.3799E-02
-1.7812E-02
6.1496E-02
-1.1735E-02
-6.6002E-02
2.7317E-02
6.4758E-02
-2.7116E-02
-3.9482E-02
1.3034E-03
-2.4606E-02
-3.2274E-02
1.2419E-03
3.4163E-02
3.2842E-02
1.6855E-02
3.1254E-04
-3.7593E-02
-2.9827E-02
-1.2910E-03
-1.8077E-02
-4.7130E-02
3.7669E-03
1.0202E-01
6.8508E-02
-3.0921E-03
1.0393E-02
7.2107E-03
-3.7052E-02
-7.4082E-02
-4.4487E-02
1.3784E-02
1.6421E-02
6.2953E-03
-1.2217E-04
-3.1058E-02
-4.4002E-02
6.0305E-03
3.3449E-02
-3.2006E-02
-4.1776E-02
2.2147E-02
6.2322E-03
-1.0519E-02
2.1163E-02
-1.8824E-02
-7.5488E-02
-5.7675E-03
1.0755E-01
7.5728E-02
-2.9626E-02
-3.7138E-02
3.7502E-02
5.6442E-02
-3.2914E-02
-5.1931E-02
5.7589E-02
9.9449E-02
2.2391E-02
-5.3333E-02
-4.2366E-02
3.3790E-02
5.0995E-02
-2.9020E-02
-7.3389E-02
7.2695E-03
1.0701E-01
7.1560E-02
-4.3929E-02
-5.6664E-02
3.9250E-02
7.4475E-02
7.9738E-03
-2.2544E-02
2.8404E-02
5.8072E-02
-1.7129E-03
-6.0970E-02
-3.7780E-02
5.8788E-03
1.8009E-02
4.3893E-03
-2.8632E-02
-1.7308E-02
6.9125E-02
7.4567E-02
-1.8583E-02
-3.4643E-02
3.3184E-02
6.9408E-02
-1.0403E-03
-7.2766E-02
-8.2233E-03
6.9901E-02
-4.7026E-04
-1.0180E-01
-4.4560E-02
7.7324E-02
7.5540E-02
-8.5534E-03
-2.7673E-02
2.0076E-03
7.4821E-03
2.4012E-02
2.0947E-02
-5.0963E-02
-5.2431E-02
3.3269E-02
1.0883E-02
-4.6164E-02
8.7277E-03
5.9020E-02
3.1163E-02
-2.5938E-02
-4.6623E-02
-1.5967E-02
7.8734E-03
1.7772E-02
1.6477E-02
1.2958E-02
1.0528E-02
-4.3899E-02
-5.0413E-02
3.1822E-02
8.8903E-03
-9.1916E-02
-9.7789E-02
-1.9669E-02
4.7516E-02
3.9766E-02
-2.1258E-02
-6.0696E-02
-3.1641E-02
2.6686E-02
3.4183E-02
-2.5097E-02
-7.9517E-02
-3.4795E-02
5.0641E-02
4.6885E-02
2.1050E-03
-1.7699E-03
2.1375E-02
2.3491E-02
-3.9081E-02
-2.6397E-02
7.8684E-02
6.9557E-02
4.0882E-02
6.1998E-02
7.4179E-02
1.2466E-01
1.0906E-01
4.8821E-02
3.8101E-02
2.8336E-02
3.6513E-02
-5.1227E-04
-9.6261E-02
-1.4394E-01
-1.1632E-01
-6.7660E-02
-1.2662E-01
-1.9803E-01
-1.4169E-01
-1.1697E-01
-1.4422E-01
-1.0033E-01
-6.8967E-02
-1.4233E-01
-1.9584E-01
-1.2702E-01
-6.7133E-02
-1.0838E-01
-1.4621E-01
-1.0740E-01
-5.9446E-02
-8.5107E-03
6.9194E-02
8.4773E-02
7.5314E-02
1.0535E-01
1.1352E-01
1.0179E-01
8.2938E-02
6.6177E-02
7.0042E-02
9.0608E-02
1.4189E-01
1.7071E-01
1.0989E-01
2.9712E-02
2.8237E-02
4.3037E-02
-9.2921E-03
-6.8343E-02
-9.7721E-02
-1.2533E-01
-1.4788E-01
-1.4308E-01
-1.1955E-01
-1.2859E-01
-1.4556E-01
-1.3011E-01
-1.0413E-01
-3.8999E-02
3.1313E-02
4.3877E-02
4.8741E-02
5.2752E-02
6.5945E-02
1.0658E-01
9.5014E-02
6.3941E-02
9.2838E-02
1.2715E-01
1.5397E-01
1.4571E-01
4.3646E-02
-3.4996E-02
-2.6183E-02
-4.5173E-03
1.8455E-02
2.6839E-02
1.6554E-02
-2.6723E-03
-5.5009E-03
5.8799E-02
1.1117E-01
1.0793E-01
9.8415E-02
7.0340E-02
5.3247E-02
5.8464E-02
6.0052E-02
1.0836E-01
1.6238E-01
1.1437E-01
3.8027E-02
4.8839E-02
8.6985E-02
4.3170E-02
-2.1841E-02
3.6178E-02
1.6637E-01
2.0205E-01
1.2919E-01
8.1661E-02
1.0378E-01
9.6698E-02
4.6220E-02
5.3115E-02
8.6174E-02
3.9804E-02
-2.8110E-02
-6.6396E-02
-8.0400E-02
-6.4355E-02
-7.1424E-02
-1.0365E-01
-1.3883E-01
-1.7610E-01
-2.0600E-01
-2.5365E-01
-3.0824E-01
-3.3440E-01
-3.3664E-01
-3.1594E-01
-3.1254E-01
-3.6888E-01
-4.0309E-01
-3.5341E-01
-2.8538E-01
-2.4274E-01
-1.7441E-01
-7.0044E-02
-3.0621E-02
-9.6914E-02
-1.7935E-01
-1.7205E-01
-1.0341E-01
-6.0607E-02
-2.6576E-02
-7.0487E-03
-2.3292E-02
-5.7146E-02
-6.9892E-02
-5.0468E-02
-8.6303E-02
-1.2907E-01
-7.0366E-02
3.9020E-02
1.2795E-01
1.6270E-01
1.7829E-01
1.9322E-01
1.1012E-01
-1.0741E-01
-2.9436E-01
-3.0522E-01
-2.4836E-01
-2.4036E-01
-2.4782E-01
-2.4614E-01
-2.3527E-01
-2.4345E-01
-2.8867E-01
-3.3020E-01
-3.5554E-01
-3.7814E-01
-3.9902E-01
-4.1790E-01
-4.4896E-01
-4.7102E-01
-4.5440E-01
-3.8439E-01
-2.8153E-01
-3.1258E-01
-4.5375E-01
-4.9061E-01
-4.3272E-01
-3.6957E-01
-3.6093E-01
-3.9438E-01
-4.0951E-01
-4.1592E-01
-4.0921E-01
-4.0626E-01
-3.9733E-01
-3.4753E-01
-2.8639E-01
-2.0159E-01
-1.0869E-01
-3.5894E-02
5.2909E-02
1.4875E-01
2.8656E-01
4.8064E-01
6.3277E-01
6.7384E-01
5.7371E-01
4.3338E-01
4.0219E-01
4.6084E-01
5.3355E-01
5.7339E-01
5.8411E-01
6.0368E-01
6.2019E-01
6.3046E-01
6.4278E-01
6.3817E-01
6.1876E-01
6.1207E-01
6.5003E-01
6.9421E-01
6.9468E-01
6.8487E-01
6.7774E-01
6.8118E-01
7.0953E-01
7.3626E-01
7.5174E-01
7.4910E-01
7.1490E-01
6.6727E-01
6.1656E-01
5.7327E-01
5.1215E-01
3.6418E-01
2.2116E-01
1.8215E-01
1.7750E-01
1.6819E-01
1.5222E-01
1.2892E-01
1.0417E-01
8.9329E-02
1.0547E-01
1.1866E-01
1.1551E-01
1.3684E-01
1.7272E-01
1.8094E-01
1.4061E-01
6.1782E-02
-9.4958E-03
-2.4483E-02
7.2694E-03
1.6946E-02
-1.8535E-02
-6.8332E-02
-7.6431E-02
-3.0865E-02
-1.7078E-02
-4.2878E-02
-4.7365E-02
-3.9581E-02
-4.3205E-02
-6.2971E-02
-9.4776E-02
-1.2443E-01
-1.5530E-01
-1.8800E-01
-2.2217E-01
-2.5086E-01
-2.3440E-01
-1.8387E-01
-1.4175E-01
-1.3272E-01
-1.7073E-01
-2.3068E-01
-2.8844E-01
-3.4558E-01
-4.1505E-01
-4.6056E-01
-4.4491E-01
-3.9741E-01
-3.1965E-01
-2.3784E-01
-1.9291E-01
-1.5875E-01
-9.3872E-02
-1.4954E-02
1.4285E-03
-2.2997E-02
-7.0137E-02
-1.5267E-01
-1.8981E-01
-1.9876E-01
-2.1827E-01
-2.3675E-01
-2.7241E-01
-2.7845E-01
-1.8730E-01
-3.4106E-02
2.3222E-02
-5.1447E-03
5.0885E-02
1.6534E-01
2.2611E-01
1.7660E-01
7.5601E-02
2.7354E-02
1.8117E-02
2.0517E-02
7.7268E-03
-1.8412E-02
-2.8267E-02
-4.5240E-02
-5.2543E-02
-3.3266E-02
-5.8932E-03
3.5012E-02
7.3172E-02
9.7767E-02
1.0736E-01
9.5096E-02
7.2806E-02
3.9431E-02
7.2886E-03
-2.4328E-03
-2.0537E-03
-1.9009E-02
-5.3888E-02
-6.1406E-02
-1.9456E-02
3.0795E-02
5.0246E-02
3.8652E-02
1.3033E-02
-7.3770E-03
-2.8530E-02
-5.9058E-02
-8.6379E-02
-7.7982E-02
2.1592E-02
1.3967E-01
1.5139E-01
1.0933E-01
8.1342E-02
1.1856E-02
-1.0842E-01
-1.5439E-01
-1.0684E-01
-6.8314E-02
-3.4716E-02
-2.9915E-03
-3.5703E-03
-2.8996E-02
-6.0482E-02
-7.3928E-02
-7.6933E-02
-6.1913E-02
-3.5042E-02
-2.8342E-02
-1.4894E-02
1.8776E-02
5.5318E-02
8.4575E-02
9.3926E-02
1.1001E-01
1.4222E-01
1.6780E-01
1.9768E-01
2.2538E-01
2.3241E-01
1.9986E-01
1.1277E-01
-1.8972E-02
-1.6680E-01
-2.7896E-01
-3.6016E-01
-4.2238E-01
-4.5589E-01
-4.2311E-01
-2.9270E-01
-2.1128E-01
-2.3571E-01
-2.6533E-01
-2.8572E-01
-2.8789E-01
-2.5948E-01
-1.9484E-01
-1.1753E-01
-7.5531E-02
-8.5402E-02
-1.1889E-01
-8.8154E-02
-2.0374E-02
1.3212E-02
4.2415E-02
4.5263E-02
-2.7668E-03
-8.9840E-02
-1.6078E-01
-1.3839E-01
-1.0133E-01
-1.0448E-01
-1.2737E-01
-1.6106E-01
-1.4779E-01
-1.0798E-01
-4.1288E-02
5.4821E-02
8.2760E-02
2.5436E-02
-4.4105E-02
-4.1871E-02
1.3627E-02
3.9324E-02
3.5906E-02
3.7230E-02
5.9556E-02
9.4236E-02
1.2541E-01
1.5851E-01
1.8529E-01
1.7206E-01
1.1997E-01
5.8107E-02
-5.7062E-03
-4.9322E-02
-6.0805E-02
-5.4452E-02
-1.6877E-02
5.0720E-02
1.1652E-01
1.6754E-01
2.0342E-01
2.0148E-01
1.5721E-01
1.2188E-01
1.2605E-01
1.6231E-01
2.1375E-01
2.4785E-01
2.4253E-01
2.0858E-01
1.7754E-01
1.6605E-01
1.5835E-01
1.2777E-01
8.0810E-02
2.5728E-02
-2.0199E-02
1.4518E-02
1.2306E-01
2.2543E-01
2.8489E-01
3.0122E-01
3.0154E-01
2.9295E-01
2.6828E-01
2.1466E-01
1.1312E-01
6.3585E-03
-4.6439E-02
-3.5299E-02
5.4009E-03
1.7379E-02
-5.3467E-03
-2.0877E-02
-1.0829E-02
2.1596E-02
5.9917E-02
8.8625E-02
1.0302E-01
1.0631E-01
1.1430E-01
1.2991E-01
1.4002E-01
1.3599E-01
1.0412E-01
4.6389E-02
1.3379E-02
2.4761E-02
3.4918E-02
3.3918E-02
4.3691E-02
6.3403E-02
7.1222E-02
4.8648E-02
2.0695E-02
1.9651E-02
4.7866E-02
8.2876E-02
1.0094E-01
1.1419E-01
1.3975E-01
1.6846E-01
1.8307E-01
1.7414E-01
1.3503E-01
7.7453E-02
3.7322E-02
1.9771E-02
7.2075E-03
-5.1512E-03
-2.2753E-02
-3.1750E-02
-7.6755E-03
4.4239E-02
9.3031E-02
1.0891E-01
8.3497E-02
2.2890E-02
-4.9952E-02
-1.0083E-01
-1.2469E-01
-1.3617E-01
-1.4600E-01
-1.7179E-01
-2.1732E-01
-2.7120E-01
-3.2113E-01
-3.4568E-01
-3.4300E-01
-3.3212E-01
-3.2869E-01
-3.4318E-01
-3.6084E-01
-3.5809E-01
-3.2720E-01
-2.7889E-01
-2.5422E-01
-2.7744E-01
-3.2147E-01
-3.4672E-01
-3.4115E-01
-3.2776E-01
-3.1650E-01
-2.9579E-01
-2.6941E-01
-2.5090E-01
-2.4552E-01
-2.3379E-01
-1.9674E-01
-1.4650E-01
-1.0230E-01
-6.6925E-02
-3.7001E-02
-1.3232E-02
6.6269E-03
2.3958E-02
4.1475E-02
5.8878E-02
7.1649E-02
8.0186E-02
8.6329E-02
9.0534E-02
8.8070E-02
6.9686E-02
2.9088E-02
-1.0779E-02
-2.6762E-02
-3.4600E-02
-4.6263E-02
-5.0251E-02
-2.7959E-02
1.4791E-02
4.6307E-02
5.4805E-02
5.0728E-02
4.5528E-02
4.3958E-02
4.4301E-02
3.4593E-02
-3.0207E-03
-7.1953E-02
-1.4624E-01
-1.6080E-01
-9.7501E-02
-3.5195E-02
-2.0666E-02
-3.1060E-02
-3.9896E-02
-2.9110E-02
4.6531E-03
4.7368E-02
7.9975E-02
9.8125E-02
1.0702E-01
1.0635E-01
1.0798E-01
1.2912E-01
1.6555E-01
1.9936E-01
2.1725E-01
2.2587E-01
2.3822E-01
2.4623E-01
2.4072E-01
2.2693E-01
2.1348E-01
2.0657E-01
2.0590E-01
2.1148E-01
2.1840E-01
2.1913E-01
2.1789E-01
2.2176E-01
2.3936E-01
2.6365E-01
2.7158E-01
2.6340E-01
2.5029E-01
2.4065E-01
2.3984E-01
2.3553E-01
2.2356E-01
2.1234E-01
2.0393E-01
1.9838E-01
1.8752E-01
1.6521E-01
1.3368E-01
9.4252E-02
6.1402E-02
4.9080E-02
5.3522E-02
6.7190E-02
7.9961E-02
8.9999E-02
1.0038E-01
1.0064E-01
8.7540E-02
6.7442E-02
4.9418E-02
4.4894E-02
4.1627E-02
2.9638E-02
2.3190E-02
2.6429E-02
2.8494E-02
1.5142E-02
-1.1728E-02
-3.7222E-02
-5.9239E-02
-7.7460E-02
-8.7865E-02
-8.9115E-02
-8.2511E-02
-7.9035E-02
-8.8822E-02
-1.0766E-01
-1.2711E-01
-1.4281E-01
-1.5527E-01
-1.6066E-01
-1.5090E-01
-1.3221E-01
-1.1752E-01
-1.1077E-01
-1.0926E-01
-1.1120E-01
-1.2073E-01
-1.4293E-01
-1.6968E-01
-1.8517E-01
-1.8886E-01
-1.9302E-01
-2.0505E-01
-2.1689E-01
-2.1214E-01
-1.8172E-01
-1.3982E-01
-1.0976E-01
-9.8929E-02
-1.1073E-01
-1.3345E-01
-1.4851E-01
-1.5913E-01
-1.6359E-01
-1.5897E-01
-1.5723E-01
-1.5918E-01
-1.6160E-01
-1.6390E-01
-1.6251E-01
-1.6742E-01
-1.8339E-01
-1.9869E-01
-2.0692E-01
-2.1062E-01
-2.1329E-01
-2.1463E-01
-2.1526E-01
-2.1176E-01
-2.0471E-01
-2.0571E-01
-2.1541E-01
-2.2556E-01
-2.3507E-01
-2.4485E-01
-2.5109E-01
-2.4789E-01
-2.3473E-01
-2.3227E-01
-2.3589E-01
-2.1316E-01
-1.8532E-01
-1.7888E-01
-1.8374E-01
-1.9057E-01
-1.9390E-01
-1.9856E-01
-2.0602E-01
-2.0748E-01
-2.0358E-01
-2.0043E-01
-1.9593E-01
-1.7930E-01
-1.4408E-01
-1.0380E-01
-7.0999E-02
-4.5071E-02
-2.5508E-02
-1.2452E-02
-1.2945E-02
-1.9105E-02
-1.4522E-02
-2.5723E-03
1.3669E-02
3.4203E-02
5.6254E-02
7.5972E-02
8.9217E-02
9.8947E-02
1.1044E-01
1.2265E-01
1.2708E-01
1.2064E-01
1.1484E-01
1.1769E-01
1.2569E-01
1.3624E-01
1.4869E-01
1.6383E-01
1.8312E-01
2.0355E-01
2.2342E-01
2.4465E-01
2.6481E-01
2.8060E-01
2.9126E-01
2.9638E-01
2.9733E-01
2.9620E-01
2.9445E-01
2.9313E-01
2.9401E-01
2.9334E-01
2.8413E-01
2.6858E-01
2.5206E-01
2.3705E-01
2.2256E-01
2.0430E-01
1.8577E-01
1.8008E-01
1.8714E-01
1.8932E-01
1.7762E-01
1.5228E-01
1.2481E-01
1.1518E-01
1.1531E-01
1.0469E-01
8.2708E-02
5.9106E-02
3.9808E-02
2.3769E-02
1.4029E-02
7.4309E-03
-3.3807E-03
-1.7096E-02
-3.4210E-02
-4.8605E-02
-6.0574E-02
-7.6709E-02
-8.5547E-02
-8.1769E-02
-6.7915E-02
-4.8711E-02
-3.6340E-02
-3.4426E-02
-4.3522E-02
-5.5029E-02
-5.7684E-02
-5.1247E-02
-3.9554E-02
-3.7430E-02
-4.5830E-02
-4.9761E-02
-4.4521E-02
-3.0301E-02
-1.5664E-02
-7.4707E-03
-3.3552E-04
9.4700E-03
2.2376E-02
3.1788E-02
3.0239E-02
2.4414E-02
2.0808E-02
2.0502E-02
2.1679E-02
1.7621E-02
1.0294E-02
5.6870E-03
7.1581E-03
1.8634E-02
3.4151E-02
4.6357E-02
5.4571E-02
5.3956E-02
4.6679E-02
4.3005E-02
4.5580E-02
5.0987E-02
5.6105E-02
5.8826E-02
5.3039E-02
4.3025E-02
4.1674E-02
4.6537E-02
5.2312E-02
5.8004E-02
6.0284E-02
6.0034E-02
6.0735E-02
6.3662E-02
6.5188E-02
5.4461E-02
3.6809E-02
3.1750E-02
3.0782E-02
2.4840E-02
2.6777E-02
3.0211E-02
2.6599E-02
2.9562E-02
4.2641E-02
5.5070E-02
6.2001E-02
6.2887E-02
6.0497E-02
5.8835E-02
5.8480E-02
5.6535E-02
4.8232E-02
3.5959E-02
2.9326E-02
3.4587E-02
4.1499E-02
3.9126E-02
3.5736E-02
3.8083E-02
4.3510E-02
4.6644E-02
4.4646E-02
3.8355E-02
2.7413E-02
1.6980E-02
1.0277E-02
-7.5542E-04
-1.6553E-02
-2.9010E-02
-3.9410E-02
-5.0606E-02
-6.4385E-02
-8.0545E-02
-9.3520E-02
-1.0431E-01
-1.1235E-01
-1.1360E-01
-1.1425E-01
-1.1989E-01
-1.3019E-01
-1.4177E-01
-1.4653E-01
-1.4871E-01
-1.5415E-01
-1.5533E-01
-1.4870E-01
-1.2937E-01
-9.7339E-02
-6.2780E-02
-3.7628E-02
-3.1546E-02
-3.2392E-02
-2.7144E-02
-2.0524E-02
-1.5661E-02
-9.0635E-03
1.8118E-03
9.1835E-03
1.0056E-02
1.2176E-02
1.8033E-02
2.1495E-02
1.4605E-02
2.7727E-03
-3.5517E-03
-1.3132E-03
5.4077E-03
4.7954E-03
-3.2523E-03
-7.3971E-03
-6.4462E-03
-7.4905E-03
-1.4908E-02
-2.4755E-02
-3.0914E-02
-3.4723E-02
-3.7778E-02
-3.9678E-02
-4.4012E-02
-4.9760E-02
-4.8771E-02
-4.0462E-02
-3.4382E-02
-3.1940E-02
-2.8159E-02
-2.1705E-02
-9.4645E-03
4.6700E-03
1.4801E-02
1.9767E-02
1.8046E-02
1.6027E-02
2.0769E-02
3.3180E-02
4.9492E-02
6.3932E-02
7.3019E-02
6.9853E-02
5.4185E-02
3.5354E-02
1.5953E-02
-1.9327E-03
-1.5882E-02
-2.6248E-02
-2.5742E-02
-1.4089E-02
4.7935E-04
1.5537E-02
2.7291E-02
3.0815E-02
2.5208E-02
1.3843E-02
2.4875E-04
-1.2486E-02
-2.1526E-02
-2.6584E-02
-2.3840E-02
-1.3539E-02
-3.3472E-03
2.4551E-03
-7.8720E-04
-1.4706E-02
-2.7923E-02
-2.7997E-02
-1.7329E-02
-7.1732E-03
-3.2688E-03
-1.3909E-03
6.3070E-03
1.5789E-02
2.1546E-02
2.9216E-02
3.5957E-02
3.6809E-02
3.3919E-02
3.3302E-02
4.0902E-02
4.9419E-02
5.6470E-02
6.3934E-02
6.6758E-02
6.4642E-02
5.9719E-02
5.8108E-02
6.0775E-02
6.3964E-02
6.5591E-02
6.2098E-02
5.6325E-02
4.9276E-02
4.1789E-02
3.5878E-02
2.8244E-02
1.8639E-02
9.0919E-03
2.5662E-03
1.0122E-03
2.4599E-03
1.7149E-03
-5.5101E-03
-1.8934E-02
-3.6194E-02
-5.2764E-02
-6.1235E-02
-5.3955E-02
-3.8802E-02
-3.1012E-02
-3.2612E-02
-3.9555E-02
-4.1010E-02
-3.5355E-02
-3.2058E-02
-3.0917E-02
-3.0266E-02
-2.6866E-02
-2.5313E-02
-3.1052E-02
-3.1373E-02
-2.1910E-02
-1.2818E-02
-1.0659E-02
-1.7704E-02
-2.6405E-02
-2.0227E-02
-7.4164E-04
1.6144E-02
2.7629E-02
3.4070E-02
2.9053E-02
1.5164E-02
6.8697E-03
7.0745E-03
3.8396E-03
-8.1962E-03
-2.0144E-02
-2.1747E-02
-1.6967E-02
-1.2401E-02
-7.8021E-03
-3.1000E-03
-1.5754E-04
-1.2537E-03
-3.6409E-03
-4.7504E-03
-4.0755E-03
1.7253E-03
7.3474E-03
3.8021E-03
-2.4544E-03
-2.7470E-03
7.5469E-04
2.5794E-03
-2.7381E-03
-1.3349E-02
-2.5137E-02
-3.5754E-02
-4.0787E-02
-4.5282E-02
-5.3978E-02
-6.3049E-02
-7.1165E-02
-7.9851E-02
-8.8177E-02
-9.3580E-02
-9.8656E-02
-1.0172E-01
-9.9646E-02
-9.7059E-02
-9.5614E-02
-9.4317E-02
-9.1932E-02
-8.9548E-02
-8.9896E-02
-8.9547E-02
-8.5157E-02
-7.9129E-02
-7.3820E-02
-7.0097E-02
-6.6607E-02
-6.0194E-02
-5.1115E-02
-4.1370E-02
-2.9922E-02
-1.5857E-02
-4.1077E-03
4.9997E-03
1.7912E-02
3.4708E-02
5.3743E-02
7.5085E-02
9.6065E-02
1.1007E-01
1.1439E-01
1.1503E-01
1.1367E-01
1.0951E-01
1.0489E-01
1.0011E-01
9.5945E-02
9.2552E-02
8.8410E-02
8.4867E-02
8.3002E-02
8.4605E-02
9.3827E-02
1.0354E-01
1.0482E-01
1.0448E-01
1.0808E-01
1.0879E-01
1.0120E-01
9.2533E-02
9.2783E-02
9.8899E-02
9.9440E-02
9.0430E-02
7.9008E-02
7.3200E-02
7.0397E-02
6.0257E-02
3.8805E-02
1.2141E-02
-1.0943E-02
-2.7459E-02
-3.2957E-02
-2.1691E-02
-4.2151E-03
5.0243E-03
1.7756E-03
-9.7869E-03
-2.2087E-02
-3.6060E-02
-5.3157E-02
-6.9906E-02
-8.0999E-02
-8.0285E-02
-7.2242E-02
-6.2507E-02
-5.0932E-02
-4.1754E-02
-3.8203E-02
-4.3822E-02
-5.4430E-02
-5.6398E-02
-5.1702E-02
-5.0885E-02
-5.8320E-02
-6.8040E-02
-6.6182E-02
-5.4448E-02
-4.6780E-02
-4.8336E-02
-5.2603E-02
-4.9659E-02
-3.9386E-02
-2.8501E-02
-2.0564E-02
-1.6029E-02
-1.4368E-02
-1.6849E-02
-2.3137E-02
-3.0472E-02
-3.6944E-02
-4.1968E-02
-4.6527E-02
-4.8074E-02
-4.7379E-02
-4.9005E-02
-4.9885E-02
-4.7602E-02
-4.1286E-02
-3.1281E-02
-2.6372E-02
-2.9056E-02
-3.2211E-02
-3.5312E-02
-4.1960E-02
-5.3358E-02
-6.3929E-02
-6.5723E-02
-6.2675E-02
-6.0984E-02
-6.2074E-02
-6.5098E-02
-6.6322E-02
-6.6402E-02
-6.9063E-02
-7.4310E-02
-7.8215E-02
-7.5547E-02
-6.3658E-02
-4.9346E-02
-4.0511E-02
-3.8039E-02
-4.1106E-02
-4.5993E-02
-5.0353E-02
-5.0935E-02
-4.5832E-02
-4.2295E-02
-4.5723E-02
-5.6909E-02
-7.3639E-02
-8.9706E-02
-9.8936E-02
-9.9399E-02
-9.3071E-02
-8.2568E-02
-7.2502E-02
-6.6224E-02
-6.6139E-02
-7.1775E-02
-7.6561E-02
-7.9395E-02
-8.3388E-02
-9.1220E-02
-1.0280E-01
-1.0959E-01
-1.0604E-01
-9.3977E-02
-7.8153E-02
-6.6426E-02
-6.0461E-02
-5.4876E-02
-4.7342E-02
-3.7948E-02
-2.7085E-02
-1.3417E-02
2.8668E-03
1.5662E-02
2.7426E-02
4.3438E-02
6.1832E-02
8.0169E-02
8.8143E-02
8.3442E-02
7.6509E-02
7.1769E-02
6.9438E-02
6.4358E-02
5.5446E-02
4.8074E-02
4.2946E-02
3.8938E-02
3.5444E-02
3.6496E-02
4.8246E-02
6.7364E-02
8.0506E-02
7.8101E-02
6.5002E-02
5.3053E-02
4.7691E-02
5.0156E-02
5.7652E-02
6.0165E-02
5.6913E-02
5.5960E-02
5.7857E-02
5.9464E-02
6.1195E-02
6.4453E-02
6.8468E-02
7.0865E-02
7.1587E-02
7.5684E-02
8.4822E-02
9.3008E-02
9.4788E-02
8.9498E-02
8.4156E-02
8.8460E-02
1.0088E-01
1.1025E-01
1.1017E-01
1.0383E-01
9.9056E-02
1.0113E-01
1.0664E-01
1.0783E-01
1.0320E-01
9.8331E-02
9.9639E-02
1.0740E-01
1.1356E-01
1.1382E-01
1.1347E-01
1.1718E-01
1.2421E-01
1.3117E-01
1.3489E-01
1.3250E-01
1.2387E-01
1.1435E-01
1.0546E-01
9.4507E-02
8.4316E-02
7.7650E-02
7.2752E-02
6.7752E-02
6.1796E-02
5.5479E-02
5.3147E-02
5.7867E-02
6.5842E-02
7.3143E-02
7.6920E-02
7.6046E-02
7.4238E-02
7.3512E-02
7.2836E-02
6.9742E-02
6.3493E-02
5.8930E-02
5.6309E-02
5.0619E-02
4.4609E-02
4.2955E-02
4.4050E-02
4.5019E-02
4.6232E-02
4.9805E-02
5.2460E-02
5.0575E-02
4.8101E-02
4.8395E-02
4.9635E-02
4.9359E-02
4.7843E-02
4.5778E-02
4.1577E-02
3.4483E-02
2.4709E-02
1.3269E-02
2.3999E-03
-7.6707E-03
-1.8206E-02
-2.6274E-02
-2.7456E-02
-2.6956E-02
-3.0994E-02
-3.5060E-02
-3.5683E-02
-3.6217E-02
-4.0959E-02
-4.8984E-02
-5.3571E-02
-5.1903E-02
-4.6901E-02
-4.1662E-02
-3.7711E-02
-3.7498E-02
-4.2778E-02
-4.8998E-02
-5.3550E-02
-5.8734E-02
-6.4730E-02
-7.1598E-02
-7.8208E-02
-8.5589E-02
-9.3736E-02
-9.5852E-02
-9.3298E-02
-9.2029E-02
-9.2177E-02
-9.4054E-02
-9.6207E-02
-9.7056E-02
-9.9445E-02
-1.0389E-01
-1.0840E-01
-1.1406E-01
-1.2150E-01
-1.2958E-01
-1.3522E-01
-1.3637E-01
-1.3666E-01
-1.3650E-01
-1.3537E-01
-1.3465E-01
-1.3250E-01
-1.3053E-01
-1.2921E-01
-1.2581E-01
-1.2083E-01
-1.1530E-01
-1.0934E-01
-9.9804E-02
-8.3281E-02
-6.2730E-02
-4.4293E-02
-2.8910E-02
-1.6983E-02
-1.3139E-02
-1.4796E-02
-1.4505E-02
-9.9559E-03
-2.7972E-03
3.7981E-03
8.3154E-03
1.1747E-02
1.5444E-02
1.9424E-02
2.1229E-02
1.8371E-02
1.1968E-02
6.2586E-03
5.7598E-03
1.2221E-02
2.1507E-02
2.5647E-02
2.4356E-02
2.3287E-02
2.1820E-02
1.8238E-02
1.3979E-02
1.0107E-02
5.5586E-03
8.6970E-04
-1.3908E-03
-4.8719E-03
-9.4211E-03
-1.1818E-02
-1.5967E-02
-2.3205E-02
-3.2532E-02
-3.8994E-02
-3.9588E-02
-3.9719E-02
-4.2198E-02
-4.7439E-02
-5.1809E-02
-5.4163E-02
-5.7733E-02
-5.9275E-02
-5.7177E-02
-5.3496E-02
-4.8127E-02
-4.3370E-02
-4.2355E-02
-4.1793E-02
-3.7526E-02
-2.9934E-02
-2.1788E-02
-1.3897E-02
-3.2198E-03
7.8680E-03
1.2937E-02
1.2387E-02
1.1977E-02
1.5473E-02
2.1728E-02
2.7898E-02
3.2623E-02
3.4724E-02
3.3506E-02
3.2883E-02
3.8066E-02
4.7703E-02
5.7783E-02
6.9457E-02
8.2991E-02
9.2196E-02
9.3619E-02
9.2397E-02
9.4882E-02
1.0014E-01
1.0223E-01
9.9142E-02
9.4717E-02
9.3684E-02
9.7494E-02
1.0360E-01
1.1043E-01
1.1722E-01
1.2131E-01
1.2432E-01
1.2570E-01
1.2207E-01
1.1650E-01
1.1034E-01
1.0347E-01
9.8460E-02
9.6969E-02
9.7250E-02
9.4713E-02
8.8399E-02
8.1566E-02
7.8399E-02
7.7773E-02
7.3178E-02
6.2555E-02
4.9283E-02
3.7163E-02
2.7871E-02
2.1067E-02
1.4755E-02
8.3426E-03
4.8700E-03
8.8589E-03
1.9221E-02
2.7034E-02
2.6669E-02
2.2150E-02
1.8425E-02
1.1281E-02
-2.1202E-03
-1.7993E-02
-3.0949E-02
-3.4262E-02
-3.0097E-02
-2.6351E-02
-2.6624E-02
-2.7458E-02
-2.4461E-02
-2.0963E-02
-2.3353E-02
-3.5276E-02
-5.0356E-02
-5.9691E-02
-6.0482E-02
-5.2669E-02
-4.3091E-02
-3.7947E-02
-3.6152E-02
-3.5838E-02
-3.6839E-02
-4.1009E-02
-4.7262E-02
-4.8762E-02
-4.5935E-02
-4.6627E-02
-4.8374E-02
-4.5438E-02
-3.9206E-02
-3.2328E-02
-2.7470E-02
-2.3943E-02
-2.1991E-02
-2.4289E-02
-2.7510E-02
-2.8145E-02
-2.5209E-02
-1.9574E-02
-1.6037E-02
-1.6532E-02
-1.9173E-02
-2.2729E-02
-2.5982E-02
-2.7562E-02
-2.6715E-02
-2.2414E-02
-1.5179E-02
-6.5667E-03
1.2613E-03
3.0098E-03
-2.7155E-03
-9.1131E-03
-1.0154E-02
-9.1773E-03
-1.2402E-02
-1.8726E-02
-2.3849E-02
-2.4416E-02
-2.0406E-02
-1.5540E-02
-1.4349E-02
-2.1068E-02
-3.2256E-02
-3.9721E-02
-4.0924E-02
-3.8090E-02
-3.5936E-02
-3.8318E-02
-4.4921E-02
-5.0756E-02
-5.1089E-02
-4.8382E-02
-4.6739E-02
-4.5901E-02
-4.3919E-02
-3.9425E-02
-3.3276E-02
-2.6272E-02
-1.8241E-02
-9.9893E-03
-2.4106E-03
1.2189E-03
8.7634E-04
3.4380E-03
1.0070E-02
1.5696E-02
1.6350E-02
1.2443E-02
1.0374E-02
1.3648E-02
1.9088E-02
2.3912E-02
2.8500E-02
3.2341E-02
3.3965E-02
3.4008E-02
3.0997E-02
2.6214E-02
2.9221E-02
4.0375E-02
4.8878E-02
5.0576E-02
4.7822E-02
4.5473E-02
4.4990E-02
4.2367E-02
3.8660E-02
3.6533E-02
3.6836E-02
4.0166E-02
4.3005E-02
4.3679E-02
4.2309E-02
3.8367E-02
3.6356E-02
3.9429E-02
4.6451E-02
5.5279E-02
6.1589E-02
6.5250E-02
6.8767E-02
7.0181E-02
6.7311E-02
6.2068E-02
6.0154E-02
6.3503E-02
6.7885E-02
7.2138E-02
7.8334E-02
8.6565E-02
9.1221E-02
8.7496E-02
8.1741E-02
7.9955E-02
8.0764E-02
8.0784E-02
7.5529E-02
6.6223E-02
5.9666E-02
5.7784E-02
5.6365E-02
5.1438E-02
4.3861E-02
3.7975E-02
3.6129E-02
3.9341E-02
4.5941E-02
4.7844E-02
4.0817E-02
2.9620E-02
2.1447E-02
1.8909E-02
1.6907E-02
1.0688E-02
7.9145E-04
-9.3047E-03
-1.7257E-02
-2.4416E-02
-3.0367E-02
-3.2551E-02
-3.3012E-02
-3.5758E-02
-4.0065E-02
-4.3345E-02
-4.6934E-02
-5.3441E-02
-6.0015E-02
-6.2160E-02
-6.1144E-02
-5.9474E-02
-5.9159E-02
-6.1571E-02
-6.5555E-02
-7.1938E-02
-7.9624E-02
-8.5709E-02
-9.0317E-02
-9.4189E-02
-9.8595E-02
-1.0335E-01
-1.0793E-01
-1.1180E-01
-1.1305E-01
-1.1227E-01
-1.1141E-01
-1.1091E-01
-1.1183E-01
-1.1603E-01
-1.2304E-01
-1.3126E-01
-1.3923E-01
-1.4517E-01
-1.4861E-01
-1.5070E-01
-1.5147E-01
-1.5036E-01
-1.4924E-01
-1.4923E-01
-1.5000E-01
-1.5169E-01
-1.5264E-01
-1.5131E-01
-1.4891E-01
-1.4317E-01
-1.3293E-01
-1.2280E-01
-1.1447E-01
-1.1020E-01
-1.0884E-01
-1.0589E-01
-1.0384E-01
-1.0262E-01
-1.0051E-01
-9.5821E-02
-8.5353E-02
-7.3893E-02
-6.5234E-02
-5.8636E-02
-5.3802E-02
-5.0461E-02
-4.7097E-02
-4.2269E-02
-3.9445E-02
-3.3464E-02
-2.2447E-02
-1.5119E-02
-1.0380E-02
-7.7307E-03
-7.9391E-03
-9.7809E-03
-1.2439E-02
-1.2489E-02
-1.0320E-02
-7.2990E-03
-3.6129E-03
4.2359E-04
3.1507E-03
2.3198E-03
-4.6117E-04
-3.5073E-03
-5.7823E-03
-6.9432E-03
-8.6613E-03
-8.1792E-03
-4.0260E-03
8.6443E-04
6.4668E-03
1.2368E-02
1.7656E-02
2.0915E-02
2.2341E-02
2.5882E-02
3.2494E-02
3.9881E-02
4.4996E-02
4.6860E-02
4.5896E-02
4.3056E-02
4.2735E-02
4.7427E-02
5.6025E-02
6.7228E-02
7.8258E-02
8.6835E-02
9.2548E-02
9.4366E-02
9.2757E-02
9.0210E-02
8.7643E-02
8.6291E-02
8.7437E-02
8.9395E-02
9.0817E-02
9.1780E-02
9.2966E-02
9.5383E-02
9.6139E-02
9.1421E-02
8.3315E-02
7.6280E-02
7.1755E-02
6.8815E-02
6.7765E-02
6.8836E-02
7.0050E-02
7.0573E-02
7.0686E-02
7.0555E-02
6.9694E-02
6.6856E-02
6.1790E-02
5.5474E-02
4.9831E-02
4.6628E-02
4.5134E-02
4.1644E-02
3.5829E-02
3.3126E-02
3.6143E-02
4.1266E-02
4.3453E-02
4.0959E-02
3.5490E-02
2.9652E-02
2.5435E-02
2.2842E-02
2.1249E-02
2.1291E-02
2.2854E-02
2.2440E-02
1.8559E-02
1.5390E-02
1.4584E-02
1.4865E-02
1.6221E-02
1.8836E-02
2.2001E-02
2.2951E-02
2.0715E-02
1.6064E-02
9.0456E-03
2.5616E-03
2.7281E-04
-1.0051E-04
-3.4618E-03
-9.9150E-03
-1.6740E-02
-2.2134E-02
-2.5996E-02
-2.9756E-02
-3.4751E-02
-4.0500E-02
-4.4568E-02
-4.5968E-02
-4.6731E-02
-4.7024E-02
-4.4992E-02
-4.2051E-02
-4.0305E-02
-4.0792E-02
-4.4000E-02
-4.9040E-02
-5.4683E-02
-5.8771E-02
-6.1222E-02
-6.3312E-02
-6.4172E-02
-6.2938E-02
-5.8701E-02
-5.1512E-02
-4.5491E-02
-4.4419E-02
-4.5157E-02
-4.3212E-02
-3.8974E-02
-3.5043E-02
-3.3440E-02
-3.1779E-02
-2.6766E-02
-2.1149E-02
-1.8475E-02
-1.8050E-02
-1.6973E-02
-1.2931E-02
-7.0205E-03
-1.0543E-03
4.9970E-03
1.1650E-02
1.9251E-02
2.4602E-02
2.5266E-02
2.5335E-02
2.8608E-02
3.4314E-02
3.9547E-02
4.1376E-02
3.9887E-02
3.8547E-02
3.9366E-02
4.0536E-02
4.0375E-02
3.9768E-02
3.9477E-02
4.0771E-02
4.4010E-02
4.6580E-02
4.8432E-02
5.0628E-02
5.2938E-02
5.4320E-02
5.2184E-02
4.8289E-02
4.6848E-02
4.7970E-02
5.0606E-02
5.4078E-02
5.8081E-02
6.3858E-02
7.1723E-02
8.0107E-02
8.7014E-02
9.0144E-02
8.8984E-02
8.6194E-02
8.3780E-02
8.1633E-02
7.8750E-02
7.4925E-02
7.2555E-02
7.1672E-02
6.9534E-02
6.6458E-02
6.5324E-02
6.6938E-02
6.6590E-02
6.1289E-02
5.4953E-02
5.2476E-02
5.3875E-02
5.3206E-02
4.7832E-02
4.0452E-02
3.3117E-02
2.6854E-02
2.1313E-02
1.5612E-02
8.2171E-03
-1.0870E-04
-5.7302E-03
-6.5760E-03
-3.8563E-03
-3.4872E-03
-9.4876E-03
-1.8054E-02
-2.4278E-02
-2.8529E-02
-3.3788E-02
-4.0228E-02
-4.3598E-02
-3.9240E-02
-2.9119E-02
-1.9391E-02
-1.2998E-02
-1.0301E-02
-9.8019E-03
-8.3104E-03
-5.5371E-03
-3.8451E-03
-2.4724E-03
1.2888E-03
7.0244E-03
1.1973E-02
1.3023E-02
9.1972E-03
3.5404E-03
7.4850E-05
-4.8559E-04
-1.2865E-03
-4.5628E-03
-7.7884E-03
-6.7208E-03
-2.0490E-03
3.8535E-04
-2.6744E-03
-7.6947E-03
-1.0647E-02
-1.2131E-02
-1.2988E-02
-1.4494E-02
-1.6824E-02
-1.7259E-02
-1.6931E-02
-1.8236E-02
-2.1550E-02
-2.5726E-02
-2.8004E-02
-2.8533E-02
-2.8887E-02
-2.8267E-02
-2.5525E-02
-2.1644E-02
-1.8993E-02
-1.8496E-02
-1.8996E-02
-2.0420E-02
-2.2918E-02
-2.4148E-02
-2.3232E-02
-2.1561E-02
-2.0297E-02
-2.0276E-02
-2.0999E-02
-2.0419E-02
-1.8112E-02
-1.6294E-02
-1.6177E-02
-1.7451E-02
-1.9722E-02
-2.1995E-02
-2.2473E-02
-2.0413E-02
-1.7327E-02
-1.4862E-02
-1.3053E-02
-1.1208E-02
-9.0537E-03
-5.5105E-03
-4.1380E-04
4.0753E-03
6.3752E-03
5.4997E-03
2.1610E-03
-8.0630E-04
-1.4758E-03
8.9804E-04
4.3316E-03
6.4773E-03
8.4613E-03
9.3419E-03
8.8138E-03
9.4645E-03
1.0256E-02
1.1680E-02
1.3851E-02
1.4332E-02
1.5112E-02
1.7408E-02
1.9483E-02
2.0241E-02
1.8759E-02
1.4892E-02
9.8539E-03
4.0092E-03
-1.8968E-03
-5.8296E-03
-8.9570E-03
-1.3415E-02
-1.8711E-02
-2.2916E-02
-2.4641E-02
-2.5517E-02
-2.8464E-02
-3.3714E-02
-3.9413E-02
-4.3709E-02
-4.5058E-02
-4.3464E-02
-4.0101E-02
-3.6175E-02
-3.3307E-02
-3.2739E-02
-3.4389E-02
-3.7959E-02
-4.2363E-02
-4.5907E-02
-4.9312E-02
-5.2852E-02
-5.4242E-02
-5.2131E-02
-4.7350E-02
-4.2705E-02
-4.1027E-02
-4.0963E-02
-3.8290E-02
-3.1709E-02
-2.2794E-02
-1.4539E-02
-1.0132E-02
-9.0057E-03
-9.7315E-03
-1.3678E-02
-2.0704E-02
-2.7834E-02
-3.3069E-02
-3.5936E-02
-3.6502E-02
-3.5046E-02
-3.1030E-02
-2.4303E-02
-1.5584E-02
-5.9569E-03
1.6265E-03
4.9886E-03
5.1186E-03
2.9793E-03
-1.3406E-03
-6.2844E-03
-8.2857E-03
-5.7887E-03
-1.8929E-03
2.4517E-04
3.3160E-04
-4.4426E-04
1.1097E-04
3.4155E-03
8.4364E-03
1.4272E-02
2.0358E-02
2.5279E-02
2.9760E-02
3.4871E-02
4.0188E-02
4.5536E-02
5.1143E-02
5.6237E-02
5.7127E-02
5.4085E-02
5.1052E-02
4.8877E-02
4.7972E-02
4.7218E-02
4.5206E-02
4.3221E-02
4.2707E-02
4.2828E-02
4.3803E-02
4.7766E-02
5.1430E-02
5.0706E-02
4.6636E-02
4.3142E-02
4.3269E-02
4.4208E-02
4.1888E-02
3.6898E-02
3.1703E-02
2.7820E-02
2.7257E-02
2.9368E-02
2.9946E-02
2.8974E-02
2.8826E-02
2.9247E-02
2.9587E-02
2.9263E-02
2.9290E-02
3.0720E-02
3.0618E-02
2.7087E-02
2.1097E-02
1.4892E-02
1.1336E-02
9.6791E-03
7.6716E-03
3.6948E-03
-2.4988E-03
-8.1299E-03
-1.0976E-02
-1.0644E-02
-7.9919E-03
-4.2125E-03
9.4975E-05
4.1425E-03
7.2217E-03
8.1060E-03
4.9513E-03
-2.1942E-03
-1.1377E-02
-2.0689E-02
-2.8482E-02
-3.3970E-02
-3.6145E-02
-3.4764E-02
-3.2256E-02
-3.0994E-02
-3.1629E-02
-3.3050E-02
-3.3961E-02
-3.3779E-02
-3.2517E-02
-3.1320E-02
-3.0749E-02
-3.0482E-02
-3.1033E-02
-3.2834E-02
-3.5550E-02
-3.9035E-02
-4.2526E-02
-4.5795E-02
-4.9146E-02
-5.0891E-02
-4.8839E-02
-4.4565E-02
-4.2289E-02
-4.1754E-02
-4.0508E-02
-3.7779E-02
-3.3888E-02
-3.1666E-02
-3.0831E-02
-2.9183E-02
-2.6817E-02
-2.3400E-02
-2.0019E-02
-1.7542E-02
-1.5065E-02
-1.2329E-02
-1.0867E-02
-1.2376E-02
-1.4822E-02
-1.5081E-02
-1.2654E-02
-9.1223E-03
-6.5235E-03
-3.8277E-03
4.6827E-04
4.5976E-03
6.4893E-03
4.9122E-03
1.4303E-03
-1.3965E-03
-2.5351E-03
-4.2674E-04
4.3662E-03
1.0460E-02
1.4785E-02
1.3049E-02
7.8396E-03
3.4266E-03
-1.0021E-04
-3.6716E-03
-8.3519E-03
-1.3966E-02
-1.8823E-02
-2.1660E-02
-2.2395E-02
-2.2879E-02
-2.5133E-02
-2.8671E-02
-3.1780E-02
-3.2340E-02
-3.2002E-02
-3.4149E-02
-3.6395E-02
-3.7620E-02
-3.7801E-02
-3.4427E-02
-3.0354E-02
-3.0057E-02
-3.1453E-02
-2.9274E-02
-2.2520E-02
-1.5969E-02
-1.4049E-02
-1.6621E-02
-2.0715E-02
-2.3946E-02
-2.7839E-02
-3.1111E-02
-2.9283E-02
-2.3697E-02
-1.6580E-02
-1.0264E-02
-3.8636E-03
5.6632E-03
1.3947E-02
1.9316E-02
2.2812E-02
2.3724E-02
2.5026E-02
2.8775E-02
3.4279E-02
3.9880E-02
4.2620E-02
4.2005E-02
4.0392E-02
3.8279E-02
3.5385E-02
3.2115E-02
2.9313E-02
2.8928E-02
3.1610E-02
3.5493E-02
3.6778E-02
3.5122E-02
3.4570E-02
3.4768E-02
3.2535E-02
2.7359E-02
2.0905E-02
1.5363E-02
1.0580E-02
7.1860E-03
6.5072E-03
6.6571E-03
4.9044E-03
2.2274E-04
-3.8561E-03
-4.1919E-03
-2.3676E-03
1.0218E-03
5.6795E-03
8.4589E-03
7.8218E-03
6.0524E-03
3.8509E-03
6.7989E-04
-2.2607E-03
-3.7191E-03
-4.1196E-03
-4.4789E-03
-3.1541E-03
1.4065E-04
4.1769E-03
9.2689E-03
1.3071E-02
1.2817E-02
8.7166E-03
2.9008E-03
-2.4269E-03
-8.4357E-03
-1.5796E-02
-2.1011E-02
-2.1351E-02
-1.8715E-02
-1.8316E-02
-2.0997E-02
-2.1659E-02
-1.9690E-02
-1.9179E-02
-2.1819E-02
-2.7860E-02
-3.4560E-02
-3.7618E-02
-3.7462E-02
-3.6579E-02
-3.6542E-02
-3.7515E-02
-3.8236E-02
-3.8436E-02
-3.8521E-02
-3.7796E-02
-3.4225E-02
-2.8121E-02
-2.4328E-02
-2.4107E-02
-2.4026E-02
-2.3812E-02
-2.4325E-02
-2.7558E-02
-3.3643E-02
-3.5793E-02
-3.2632E-02
-2.9153E-02
-2.6833E-02
-2.5403E-02
-2.2665E-02
-1.6196E-02
-8.0144E-03
-1.9020E-03
1.6886E-03
5.6780E-03
1.0306E-02
1.2359E-02
1.1783E-02
1.2090E-02
1.5191E-02
2.1040E-02
2.9724E-02
3.8887E-02
4.4834E-02
4.8636E-02
5.3522E-02
5.9652E-02
6.4180E-02
6.4548E-02
6.3542E-02
6.4685E-02
6.7437E-02
7.0799E-02
7.2358E-02
7.1183E-02
6.9500E-02
6.7014E-02
6.2964E-02
5.9032E-02
5.7490E-02
5.7864E-02
5.7931E-02
5.6793E-02
5.5228E-02
5.5331E-02
5.5633E-02
5.3863E-02
5.1498E-02
4.9778E-02
4.8703E-02
4.7568E-02
4.5709E-02
4.2214E-02
3.7057E-02
3.3282E-02
3.2440E-02
3.2078E-02
3.0148E-02
2.7484E-02
2.6264E-02
2.6550E-02
2.6674E-02
2.6514E-02
2.6692E-02
2.7229E-02
2.6884E-02
2.4038E-02
1.8444E-02
1.2258E-02
8.7273E-03
7.2149E-03
5.3261E-03
2.1551E-03
-3.5060E-03
-1.1711E-02
-2.2000E-02
-3.2271E-02
-3.8417E-02
-3.8982E-02
-3.5802E-02
-3.3559E-02
-3.4375E-02
-3.5785E-02
-3.5246E-02
-3.2199E-02
-3.0349E-02
-3.2609E-02
-3.7976E-02
-4.3467E-02
-4.5838E-02
-4.5595E-02
-4.5293E-02
-4.6574E-02
-4.9073E-02
-5.1543E-02
-5.4311E-02
-5.8395E-02
-6.3219E-02
-6.5850E-02
-6.4185E-02
-5.8971E-02
-5.3403E-02
-5.0252E-02
-4.8857E-02
-4.7176E-02
-4.5291E-02
-4.6059E-02
-4.9472E-02
-5.2610E-02
-5.3872E-02
-5.2352E-02
-4.9615E-02
-4.7330E-02
-4.4938E-02
-4.1489E-02
-3.5959E-02
-2.9401E-02
-2.4591E-02
-2.1897E-02
-1.8691E-02
-1.4814E-02
-1.1798E-02
-8.4426E-03
-4.1506E-03
3.9059E-05
3.4244E-03
6.3721E-03
9.1959E-03
1.1567E-02
1.2958E-02
1.1941E-02
1.0142E-02
9.5310E-03
1.0837E-02
1.5386E-02
1.9658E-02
2.2290E-02
2.4076E-02
2.3273E-02
2.2196E-02
2.1029E-02
1.8786E-02
1.8088E-02
1.8474E-02
2.0259E-02
2.3445E-02
2.5054E-02
2.6687E-02
2.9060E-02
3.0236E-02
3.1673E-02
3.3686E-02
3.5846E-02
3.8146E-02
3.8986E-02
3.9348E-02
4.1246E-02
4.3983E-02
4.6372E-02
4.8512E-02
5.0858E-02
5.3281E-02
5.6100E-02
5.8634E-02
6.0865E-02
6.3804E-02
6.5543E-02
6.3983E-02
5.8412E-02
5.1691E-02
4.7617E-02
4.5895E-02
4.5690E-02
4.5738E-02
4.6465E-02
4.7993E-02
4.7761E-02
4.6640E-02
4.6064E-02
4.5317E-02
4.2806E-02
3.7322E-02
3.0735E-02
2.5715E-02
2.3024E-02
2.1253E-02
1.8869E-02
1.5717E-02
1.2329E-02
8.7961E-03
4.8343E-03
1.0966E-03
-2.4467E-03
-6.2585E-03
-9.8740E-03
-1.1943E-02
-1.0796E-02
-6.8915E-03
-1.8535E-03
1.8778E-03
1.8422E-03
-1.3373E-03
-5.6305E-03
-9.5315E-03
-1.3084E-02
-1.7757E-02
-2.3167E-02
-2.7188E-02
-2.8166E-02
-2.6330E-02
-2.4334E-02
-2.4494E-02
-2.7097E-02
-3.0129E-02
-3.1574E-02
-3.2479E-02
-3.3958E-02
-3.5932E-02
-3.7312E-02
-3.7347E-02
-3.7851E-02
-3.9787E-02
-4.2646E-02
-4.5403E-02
-4.6578E-02
-4.5723E-02
-4.4695E-02
-4.5656E-02
-4.7038E-02
-4.7535E-02
-4.8080E-02
-4.9177E-02
-5.1230E-02
-5.3058E-02
-5.3544E-02
-5.3785E-02
-5.4337E-02
-5.4613E-02
-5.3947E-02
-5.2262E-02
-5.0715E-02
-4.9339E-02
-4.7454E-02
-4.5073E-02
-4.1923E-02
-3.9439E-02
-3.8051E-02
-3.5186E-02
-2.9814E-02
-2.5521E-02
-2.6312E-02
-2.8805E-02
-2.7034E-02
-1.9682E-02
-1.0842E-02
-6.2279E-03
-6.0528E-03
-6.5067E-03
-5.0947E-03
-3.6525E-03
-4.7589E-03
-6.7386E-03
-7.0210E-03
-4.3014E-03
1.0725E-03
5.9124E-03
6.8013E-03
3.1805E-03
-1.9747E-03
-4.0704E-03
-9.9425E-04
5.1220E-03
1.0515E-02
1.3717E-02
1.5769E-02
1.7316E-02
1.7854E-02
1.7716E-02
1.6900E-02
1.4360E-02
1.1642E-02
1.0943E-02
1.2804E-02
1.6262E-02
1.8918E-02
2.0632E-02
2.3178E-02
2.7466E-02
3.3114E-02
3.8812E-02
4.2981E-02
4.4181E-02
4.1578E-02
3.5343E-02
2.8366E-02
2.3262E-02
2.0015E-02
1.9126E-02
1.8920E-02
1.7162E-02
1.6233E-02
1.8540E-02
2.3581E-02
2.7736E-02
2.7280E-02
2.4303E-02
2.1966E-02
2.0441E-02
1.9264E-02
1.7792E-02
1.6996E-02
1.8335E-02
2.0484E-02
2.0376E-02
1.8168E-02
1.8392E-02
2.1923E-02
2.4822E-02
2.4876E-02
2.2207E-02
1.8718E-02
1.4917E-02
9.0065E-03
1.1060E-03
-7.5626E-03
-1.3479E-02
-1.2863E-02
-8.1134E-03
-4.1055E-03
-2.4411E-03
-1.8398E-03
-8.4229E-04
-9.0406E-04
-5.1618E-03
-1.1622E-02
-1.5377E-02
-1.6248E-02
-1.6062E-02
-1.6090E-02
-1.7201E-02
-1.7405E-02
-1.4392E-02
-9.6010E-03
-7.1943E-03
-9.6990E-03
-1.3575E-02
-1.2985E-02
-7.8263E-03
-3.6554E-03
-4.3911E-03
-7.6041E-03
-8.9460E-03
-7.6484E-03
-5.9212E-03
-5.2443E-03
-3.7165E-03
1.1199E-03
7.9473E-03
1.3465E-02
1.6875E-02
1.9068E-02
1.9165E-02
1.5519E-02
8.9130E-03
2.0265E-03
-3.1150E-03
-5.8605E-03
-5.7958E-03
-2.5921E-03
1.8393E-03
5.7147E-03
8.8053E-03
1.0057E-02
8.8030E-03
4.8003E-03
-2.4360E-04
-3.6217E-03
-5.4748E-03
-6.7039E-03
-7.5654E-03
-7.4259E-03
-6.3386E-03
-6.7894E-03
-9.7166E-03
-1.2484E-02
-1.2712E-02
-1.1358E-02
-1.1158E-02
-1.2435E-02
-1.3248E-02
-1.2238E-02
-9.1063E-03
-5.2654E-03
-2.1747E-03
4.5358E-04
3.1480E-03
5.3786E-03
5.5661E-03
3.8362E-03
2.4621E-03
1.3541E-03
-9.9791E-04
-4.6178E-03
-8.6549E-03
-1.0785E-02
-1.0912E-02
-1.1137E-02
-1.0386E-02
-7.9287E-03
-4.9674E-03
-2.2167E-03
-1.1216E-03
-1.9122E-03
-3.5361E-03
-6.5930E-03
-9.9460E-03
-1.0615E-02
-9.6622E-03
-9.7742E-03
-1.0704E-02
-1.0654E-02
-8.7350E-03
-6.4521E-03
-5.6525E-03
-6.1434E-03
-7.2859E-03
-8.9077E-03
-1.0371E-02
-1.1123E-02
-9.9999E-03
-6.6470E-03
-3.4546E-03
-4.6775E-04
2.9816E-03
5.2468E-03
6.7137E-03
8.5165E-03
1.0240E-02
9.6782E-03
5.2599E-03
-2.3138E-04
-2.7199E-03
-2.3691E-03
-2.1471E-03
-1.9620E-03
-5.2661E-04
1.7909E-03
4.5462E-03
6.7269E-03
7.8473E-03
9.2532E-03
1.1335E-02
1.2047E-02
9.6929E-03
5.2560E-03
2.0200E-03
1.1922E-03
2.1366E-04
-1.7337E-03
-2.4743E-03
-9.5868E-04
1.7746E-03
4.9549E-03
8.2221E-03
1.0233E-02
9.5767E-03
7.4156E-03
6.4049E-03
6.5706E-03
6.9173E-03
7.5356E-03
8.1208E-03
8.4854E-03
9.4217E-03
1.1499E-02
1.4192E-02
1.5686E-02
1.4471E-02
1.2032E-02
1.0438E-02
1.0003E-02
1.0379E-02
1.0714E-02
1.0581E-02
1.0539E-02
1.1475E-02
1.2717E-02
1.0850E-02
5.7558E-03
1.8568E-03
3.1063E-04
-5.7411E-04
-9.4580E-04
2.6130E-04
3.2258E-03
6.1053E-03
6.6729E-03
5.0942E-03
3.1686E-03
2.0435E-03
1.8606E-03
7.1358E-04
-1.3091E-03
-9.1485E-04
1.9377E-03
4.4038E-03
4.3632E-03
2.9218E-03
3.0747E-03
4.6178E-03
4.8958E-03
3.1935E-03
1.1867E-03
5.0018E-04
2.1937E-03
5.2493E-03
7.0376E-03
6.6331E-03
4.4743E-03
1.9611E-03
-1.0373E-04
-2.6068E-03
-5.1815E-03
-6.4243E-03
-6.1975E-03
-5.4418E-03
-5.6325E-03
-7.4446E-03
-9.6146E-03
-1.0948E-02
-1.1572E-02
-1.1620E-02
-1.0912E-02
-9.1448E-03
-6.6093E-03
-4.9005E-03
-4.4150E-03
-3.9914E-03
-2.8585E-03
-3.8404E-05
4.3302E-03
8.6140E-03
1.2652E-02
1.6935E-02
2.0296E-02
2.1742E-02
2.1893E-02
2.1622E-02
2.1578E-02
2.1428E-02
2.0666E-02
2.0895E-02
2.3250E-02
2.6473E-02
2.8476E-02
2.7364E-02
2.3819E-02
2.0741E-02
1.9381E-02
1.8581E-02
1.6874E-02
1.4585E-02
1.3299E-02
1.3627E-02
1.4431E-02
1.3366E-02
1.0248E-02
6.7778E-03
2.6028E-03
-1.9821E-03
-5.0800E-03
-6.7145E-03
-8.8349E-03
-1.2532E-02
-1.6486E-02
-1.9466E-02
-2.1223E-02
-2.1445E-02
-2.0314E-02
-1.7685E-02
-1.4128E-02
-1.1689E-02
-1.0786E-02
-1.1585E-02
-1.4071E-02
-1.5700E-02
-1.5269E-02
-1.3200E-02
-1.0474E-02
-9.4897E-03
-1.0793E-02
-1.2667E-02
-1.3919E-02
-1.4781E-02
-1.5805E-02
-1.5905E-02
-1.3551E-02
-1.0306E-02
-9.1647E-03
-9.7939E-03
-1.0060E-02
-9.5147E-03
-8.5997E-03
-7.4924E-03
-5.8831E-03
-3.6444E-03
-1.7388E-03
-9.7391E-04
-2.1084E-03
-6.0149E-03
-1.0815E-02
-1.4289E-02
-1.6940E-02
-1.8044E-02
-1.6663E-02
-1.3913E-02
-1.1111E-02
-1.0220E-02
-1.1148E-02
-1.0963E-02
-9.0089E-03
-7.4234E-03
-7.7180E-03
-8.9318E-03
-8.5933E-03
-6.7960E-03
-5.5623E-03
-4.8085E-03
-3.9484E-03
-2.2944E-03
6.6650E-05
1.1463E-03
2.1322E-04
-2.1760E-03
-4.5230E-03
-5.7636E-03
-6.7524E-03
-8.4390E-03
-1.0485E-02
-1.0779E-02
-8.4677E-03
-5.2267E-03
-3.1121E-03
-2.6794E-03
-2.0282E-03
-7.5927E-04
-7.0460E-04
-1.8481E-03
-2.2821E-03
-9.3935E-04
3.2622E-04
-1.0494E-03
-4.6610E-03
-8.3509E-03
-1.0374E-02
-9.8557E-03
-8.1242E-03
-7.0789E-03
-5.9097E-03
-2.8200E-03
1.4829E-03
4.4950E-03
5.2482E-03
4.6753E-03
3.9513E-03
2.9187E-03
7.6679E-04
-1.3502E-03
-2.6105E-03
-4.9199E-03
-8.6483E-03
-1.1461E-02
-1.2834E-02
-1.3024E-02
-1.1422E-02
-9.2432E-03
-9.5305E-03
-1.3134E-02
-1.5831E-02
-1.5025E-02
-1.2997E-02
-1.1350E-02
-1.0675E-02
-1.0671E-02
-1.0644E-02
-1.0981E-02
-1.2316E-02
-1.5378E-02
-1.8624E-02
-1.9298E-02
-1.8083E-02
-1.7860E-02
-1.9606E-02
-2.0726E-02
-1.9946E-02
-1.9350E-02
-1.8878E-02
-1.7886E-02
-1.6829E-02
-1.5737E-02
-1.5098E-02
-1.4734E-02
-1.4302E-02
-1.3464E-02
-1.1745E-02
-1.0099E-02
-9.7835E-03
-9.7712E-03
-7.9250E-03
-5.1271E-03
-3.7874E-03
-3.6843E-03
-3.1269E-03
-1.1661E-03
1.7431E-03
4.1598E-03
5.2504E-03
4.7193E-03
3.3783E-03
3.7450E-03
6.4621E-03
8.4785E-03
8.1246E-03
7.9625E-03
9.8127E-03
1.1465E-02
9.8773E-03
6.6166E-03
6.0229E-03
8.4239E-03
1.1145E-02
1.1819E-02
1.0507E-02
9.0424E-03
7.7711E-03
6.7066E-03
5.6863E-03
4.5781E-03
4.4586E-03
5.4987E-03
6.2377E-03
5.8571E-03
5.4654E-03
6.2373E-03
8.1179E-03
1.0490E-02
1.2091E-02
1.2305E-02
1.2820E-02
1.4663E-02
1.6577E-02
1.7128E-02
1.6275E-02
1.5122E-02
1.3851E-02
1.2263E-02
1.0415E-02
8.8873E-03
8.5644E-03
8.9945E-03
9.6221E-03
1.0807E-02
1.3101E-02
1.5463E-02
1.6167E-02
1.5826E-02
1.5407E-02
1.4950E-02
1.5124E-02
1.5788E-02
1.5374E-02
1.4001E-02
1.3701E-02
1.4653E-02
1.5361E-02
1.5900E-02
1.6258E-02
1.5033E-02
1.2732E-02
1.0954E-02
1.0350E-02
1.1020E-02
1.1405E-02
1.0440E-02
8.6639E-03
6.3060E-03
4.4902E-03
4.4099E-03
4.7353E-03
3.6264E-03
3.2845E-03
6.1802E-03
9.7758E-03
1.1563E-02
1.2181E-02
1.2834E-02
1.2662E-02
1.1643E-02
1.2440E-02
1.3886E-02
1.3984E-02
1.3800E-02
1.3276E-02
1.2440E-02
1.1055E-02
8.9776E-03
7.2566E-03
5.4835E-03
3.9130E-03
3.7622E-03
4.2983E-03
3.8327E-03
2.0822E-03
2.4592E-05
-1.7212E-03
-3.0992E-03
-4.7667E-03
-6.7468E-03
-7.9663E-03
-8.9183E-03
-1.0743E-02
-1.3497E-02
-1.6559E-02
-1.8513E-02
-1.8861E-02
-1.8042E-02
-1.6588E-02
-1.5371E-02
-1.4215E-02
-1.3116E-02
-1.3344E-02
-1.4829E-02
-1.5718E-02
-1.5491E-02
-1.6038E-02
-1.8114E-02
-1.9487E-02
-1.9279E-02
-1.9162E-02
-1.9615E-02
-2.0231E-02
-2.0814E-02
-2.0744E-02
-1.9686E-02
-1.8332E-02
-1.7985E-02
-1.8748E-02
-1.9441E-02
-1.9662E-02
-1.9877E-02
-2.0130E-02
-1.9399E-02
-1.7343E-02
-1.5173E-02
-1.3116E-02
-1.1790E-02
-1.2965E-02
-1.5119E-02
-1.4920E-02
-1.2358E-02
-1.0111E-02
-9.3056E-03
-8.1638E-03
-5.7758E-03
-3.4341E-03
-2.1917E-03
-2.6870E-03
-3.9672E-03
-3.7505E-03
-2.2258E-03
-3.4022E-04
2.1007E-03
4.5321E-03
7.1922E-03
1.0044E-02
1.1478E-02
1.1556E-02
1.1502E-02
1.2486E-02
1.4188E-02
1.4351E-02
1.2601E-02
1.0337E-02
8.5695E-03
7.4191E-03
6.5477E-03
7.1056E-03
9.7212E-03
1.2161E-02
1.2160E-02
1.0289E-02
8.9419E-03
7.8623E-03
5.6277E-03
3.4961E-03
2.2125E-03
1.7726E-03
2.6452E-03
4.8921E-03
8.5631E-03
1.1850E-02
1.2928E-02
1.3205E-02
1.3942E-02
1.4672E-02
1.5079E-02
1.4624E-02
1.3105E-02
1.1630E-02
1.0724E-02
9.9478E-03
8.7572E-03
6.9857E-03
5.2176E-03
3.5070E-03
2.1321E-03
9.4116E-04
-1.6392E-03
-5.3130E-03
-8.4389E-03
-1.0076E-02
-1.1188E-02
-1.3530E-02
-1.5463E-02
-1.5708E-02
-1.5712E-02
-1.6685E-02
-1.9004E-02
-2.0608E-02
-2.0549E-02
-2.0786E-02
-2.1814E-02
-2.2666E-02
-2.2272E-02
-2.0810E-02
-2.0092E-02
-2.1119E-02
-2.3187E-02
-2.4914E-02
-2.5997E-02
-2.7005E-02
-2.7355E-02
-2.6487E-02
-2.4862E-02
-2.3230E-02
-2.1985E-02
-2.0976E-02
-2.0285E-02
-1.9513E-02
-1.8736E-02
-1.8750E-02
-1.8757E-02
-1.8048E-02
-1.7308E-02
-1.7196E-02
-1.7767E-02
-1.7891E-02
-1.6615E-02
-1.4554E-02
-1.2612E-02
-1.1321E-02
-1.0787E-02
-1.0814E-02
-1.1478E-02
-1.2303E-02
-1.2449E-02
-1.1706E-02
-9.4343E-03
-6.0796E-03
-3.8646E-03
-3.5021E-03
-3.4996E-03
-2.7873E-03
-2.0791E-03
-1.6917E-03
-4.1488E-04
3.2598E-03
8.5951E-03
1.2222E-02
1.3197E-02
1.4120E-02
1.6718E-02
1.9968E-02
2.2109E-02
2.3367E-02
2.5879E-02
3.0137E-02
3.3777E-02
3.5962E-02
3.8245E-02
4.1520E-02
4.5651E-02
4.9072E-02
5.0503E-02
5.0735E-02
5.1028E-02
5.2027E-02
5.3335E-02
5.4296E-02
5.5036E-02
5.5868E-02
5.6102E-02
5.5174E-02
5.3759E-02
5.1533E-02
4.8539E-02
4.6344E-02
4.4660E-02
4.2673E-02
4.1554E-02
4.2431E-02
4.4364E-02
4.6183E-02
4.8196E-02
4.9666E-02
4.9076E-02
4.6866E-02
4.5006E-02
4.4651E-02
4.4257E-02
4.2253E-02
4.0046E-02
3.9314E-02
3.9895E-02
4.0442E-02
3.9956E-02
3.8869E-02
3.7649E-02
3.6467E-02
3.5137E-02
3.3227E-02
3.1161E-02
2.9864E-02
2.9879E-02
2.9971E-02
2.8310E-02
2.4674E-02
2.0423E-02
1.7627E-02
1.6050E-02
1.3867E-02
1.0872E-02
8.1767E-03
6.8561E-03
5.9388E-03
4.6439E-03
4.1941E-03
4.7091E-03
4.9576E-03
3.6333E-03
9.8190E-04
-1.5572E-03
-3.5155E-03
-4.7986E-03
-6.0367E-03
-8.0851E-03
-1.0461E-02
-1.2463E-02
-1.3775E-02
-1.4790E-02
-1.6424E-02
-1.8479E-02
-1.9956E-02