7.2010E+03
5.0000E-03
-2.4151E-03
-2.4509E-03
-2.9450E-03
-3.4299E-03
-3.0300E-03
-1.5886E-03
5.3771E-04
2.8459E-03
4.5934E-03
5.0686E-03
3.9878E-03
1.6759E-03
-9.0625E-04
-2.5923E-03
-3.0104E-03
-2.4559E-03
-1.1821E-03
1.7353E-04
5.5916E-04
8.0514E-07
-7.0943E-04
-1.3542E-03
-1.6198E-03
-9.8739E-04
8.4274E-04
3.2734E-03
5.2540E-03
6.2197E-03
6.1247E-03
5.2390E-03
3.9816E-03
2.4757E-03
1.0794E-03
-6.2809E-06
-8.3109E-04
-1.3957E-03
-1.8909E-03
-2.2969E-03
-2.5294E-03
-2.3444E-03
-1.3489E-03
4.1638E-04
2.1749E-03
3.4940E-03
4.3575E-03
4.6730E-03
4.4814E-03
4.4693E-03
4.9924E-03
5.8508E-03
6.6900E-03
7.2699E-03
7.1988E-03
5.8120E-03
3.1160E-03
-1.8971E-04
-3.4987E-03
-6.0589E-03
-7.2520E-03
-6.7579E-03
-4.6627E-03
-2.0440E-03
-1.5867E-04
1.3596E-04
-1.3747E-03
-4.1463E-03
-7.0525E-03
-8.9479E-03
-9.1655E-03
-7.9718E-03
-6.4083E-03
-5.3431E-03
-5.0508E-03
-5.5646E-03
-6.6560E-03
-7.6212E-03
-7.8288E-03
-6.9962E-03
-5.3981E-03
-3.7584E-03
-2.6896E-03
-2.5851E-03
-3.5034E-03
-4.7000E-03
-5.1768E-03
-4.3187E-03
-2.5123E-03
-3.0032E-04
1.8638E-03
3.3528E-03
3.7584E-03
3.1911E-03
2.3347E-03
2.4237E-03
3.7950E-03
5.8063E-03
7.4491E-03
7.8958E-03
6.9245E-03
4.8413E-03
2.2354E-03
-1.5836E-04
-1.5258E-03
-8.8076E-04
1.9202E-03
5.4842E-03
8.0325E-03
8.5481E-03
6.8160E-03
3.1819E-03
-1.5190E-03
-5.8821E-03
-8.2950E-03
-8.3133E-03
-6.9943E-03
-5.5928E-03
-4.9844E-03
-5.5049E-03
-6.8606E-03
-8.3567E-03
-9.0381E-03
-8.7453E-03
-7.6583E-03
-5.9135E-03
-3.8278E-03
-2.0579E-03
-1.1872E-03
-9.7602E-04
-9.9152E-04
-1.6447E-03
-3.3798E-03
-5.5099E-03
-7.2087E-03
-7.8551E-03
-6.7315E-03
-3.9179E-03
-5.9025E-04
2.4033E-03
4.6800E-03
6.1384E-03
6.6951E-03
6.0902E-03
4.3921E-03
2.2206E-03
2.9973E-04
-1.1905E-03
-2.3311E-03
-3.1030E-03
-3.6578E-03
-4.2834E-03
-4.7138E-03
-4.1401E-03
-2.1051E-03
9.2256E-04
4.1028E-03
6.9842E-03
8.7824E-03
8.4382E-03
6.0480E-03
2.5488E-03
-6.7229E-04
-2.4383E-03
-2.5987E-03
-1.4656E-03
3.4555E-04
1.2157E-03
-2.0022E-05
-2.9765E-03
-6.5480E-03
-9.3478E-03
-1.0146E-02
-8.6414E-03
-5.2922E-03
-1.2619E-03
2.3274E-03
4.6476E-03
4.9646E-03
3.7218E-03
1.6334E-03
-1.1109E-03
-4.0008E-03
-6.0648E-03
-6.7836E-03
-6.2287E-03
-4.5627E-03
-2.0110E-03
9.2214E-04
3.2139E-03
3.6989E-03
1.7264E-03
-2.0593E-03
-5.9054E-03
-8.1775E-03
-7.8192E-03
-4.5663E-03
6.0404E-04
5.9930E-03
9.8765E-03
1.0979E-02
8.7908E-03
4.0069E-03
-1.5696E-03
-6.1635E-03
-7.8948E-03
-5.6187E-03
-5.3147E-04
5.1111E-03
9.2654E-03
1.0661E-02
8.9967E-03
5.5878E-03
2.6096E-03
1.6618E-03
3.4871E-03
7.6377E-03
1.2481E-02
1.5796E-02
1.6232E-02
1.4247E-02
1.1513E-02
9.6369E-03
9.5848E-03
1.1328E-02
1.4187E-02
1.7256E-02
1.9434E-02
2.0375E-02
2.0665E-02
2.0673E-02
2.0603E-02
2.0625E-02
2.0835E-02
2.1209E-02
2.1122E-02
1.9444E-02
1.5688E-02
1.0448E-02
5.1529E-03
1.0264E-03
-1.7659E-03
-3.1492E-03
-3.0696E-03
-2.7292E-03
-3.4073E-03
-5.4305E-03
-8.3746E-03
-1.1400E-02
-1.4001E-02
-1.5964E-02
-1.6959E-02
-1.6670E-02
-1.5679E-02
-1.5054E-02
-1.5208E-02
-1.5743E-02
-1.5546E-02
-1.3666E-02
-1.0615E-02
-7.2973E-03
-4.1843E-03
-1.8775E-03
-1.0570E-03
-1.5174E-03
-1.9299E-03
-1.0362E-03
1.1279E-03
3.9092E-03
6.8207E-03
9.2131E-03
1.0633E-02
1.0848E-02
9.9187E-03
8.1757E-03
6.3375E-03
5.3242E-03
5.7828E-03
7.3914E-03
8.9913E-03
9.6582E-03
9.2340E-03
7.8369E-03
5.6941E-03
3.3341E-03
1.5408E-03
1.1006E-03
2.1560E-03
4.2116E-03
7.0278E-03
1.0270E-02
1.3034E-02
1.4494E-02
1.4512E-02
1.3760E-02
1.3066E-02
1.2867E-02
1.3051E-02
1.3568E-02
1.4597E-02
1.5962E-02
1.7105E-02
1.7815E-02
1.8366E-02
1.9177E-02
2.0635E-02
2.2652E-02
2.4283E-02
2.4836E-02
2.5111E-02
2.5807E-02
2.6406E-02
2.6349E-02
2.6250E-02
2.6601E-02
2.7050E-02
2.7045E-02
2.6503E-02
2.5317E-02
2.3332E-02
2.0641E-02
1.7564E-02
1.4111E-02
1.0304E-02
6.4789E-03
3.7056E-03
2.9750E-03
3.8637E-03
5.4872E-03
7.1172E-03
8.0055E-03
7.3561E-03
4.9210E-03
1.2112E-03
-2.7772E-03
-6.2505E-03
-8.8378E-03
-1.0426E-02
-1.1463E-02
-1.2528E-02
-1.3997E-02
-1.5898E-02
-1.8196E-02
-2.0645E-02
-2.2834E-02
-2.4289E-02
-2.4371E-02
-2.2883E-02
-2.0394E-02
-1.7506E-02
-1.5120E-02
-1.4310E-02
-1.5556E-02
-1.8168E-02
-2.1065E-02
-2.3169E-02
-2.3420E-02
-2.1636E-02
-1.8610E-02
-1.5494E-02
-1.3186E-02
-1.1732E-02
-1.0563E-02
-9.1321E-03
-6.9926E-03
-3.9609E-03
-2.0544E-04
3.9362E-03
7.5994E-03
9.4058E-03
8.5673E-03
4.8187E-03
-1.3857E-03
-8.7383E-03
-1.5323E-02
-1.9425E-02
-2.0431E-02
-1.9250E-02
-1.7223E-02
-1.4870E-02
-1.2578E-02
-1.1266E-02
-1.1669E-02
-1.3503E-02
-1.5971E-02
-1.8255E-02
-2.0065E-02
-2.1577E-02
-2.2861E-02
-2.3924E-02
-2.5099E-02
-2.7041E-02
-3.0133E-02
-3.4199E-02
-3.8613E-02
-4.2900E-02
-4.6777E-02
-4.9744E-02
-5.1638E-02
-5.2309E-02
-5.1460E-02
-4.9194E-02
-4.6038E-02
-4.2662E-02
-4.0095E-02
-3.8715E-02
-3.7975E-02
-3.7825E-02
-3.8887E-02
-4.0973E-02
-4.2775E-02
-4.3457E-02
-4.3209E-02
-4.2561E-02
-4.2029E-02
-4.1844E-02
-4.1878E-02
-4.1942E-02
-4.2344E-02
-4.3023E-02
-4.3569E-02
-4.3839E-02
-4.3858E-02
-4.3748E-02
-4.3734E-02
-4.3903E-02
-4.4161E-02
-4.4482E-02
-4.4670E-02
-4.4034E-02
-4.2585E-02
-4.0818E-02
-3.8647E-02
-3.6054E-02
-3.3645E-02
-3.2273E-02
-3.2451E-02
-3.4113E-02
-3.6680E-02
-3.9374E-02
-4.1291E-02
-4.1504E-02
-3.9921E-02
-3.7196E-02
-3.3978E-02
-3.0492E-02
-2.7500E-02
-2.5722E-02
-2.5547E-02
-2.6531E-02
-2.7987E-02
-2.9663E-02
-3.1256E-02
-3.2277E-02
-3.2510E-02
-3.2137E-02
-3.1759E-02
-3.1535E-02
-3.1028E-02
-2.9943E-02
-2.8133E-02
-2.5491E-02
-2.1748E-02
-1.6783E-02
-1.1232E-02
-5.6470E-03
-2.2174E-04
4.6940E-03
8.6946E-03
1.1865E-02
1.4844E-02
1.7715E-02
2.0321E-02
2.2823E-02
2.5552E-02
2.8494E-02
3.1106E-02
3.3077E-02
3.4265E-02
3.4661E-02
3.4394E-02
3.3842E-02
3.3492E-02
3.3427E-02
3.3344E-02
3.3404E-02
3.4060E-02
3.5179E-02
3.6464E-02
3.8261E-02
4.0937E-02
4.3795E-02
4.5722E-02
4.6590E-02
4.6771E-02
4.5728E-02
4.3022E-02
3.8886E-02
3.4067E-02
2.9335E-02
2.4915E-02
2.0640E-02
1.6496E-02
1.2264E-02
7.4866E-03
2.9603E-03
2.0320E-04
-2.7121E-06
2.4476E-03
7.2566E-03
1.3660E-02
2.0293E-02
2.5707E-02
2.9247E-02
3.1114E-02
3.1785E-02
3.1737E-02
3.1435E-02
3.1313E-02
3.1511E-02
3.1902E-02
3.2378E-02
3.2981E-02
3.3629E-02
3.4398E-02
3.5744E-02
3.7946E-02
4.0691E-02
4.3209E-02
4.5135E-02
4.6315E-02
4.6612E-02
4.6270E-02
4.5947E-02
4.5661E-02
4.5076E-02
4.3885E-02
4.1879E-02
3.8794E-02
3.4770E-02
3.0260E-02
2.5699E-02
2.1945E-02
1.9616E-02
1.8647E-02
1.8859E-02
2.0010E-02
2.0898E-02
2.0047E-02
1.6767E-02
1.1475E-02
5.0919E-03
-1.4058E-03
-6.7575E-03
-1.0003E-02
-1.0756E-02
-9.6494E-03
-8.0904E-03
-7.3775E-03
-8.3502E-03
-1.1101E-02
-1.4952E-02
-1.8895E-02
-2.1942E-02
-2.3291E-02
-2.2228E-02
-1.9126E-02
-1.5358E-02
-1.2254E-02
-1.0450E-02
-9.9825E-03
-1.0647E-02
-1.1847E-02
-1.2528E-02
-1.1553E-02
-8.5947E-03
-4.2413E-03
4.3380E-04
4.6268E-03
7.5890E-03
8.4257E-03
7.4357E-03
5.8514E-03
4.2356E-03
2.2207E-03
-6.4154E-04
-4.5878E-03
-9.4052E-03
-1.4459E-02
-1.8768E-02
-2.1472E-02
-2.2497E-02
-2.2336E-02
-2.1482E-02
-2.0410E-02
-1.9816E-02
-2.0147E-02
-2.1292E-02
-2.2954E-02
-2.5131E-02
-2.7636E-02
-2.9685E-02
-3.0635E-02
-3.1028E-02
-3.1174E-02
-3.0298E-02
-2.8473E-02
-2.6843E-02
-2.6200E-02
-2.6513E-02
-2.6949E-02
-2.6915E-02
-2.6805E-02
-2.7101E-02
-2.7753E-02
-2.8540E-02
-2.9342E-02
-2.9988E-02
-3.0343E-02
-3.0379E-02
-3.0054E-02
-2.9874E-02
-3.0858E-02
-3.3656E-02
-3.7752E-02
-4.1803E-02
-4.5236E-02
-4.8143E-02
-4.9836E-02
-4.9001E-02
-4.5650E-02
-4.1665E-02
-3.8729E-02
-3.7379E-02
-3.7127E-02
-3.7231E-02
-3.7103E-02
-3.6484E-02
-3.4766E-02
-3.1368E-02
-2.6841E-02
-2.2624E-02
-1.9701E-02
-1.8190E-02
-1.7457E-02
-1.6236E-02
-1.3577E-02
-9.0971E-03
-3.1799E-03
3.4821E-03
1.0257E-02
1.6469E-02
2.1735E-02
2.5633E-02
2.7439E-02
2.6890E-02
2.5005E-02
2.3645E-02
2.4082E-02
2.6120E-02
2.8634E-02
3.0522E-02
3.1084E-02
3.0298E-02
2.8704E-02
2.7322E-02
2.7245E-02
2.8717E-02
3.1061E-02
3.3215E-02
3.3877E-02
3.2440E-02
2.9791E-02
2.7772E-02
2.7837E-02
3.0693E-02
3.6095E-02
4.2795E-02
4.9175E-02
5.4253E-02
5.8080E-02
6.0707E-02
6.1891E-02
6.1917E-02
6.1315E-02
6.0953E-02
6.1424E-02
6.2395E-02
6.3392E-02
6.3942E-02
6.3432E-02
6.1378E-02
5.7819E-02
5.3292E-02
4.8698E-02
4.5210E-02
4.3694E-02
4.3949E-02
4.4882E-02
4.5224E-02
4.3978E-02
4.0752E-02
3.6067E-02
3.0904E-02
2.6360E-02
2.3228E-02
2.1596E-02
2.0594E-02
1.8995E-02
1.5967E-02
1.0674E-02
2.4942E-03
-8.5600E-03
-2.2039E-02
-3.7076E-02
-5.2574E-02
-6.6894E-02
-7.8115E-02
-8.5009E-02
-8.7302E-02
-8.5770E-02
-8.2051E-02
-7.8090E-02
-7.5406E-02
-7.4291E-02
-7.3858E-02
-7.2807E-02
-7.0237E-02
-6.5953E-02
-6.0296E-02
-5.3884E-02
-4.7328E-02
-4.1813E-02
-3.8181E-02
-3.6183E-02
-3.5118E-02
-3.3952E-02
-3.1677E-02
-2.7728E-02
-2.1871E-02
-1.4470E-02
-6.4901E-03
1.4458E-03
8.8800E-03
1.5267E-02
2.0487E-02
2.5309E-02
3.0597E-02
3.6547E-02
4.2975E-02
4.9424E-02
5.4796E-02
5.7803E-02
5.7573E-02
5.3827E-02
4.7681E-02
4.1346E-02
3.6515E-02
3.3085E-02
3.0325E-02
2.8079E-02
2.6603E-02
2.6185E-02
2.6785E-02
2.8133E-02
2.9964E-02
3.0951E-02
2.9231E-02
2.4228E-02
1.6868E-02
8.3450E-03
-3.3282E-04
-7.9503E-03
-1.3514E-02
-1.6930E-02
-1.8459E-02
-1.8525E-02
-1.8434E-02
-1.9963E-02
-2.3917E-02
-2.9715E-02
-3.5828E-02
-4.1195E-02
-4.5519E-02
-4.8136E-02
-4.7855E-02
-4.3841E-02
-3.6329E-02
-2.6772E-02
-1.7886E-02
-1.2584E-02
-1.1988E-02
-1.4662E-02
-1.7927E-02
-1.9607E-02
-1.8766E-02
-1.6004E-02
-1.2941E-02
-1.0494E-02
-8.6336E-03
-8.2707E-03
-1.0728E-02
-1.5492E-02
-1.9539E-02
-2.0127E-02
-1.6712E-02
-1.0806E-02
-5.0772E-03
-8.8142E-04
2.2056E-03
4.5254E-03
5.4480E-03
5.0052E-03
5.2456E-03
8.4465E-03
1.5102E-02
2.4099E-02
3.3758E-02
4.2852E-02
5.0341E-02
5.5231E-02
5.7066E-02
5.5776E-02
5.2076E-02
4.7736E-02
4.4609E-02
4.2957E-02
4.1323E-02
3.8825E-02
3.6736E-02
3.7360E-02
4.1850E-02
4.9163E-02
5.7787E-02
6.6008E-02
7.1413E-02
7.2364E-02
6.9301E-02
6.3988E-02
5.7991E-02
5.3173E-02
5.1495E-02
5.3815E-02
5.9274E-02
6.5792E-02
7.1470E-02
7.5316E-02
7.6849E-02
7.6273E-02
7.4481E-02
7.1924E-02
6.8413E-02
6.4138E-02
5.9523E-02
5.4366E-02
4.8135E-02
4.0662E-02
3.2694E-02
2.5340E-02
1.8901E-02
1.3562E-02
9.5812E-03
6.9962E-03
5.0568E-03
2.2868E-03
-2.3767E-03
-9.2591E-03
-1.8758E-02
-3.1141E-02
-4.5074E-02
-5.7657E-02
-6.5310E-02
-6.4591E-02
-5.4297E-02
-3.7884E-02
-2.2625E-02
-1.5211E-02
-1.7313E-02
-2.5380E-02
-3.4201E-02
-3.9400E-02
-3.8241E-02
-3.0840E-02
-1.9994E-02
-1.0098E-02
-4.7598E-03
-5.2640E-03
-1.1385E-02
-2.1722E-02
-3.2485E-02
-3.8137E-02
-3.4573E-02
-2.2028E-02
-4.2852E-03
1.4089E-02
2.9824E-02
4.1668E-02
4.9747E-02
5.4426E-02
5.5962E-02
5.4914E-02
5.2106E-02
4.8207E-02
4.3341E-02
3.7471E-02
3.1280E-02
2.6105E-02
2.3082E-02
2.2317E-02
2.3004E-02
2.3325E-02
2.0924E-02
1.5024E-02
7.6472E-03
2.1928E-03
8.8820E-04
3.3832E-03
7.2664E-03
9.6173E-03
7.8528E-03
4.3919E-04
-1.3038E-02
-3.1253E-02
-5.0475E-02
-6.5716E-02
-7.2044E-02
-6.6738E-02
-5.1281E-02
-3.0794E-02
-1.2233E-02
-7.6956E-04
2.8270E-03
1.5603E-03
-1.2202E-03
-4.3412E-03
-7.3396E-03
-8.5949E-03
-6.0526E-03
3.5355E-04
7.0028E-03
9.0481E-03
4.2580E-03
-6.4737E-03
-2.0497E-02
-3.4217E-02
-4.2888E-02
-4.2177E-02
-3.1703E-02
-1.5464E-02
6.7903E-04
1.1608E-02
1.4783E-02
1.1425E-02
5.7464E-03
2.7288E-03
5.6695E-03
1.4677E-02
2.7225E-02
3.9414E-02
4.7864E-02
5.0340E-02
4.6556E-02
3.7969E-02
2.6722E-02
1.5831E-02
9.5028E-03
1.1446E-02
2.1010E-02
3.2453E-02
3.9730E-02
4.0391E-02
3.4818E-02
2.3758E-02
7.8880E-03
-1.0336E-02
-2.6258E-02
-3.5727E-02
-3.7516E-02
-3.3888E-02
-2.8885E-02
-2.5401E-02
-2.3897E-02
-2.2474E-02
-1.7672E-02
-7.4462E-03
7.3935E-03
2.3758E-02
3.7124E-02
4.3593E-02
4.2863E-02
3.8115E-02
3.3183E-02
3.0575E-02
3.0878E-02
3.3243E-02
3.5731E-02
3.6165E-02
3.3605E-02
2.9051E-02
2.4124E-02
1.9521E-02
1.5199E-02
1.1748E-02
1.0475E-02
1.2519E-02
1.9057E-02
3.0143E-02
4.3062E-02
5.3035E-02
5.6552E-02
5.3329E-02
4.5115E-02
3.3551E-02
1.9348E-02
3.7287E-03
-1.1133E-02
-2.2876E-02
-2.9869E-02
-3.2345E-02
-3.2331E-02
-3.2026E-02
-3.2504E-02
-3.3657E-02
-3.4739E-02
-3.4728E-02
-3.2363E-02
-2.7842E-02
-2.3647E-02
-2.1953E-02
-2.2702E-02
-2.4286E-02
-2.5034E-02
-2.3679E-02
-1.9426E-02
-1.2401E-02
-4.6794E-03
6.5773E-05
-1.4280E-03
-9.9853E-03
-2.3276E-02
-3.7234E-02
-4.7877E-02
-5.2675E-02
-5.1940E-02
-4.8099E-02
-4.2456E-02
-3.4300E-02
-2.1951E-02
-5.1285E-03
1.2940E-02
2.7020E-02
3.3800E-02
3.3747E-02
2.8661E-02
1.9044E-02
5.5055E-03
-9.2439E-03
-2.1335E-02
-2.7735E-02
-2.7519E-02
-2.2319E-02
-1.5713E-02
-1.2105E-02
-1.4138E-02
-2.0386E-02
-2.6804E-02
-3.1218E-02
-3.5046E-02
-3.9825E-02
-4.5608E-02
-5.1616E-02
-5.6979E-02
-6.1021E-02
-6.3371E-02
-6.3957E-02
-6.2847E-02
-5.9920E-02
-5.5179E-02
-5.0591E-02
-4.9330E-02
-5.2042E-02
-5.5632E-02
-5.6169E-02
-5.2569E-02
-4.6934E-02
-4.1729E-02
-3.7946E-02
-3.5566E-02
-3.4580E-02
-3.5132E-02
-3.6499E-02
-3.6998E-02
-3.5277E-02
-3.1137E-02
-2.5312E-02
-1.8722E-02
-1.2000E-02
-5.6233E-03
-1.5692E-04
3.2918E-03
3.8134E-03
1.8372E-03
-1.0408E-03
-2.9958E-03
-3.1263E-03
-1.5597E-03
9.9557E-06
-9.7180E-04
-4.9147E-03
-9.3540E-03
-1.1632E-02
-1.0408E-02
-4.9896E-03
4.9198E-03
1.8545E-02
3.3231E-02
4.5341E-02
5.2262E-02
5.3045E-02
4.8560E-02
4.1491E-02
3.4499E-02
2.9743E-02
2.9053E-02
3.3898E-02
4.4073E-02
5.5960E-02
6.3494E-02
6.1398E-02
4.7895E-02
2.5256E-02
2.3397E-04
-1.8166E-02
-2.4169E-02
-1.7671E-02
-1.6285E-03
2.0568E-02
4.4496E-02
6.4553E-02
7.5571E-02
7.5772E-02
6.8271E-02
5.9094E-02
5.2802E-02
5.0073E-02
4.9363E-02
4.9726E-02
5.1917E-02
5.6481E-02
6.2041E-02
6.5766E-02
6.4890E-02
5.8285E-02
4.7138E-02
3.4523E-02
2.3695E-02
1.5692E-02
8.6858E-03
-5.9330E-04
-1.4589E-02
-3.2482E-02
-5.1599E-02
-7.0078E-02
-8.5856E-02
-9.5000E-02
-9.2332E-02
-7.4806E-02
-4.5066E-02
-1.1199E-02
1.7898E-02
3.6765E-02
4.4022E-02
4.0222E-02
2.7394E-02
1.0799E-02
-1.8590E-03
-5.5271E-03
-1.9889E-03
1.8653E-03
-8.0735E-05
-9.4617E-03
-2.3540E-02
-3.7073E-02
-4.5215E-02
-4.5138E-02
-3.5664E-02
-1.7949E-02
3.0769E-03
2.1247E-02
3.4139E-02
4.4159E-02
5.4552E-02
6.5303E-02
7.3432E-02
7.5949E-02
7.1604E-02
6.0932E-02
4.6840E-02
3.4268E-02
2.7307E-02
2.6752E-02
2.9982E-02
3.2818E-02
3.1075E-02
2.1159E-02
3.2716E-03
-1.7061E-02
-3.2434E-02
-3.7737E-02
-3.2040E-02
-1.9536E-02
-8.8071E-03
-8.8419E-03
-2.3130E-02
-4.7635E-02
-7.5357E-02
-1.0126E-01
-1.2139E-01
-1.3137E-01
-1.2881E-01
-1.1655E-01
-1.0101E-01
-8.7482E-02
-7.8914E-02
-7.7078E-02
-8.2199E-02
-9.1640E-02
-1.0095E-01
-1.0573E-01
-1.0294E-01
-9.1156E-02
-7.0406E-02
-4.2599E-02
-1.2660E-02
1.2197E-02
2.6787E-02
3.1466E-02
3.0513E-02
2.8707E-02
3.0397E-02
3.9312E-02
5.5808E-02
7.5410E-02
9.0642E-02
9.5228E-02
8.7918E-02
7.2870E-02
5.6742E-02
4.5099E-02
3.9378E-02
3.5175E-02
2.5373E-02
6.3847E-03
-1.9290E-02
-4.5530E-02
-6.5119E-02
-7.1176E-02
-6.0771E-02
-3.8676E-02
-1.5137E-02
2.5287E-03
1.4114E-02
2.3476E-02
3.2784E-02
4.1335E-02
4.8579E-02
5.4470E-02
5.7562E-02
5.5329E-02
4.6933E-02
3.4672E-02
2.3582E-02
1.8415E-02
2.0541E-02
2.7918E-02
3.6903E-02
4.3575E-02
4.5095E-02
4.0698E-02
3.2186E-02
2.2767E-02
1.5592E-02
1.2930E-02
1.5976E-02
2.3839E-02
3.2445E-02
3.6057E-02
3.1254E-02
1.9635E-02
6.1050E-03
-4.0078E-03
-7.3237E-03
-4.3339E-03
1.4081E-03
6.7850E-03
1.1458E-02
1.6585E-02
2.2238E-02
2.7653E-02
3.2460E-02
3.7056E-02
4.1917E-02
4.6970E-02
5.2289E-02
5.7774E-02
6.2210E-02
6.3663E-02
6.1555E-02
5.7382E-02
5.1970E-02
4.3720E-02
3.1390E-02
1.7518E-02
6.9900E-03
2.5947E-03
2.8839E-03
3.7320E-03
1.5300E-03
-5.0758E-03
-1.4753E-02
-2.3370E-02
-2.6928E-02
-2.4185E-02
-1.6374E-02
-6.1790E-03
3.6446E-03
1.1351E-02
1.6634E-02
2.0409E-02
2.4841E-02
3.2506E-02
4.4192E-02
5.7931E-02
6.9351E-02
7.5158E-02
7.5738E-02
7.2573E-02
6.5019E-02
5.1883E-02
3.4277E-02
1.5601E-02
-1.4730E-03
-1.6565E-02
-2.9277E-02
-3.8481E-02
-4.3426E-02
-4.4900E-02
-4.3923E-02
-3.9198E-02
-2.8152E-02
-8.7527E-03
1.7513E-02
4.5184E-02
6.8288E-02
8.3869E-02
9.2603E-02
9.6380E-02
9.6606E-02
9.4719E-02
9.1758E-02
8.7833E-02
8.2671E-02
7.6116E-02
6.8548E-02
6.1586E-02
5.7186E-02
5.5327E-02
5.3822E-02
5.0478E-02
4.4415E-02
3.5433E-02
2.3988E-02
1.2404E-02
4.1778E-03
1.1470E-03
2.0249E-03
3.8577E-03
4.0885E-03
1.5280E-03
-3.3445E-03
-9.3435E-03
-1.5156E-02
-1.9501E-02
-2.2246E-02
-2.4634E-02
-2.6902E-02
-2.7149E-02
-2.2926E-02
-1.2831E-02
2.7771E-03
2.2311E-02
4.3435E-02
6.2963E-02
7.7757E-02
8.6277E-02
8.9010E-02
8.7374E-02
8.2165E-02
7.4015E-02
6.4855E-02
5.7878E-02
5.5954E-02
5.9673E-02
6.6187E-02
7.0302E-02
6.8645E-02
6.1461E-02
5.0698E-02
3.8609E-02
2.7751E-02
2.0660E-02
1.7703E-02
1.6010E-02
1.1239E-02
6.0880E-04
-1.5237E-02
-3.2551E-02
-4.6938E-02
-5.5358E-02
-5.6546E-02
-5.1338E-02
-4.1783E-02
-3.0880E-02
-2.2943E-02
-2.2446E-02
-3.0195E-02
-4.1972E-02
-5.1488E-02
-5.3601E-02
-4.6359E-02
-3.1144E-02
-1.2635E-02
2.0164E-03
7.3114E-03
3.7818E-03
-1.9138E-03
-1.2730E-03
9.6988E-03
2.8350E-02
4.7746E-02
6.1662E-02
6.7773E-02
6.7408E-02
6.3758E-02
6.0782E-02
6.2477E-02
7.0766E-02
8.4008E-02
9.8152E-02
1.0913E-01
1.1421E-01
1.1261E-01
1.0458E-01
9.0651E-02
7.2865E-02
5.5802E-02
4.5414E-02
4.5376E-02
5.4447E-02
6.7026E-02
7.6852E-02
8.2485E-02
8.7415E-02
9.4632E-02
1.0318E-01
1.0985E-01
1.1148E-01
1.0581E-01
9.2261E-02
7.2970E-02
5.1851E-02
3.1796E-02
1.3729E-02
-1.8428E-03
-1.3629E-02
-2.1172E-02
-2.7099E-02
-3.6134E-02
-5.0611E-02
-6.8420E-02
-8.5282E-02
-9.7279E-02
-1.0246E-01
-1.0057E-01
-9.2737E-02
-8.0777E-02
-6.6502E-02
-5.1566E-02
-3.8820E-02
-3.2759E-02
-3.7342E-02
-5.1707E-02
-6.8707E-02
-8.0354E-02
-8.3714E-02
-8.1203E-02
-7.5869E-02
-6.8123E-02
-5.8053E-02
-4.9097E-02
-4.6841E-02
-5.4965E-02
-7.1996E-02
-9.1781E-02
-1.0687E-01
-1.1211E-01
-1.0676E-01
-9.2778E-02
-7.0497E-02
-4.0505E-02
-7.8863E-03
1.9528E-02
3.6274E-02
4.0255E-02
3.0637E-02
8.9339E-03
-1.8100E-02
-4.1285E-02
-5.5728E-02
-6.3080E-02
-6.7048E-02
-6.9511E-02
-7.0445E-02
-6.9422E-02
-6.5948E-02
-5.8546E-02
-4.6151E-02
-3.1219E-02
-1.8980E-02
-1.3443E-02
-1.4950E-02
-2.1358E-02
-3.0287E-02
-3.9965E-02
-4.8265E-02
-5.1827E-02
-4.7709E-02
-3.5704E-02
-1.8723E-02
-8.9826E-04
1.4463E-02
2.4790E-02
2.7856E-02
2.2603E-02
1.0640E-02
-3.4649E-03
-1.4804E-02
-2.1243E-02
-2.3222E-02
-2.1848E-02
-1.8686E-02
-1.5563E-02
-1.3182E-02
-9.9617E-03
-3.2020E-03
7.5877E-03
2.0121E-02
3.1946E-02
4.1645E-02
4.7622E-02
4.7995E-02
4.2255E-02
3.1819E-02
1.8861E-02
5.7307E-03
-4.8713E-03
-1.1799E-02
-1.6824E-02
-2.2104E-02
-2.7069E-02
-2.9220E-02
-2.7852E-02
-2.4570E-02
-2.0208E-02
-1.3998E-02
-5.4530E-03
3.4620E-03
9.4208E-03
1.0748E-02
7.2484E-03
-1.1174E-03
-1.3312E-02
-2.6659E-02
-3.8098E-02
-4.5750E-02
-4.8387E-02
-4.4987E-02
-3.5796E-02
-2.2082E-02
-6.0649E-03
8.5589E-03
1.8264E-02
2.3023E-02
2.6343E-02
3.1379E-02
3.8988E-02
4.9649E-02
6.4592E-02
8.3663E-02
1.0340E-01
1.1802E-01
1.2290E-01
1.1737E-01
1.0442E-01
8.8350E-02
7.3913E-02
6.5050E-02
6.2675E-02
6.4989E-02
6.8941E-02
7.0844E-02
6.6885E-02
5.4652E-02
3.5536E-02
1.3530E-02
-8.1710E-03
-2.8107E-02
-4.5540E-02
-6.0137E-02
-7.2356E-02
-8.2601E-02
-9.0338E-02
-9.5215E-02
-9.7714E-02
-9.8752E-02
-9.8638E-02
-9.7186E-02
-9.5017E-02
-9.2279E-02
-8.7557E-02
-7.9025E-02
-6.5954E-02
-4.8406E-02
-2.7052E-02
-2.7505E-03
2.3640E-02
5.1394E-02
8.0246E-02
1.0924E-01
1.3610E-01
1.5809E-01
1.7291E-01
1.7915E-01
1.7582E-01
1.6280E-01
1.4230E-01
1.1820E-01
9.3458E-02
6.8950E-02
4.4991E-02
2.1417E-02
-2.9123E-03
-2.8917E-02
-5.5192E-02
-7.8418E-02
-9.6496E-02
-1.1035E-01
-1.2230E-01
-1.3417E-01
-1.4704E-01
-1.6146E-01
-1.7584E-01
-1.8568E-01
-1.8620E-01
-1.7572E-01
-1.5671E-01
-1.3486E-01
-1.1620E-01
-1.0350E-01
-9.5696E-02
-9.0466E-02
-8.6610E-02
-8.3061E-02
-7.7411E-02
-6.7071E-02
-5.1334E-02
-3.1089E-02
-7.6129E-03
1.7414E-02
4.2724E-02
6.8962E-02
9.9406E-02
1.3717E-01
1.8054E-01
2.2337E-01
2.5910E-01
2.8320E-01
2.9440E-01
2.9577E-01
2.9269E-01
2.8741E-01
2.7680E-01
2.5565E-01
2.2162E-01
1.7848E-01
1.3446E-01
9.7109E-02
7.0002E-02
5.4610E-02
5.1831E-02
5.9027E-02
6.8992E-02
7.5626E-02
7.8335E-02
7.8783E-02
7.5054E-02
6.2020E-02
3.8654E-02
1.2103E-02
-8.5943E-03
-2.1170E-02
-2.9643E-02
-3.6293E-02
-4.1002E-02
-4.6653E-02
-5.6856E-02
-6.9002E-02
-7.5947E-02
-7.4246E-02
-6.6184E-02
-5.6019E-02
-4.6810E-02
-4.0254E-02
-3.8741E-02
-4.5683E-02
-6.1851E-02
-8.1465E-02
-9.4553E-02
-9.4264E-02
-8.2280E-02
-6.7229E-02
-5.6401E-02
-4.9896E-02
-4.4797E-02
-4.3534E-02
-5.3143E-02
-7.4177E-02
-9.6259E-02
-1.0708E-01
-1.0002E-01
-7.2224E-02
-2.4777E-02
3.1086E-02
7.6088E-02
9.8744E-02
1.0523E-01
1.0969E-01
1.1912E-01
1.3058E-01
1.3904E-01
1.4416E-01
1.5000E-01
1.5877E-01
1.6566E-01
1.6170E-01
1.4130E-01
1.0873E-01
7.8485E-02
6.4109E-02
6.4500E-02
6.4762E-02
5.1194E-02
2.3069E-02
-8.6472E-03
-3.1129E-02
-3.9315E-02
-3.8908E-02
-4.0628E-02
-4.9610E-02
-6.0799E-02
-6.7444E-02
-6.8993E-02
-6.7406E-02
-6.1508E-02
-5.0083E-02
-3.6501E-02
-2.4649E-02
-1.2440E-02
4.8124E-03
2.5666E-02
4.3047E-02
5.3278E-02
6.0177E-02
6.9328E-02
8.2390E-02
9.8107E-02
1.1463E-01
1.2910E-01
1.3785E-01
1.3762E-01
1.2607E-01
1.0321E-01
7.5141E-02
5.3231E-02
4.4966E-02
4.6463E-02
4.7853E-02
4.5515E-02
4.4452E-02
4.8697E-02
5.4427E-02
5.4587E-02
4.7494E-02
3.8688E-02
3.4520E-02
3.5573E-02
3.6481E-02
3.1853E-02
2.0820E-02
4.9535E-03
-1.4851E-02
-3.6309E-02
-5.4242E-02
-6.4967E-02
-7.1003E-02
-7.6461E-02
-7.9089E-02
-7.2484E-02
-5.6429E-02
-4.1590E-02
-4.1140E-02
-5.6936E-02
-7.8687E-02
-9.6513E-02
-1.0913E-01
-1.1869E-01
-1.2571E-01
-1.3229E-01
-1.4119E-01
-1.4898E-01
-1.4816E-01
-1.3779E-01
-1.2450E-01
-1.1248E-01
-1.0066E-01
-8.8664E-02
-7.6478E-02
-5.7821E-02
-2.2047E-02
3.3954E-02
1.0024E-01
1.6187E-01
2.0900E-01
2.4098E-01
2.6533E-01
2.8987E-01
3.1163E-01
3.1788E-01
3.0146E-01
2.7079E-01
2.4199E-01
2.2399E-01
2.1461E-01
2.0802E-01
2.0150E-01
1.9593E-01
1.9388E-01
1.9829E-01
2.1000E-01
2.2402E-01
2.3127E-01
2.2732E-01
2.1676E-01
2.0669E-01
1.9910E-01
1.9119E-01
1.8012E-01
1.6557E-01
1.4959E-01
1.3377E-01
1.1608E-01
9.3469E-02
6.8738E-02
4.9262E-02
3.5922E-02
1.8961E-02
-1.0314E-02
-4.9326E-02
-9.0237E-02
-1.3046E-01
-1.6960E-01
-2.0037E-01
-2.1065E-01
-1.9447E-01
-1.5618E-01
-1.0445E-01
-4.8599E-02
-4.8005E-04
2.7335E-02
2.8242E-02
4.1049E-03
-3.7942E-02
-8.7890E-02
-1.3399E-01
-1.6785E-01
-1.8975E-01
-2.0584E-01
-2.1992E-01
-2.3201E-01
-2.4222E-01
-2.5386E-01
-2.6847E-01
-2.7618E-01
-2.5831E-01
-2.0759E-01
-1.4018E-01
-7.8992E-02
-2.7408E-02
2.8003E-02
8.9015E-02
1.3689E-01
1.5362E-01
1.3803E-01
9.8208E-02
4.2203E-02
-1.8431E-02
-6.7387E-02
-9.4059E-02
-1.0262E-01
-1.0448E-01
-1.0493E-01
-1.0283E-01
-9.7057E-02
-8.8462E-02
-7.7492E-02
-6.2844E-02
-4.2459E-02
-1.5390E-02
1.6204E-02
4.6296E-02
6.7228E-02
7.4245E-02
6.7543E-02
4.9778E-02
2.3494E-02
-8.4673E-03
-3.9884E-02
-6.0563E-02
-6.2314E-02
-4.6015E-02
-2.3426E-02
-9.4025E-03
-1.0411E-02
-2.1647E-02
-3.5861E-02
-5.1811E-02
-7.0876E-02
-8.9976E-02
-1.0295E-01
-1.0722E-01
-1.0656E-01
-1.0843E-01
-1.1954E-01
-1.4121E-01
-1.6730E-01
-1.8849E-01
-2.0028E-01
-2.0337E-01
-1.9875E-01
-1.8559E-01
-1.6293E-01
-1.3405E-01
-1.0640E-01
-8.4411E-02
-6.4083E-02
-3.8493E-02
-8.5094E-03
1.7505E-02
3.5319E-02
4.9881E-02
6.7854E-02
9.0989E-02
1.1892E-01
1.5193E-01
1.8688E-01
2.1520E-01
2.2880E-01
2.2634E-01
2.1335E-01
1.9624E-01
1.7702E-01
1.5435E-01
1.2776E-01
9.9421E-02
7.2293E-02
4.8074E-02
2.6337E-02
5.0637E-03
-1.5741E-02
-3.1039E-02
-3.3544E-02
-2.1930E-02
-5.9903E-03
-4.0278E-04
-1.0767E-02
-2.6424E-02
-2.8479E-02
-5.4410E-03
3.8691E-02
8.9171E-02
1.3084E-01
1.5564E-01
1.6432E-01
1.6270E-01
1.5568E-01
1.4492E-01
1.3005E-01
1.1149E-01
9.3694E-02
8.2324E-02
7.7881E-02
7.4859E-02
6.6003E-02
4.5128E-02
9.3647E-03
-3.7271E-02
-8.3712E-02
-1.1809E-01
-1.3407E-01
-1.3098E-01
-1.0975E-01
-7.2837E-02
-3.0204E-02
2.0623E-03
1.6519E-02
2.2305E-02
3.0072E-02
3.2758E-02
1.3927E-02
-2.3456E-02
-4.9188E-02
-3.4978E-02
1.3062E-02
5.9542E-02
7.7982E-02
7.5150E-02
7.5219E-02
8.8401E-02
1.0268E-01
1.0170E-01
8.2059E-02
5.4536E-02
3.5456E-02
3.7718E-02
6.2582E-02
9.7090E-02
1.2368E-01
1.3308E-01
1.2633E-01
1.0831E-01
8.4815E-02
6.3664E-02
5.1884E-02
4.9245E-02
4.8279E-02
4.2254E-02
3.1829E-02
2.2388E-02
1.6288E-02
1.0955E-02
4.0617E-03
-1.9044E-03
-2.6994E-03
2.5852E-03
1.0593E-02
1.6989E-02
2.0580E-02
2.3147E-02
2.5759E-02
2.5910E-02
2.0300E-02
8.6186E-03
-6.8939E-03
-2.2527E-02
-3.4017E-02
-3.7082E-02
-2.9826E-02
-1.5286E-02
-8.4225E-05
9.4778E-03
1.1376E-02
8.2404E-03
3.4457E-03
-2.4279E-03
-9.5114E-03
-1.5705E-02
-1.8273E-02
-1.5208E-02
-5.6039E-03
9.5116E-03
2.7062E-02
4.3754E-02
5.7329E-02
6.6097E-02
6.8559E-02
6.4287E-02
5.5274E-02
4.4559E-02
3.3651E-02
2.2830E-02
1.4157E-02
1.1122E-02
1.5018E-02
2.3795E-02
3.4615E-02
4.6088E-02
5.7121E-02
6.4770E-02
6.6041E-02
6.0728E-02
5.1513E-02
4.2643E-02
3.8992E-02
4.3991E-02
5.6700E-02
7.0841E-02
7.9814E-02
8.3370E-02
8.6377E-02
9.1088E-02
9.4693E-02
9.4093E-02
8.9543E-02
8.3564E-02
7.8622E-02
7.6221E-02
7.5856E-02
7.4913E-02
7.2441E-02
7.0675E-02
7.1416E-02
7.2822E-02
7.2110E-02
7.0022E-02
6.8856E-02
6.6984E-02
5.9997E-02
4.6889E-02
3.0795E-02
1.4406E-02
-1.8312E-03
-1.7992E-02
-3.4396E-02
-5.2331E-02
-7.2915E-02
-9.3919E-02
-1.1135E-01
-1.2321E-01
-1.2847E-01
-1.2495E-01
-1.1114E-01
-8.8850E-02
-6.3513E-02
-4.1952E-02
-2.9394E-02
-2.6457E-02
-2.9188E-02
-3.3218E-02
-3.7422E-02
-4.2036E-02
-4.5142E-02
-4.3449E-02
-3.5955E-02
-2.5556E-02
-1.5931E-02
-8.2040E-03
-2.1560E-03
1.2790E-03
9.4267E-04
-2.2932E-03
-7.2079E-03
-1.4403E-02
-2.4602E-02
-3.6138E-02
-4.5663E-02
-4.9629E-02
-4.5419E-02
-3.3522E-02
-1.7793E-02
-2.0423E-03
1.2572E-02
2.5877E-02
3.6186E-02
4.1427E-02
4.1164E-02
3.6570E-02
2.9159E-02
2.0374E-02
1.3146E-02
1.1271E-02
1.6829E-02
2.9296E-02
4.6341E-02
6.5009E-02
8.2856E-02
9.9048E-02
1.1382E-01
1.2654E-01
1.3579E-01
1.4067E-01
1.4149E-01
1.3905E-01
1.3372E-01
1.2481E-01
1.1022E-01
8.9068E-02
6.3668E-02
3.8297E-02
1.6677E-02
1.0112E-04
-1.2313E-02
-2.1594E-02
-2.8079E-02
-3.2708E-02
-3.7855E-02
-4.6476E-02
-6.0052E-02
-7.7584E-02
-9.6904E-02
-1.1598E-01
-1.3309E-01
-1.4666E-01
-1.5575E-01
-1.6097E-01
-1.6290E-01
-1.5951E-01
-1.4859E-01
-1.3098E-01
-1.1002E-01
-8.9824E-02
-7.3942E-02
-6.4715E-02
-6.2484E-02
-6.5519E-02
-7.1975E-02
-8.0408E-02
-8.9398E-02
-9.7861E-02
-1.0550E-01
-1.1260E-01
-1.1936E-01
-1.2584E-01
-1.3213E-01
-1.3859E-01
-1.4584E-01
-1.5413E-01
-1.6321E-01
-1.7359E-01
-1.8559E-01
-1.9842E-01
-2.1065E-01
-2.2150E-01
-2.3015E-01
-2.3499E-01
-2.3505E-01
-2.3163E-01
-2.2694E-01
-2.2129E-01
-2.1425E-01
-2.0613E-01
-1.9688E-01
-1.8598E-01
-1.7355E-01
-1.6098E-01
-1.4977E-01
-1.4057E-01
-1.3393E-01
-1.3051E-01
-1.2988E-01
-1.3013E-01
-1.2898E-01
-1.2536E-01
-1.1937E-01
-1.1159E-01
-1.0230E-01
-9.1390E-02
-7.9398E-02
-6.8150E-02
-5.9459E-02
-5.4013E-02
-5.1964E-02
-5.3271E-02
-5.6929E-02
-6.0403E-02
-6.0953E-02
-5.6439E-02
-4.5669E-02
-2.9186E-02
-8.5440E-03
1.4616E-02
3.8805E-02
6.2088E-02
8.1639E-02
9.4959E-02
1.0117E-01
1.0085E-01
9.5931E-02
8.9409E-02
8.3977E-02
7.9920E-02
7.6368E-02
7.3604E-02
7.2309E-02
7.1319E-02
6.8372E-02
6.2339E-02
5.3038E-02
4.0461E-02
2.5150E-02
8.3734E-03
-9.0949E-03
-2.7560E-02
-4.7318E-02
-6.7406E-02
-8.6334E-02
-1.0336E-01
-1.1822E-01
-1.3025E-01
-1.3951E-01
-1.4696E-01
-1.5267E-01
-1.5501E-01
-1.5211E-01
-1.4344E-01
-1.2939E-01
-1.1071E-01
-8.9481E-02
-6.9002E-02
-5.1039E-02
-3.5187E-02
-2.1334E-02
-1.1093E-02
-5.9767E-03
-5.6348E-03
-8.9237E-03
-1.5153E-02
-2.3598E-02
-3.2960E-02
-4.1758E-02
-4.9233E-02
-5.4750E-02
-5.7538E-02
-5.7892E-02
-5.7442E-02
-5.7889E-02
-5.9704E-02
-6.2801E-02
-6.7894E-02
-7.5722E-02
-8.5829E-02
-9.6665E-02
-1.0598E-01
-1.1117E-01
-1.1005E-01
-1.0175E-01
-8.7487E-02
-6.9457E-02
-4.9323E-02
-2.9203E-02
-1.1550E-02
2.4065E-03
1.3367E-02
2.2242E-02
2.8664E-02
3.1903E-02
3.3463E-02
3.5852E-02
3.9451E-02
4.3183E-02
4.6308E-02
4.8703E-02
5.0113E-02
4.9820E-02
4.7234E-02
4.2346E-02
3.5509E-02
2.7554E-02
1.9973E-02
1.3723E-02
8.7598E-03
4.2744E-03
-7.6150E-04
-7.4133E-03
-1.7062E-02
-3.0389E-02
-4.6298E-02
-6.3048E-02
-7.9882E-02
-9.6333E-02
-1.1124E-01
-1.2350E-01
-1.3262E-01
-1.3792E-01
-1.3877E-01
-1.3614E-01
-1.3227E-01
-1.2832E-01
-1.2325E-01
-1.1544E-01
-1.0493E-01
-9.3352E-02
-8.1845E-02
-7.0663E-02
-6.0317E-02
-5.2288E-02
-4.6572E-02
-4.1608E-02
-3.7415E-02
-3.5096E-02
-3.4704E-02
-3.5503E-02
-3.7322E-02
-4.0588E-02
-4.5536E-02
-5.1667E-02
-5.8516E-02
-6.6115E-02
-7.4645E-02
-8.3843E-02
-9.2830E-02
-1.0088E-01
-1.0816E-01
-1.1502E-01
-1.2135E-01
-1.2689E-01
-1.3172E-01
-1.3586E-01
-1.3920E-01
-1.4127E-01
-1.4145E-01
-1.3967E-01
-1.3586E-01
-1.3018E-01
-1.2329E-01
-1.1565E-01
-1.0736E-01
-9.8720E-02
-8.9868E-02
-8.0803E-02
-7.1461E-02
-6.1890E-02
-5.2446E-02
-4.4081E-02
-3.8186E-02
-3.5643E-02
-3.6058E-02
-3.8704E-02
-4.3210E-02
-4.8314E-02
-5.2159E-02
-5.3803E-02
-5.3863E-02
-5.3511E-02
-5.3177E-02
-5.2690E-02
-5.1433E-02
-4.9144E-02
-4.6293E-02
-4.2811E-02
-3.8661E-02
-3.4826E-02
-3.1903E-02
-2.9136E-02
-2.5206E-02
-2.0085E-02
-1.4630E-02
-8.9297E-03
-3.0424E-03
1.9587E-03
5.6701E-03
8.6589E-03
1.1200E-02
1.2699E-02
1.2852E-02
1.2221E-02
1.1340E-02
1.0261E-02
9.1822E-03
8.0620E-03
6.0719E-03
2.5725E-03
-2.1296E-03
-7.3331E-03
-1.2472E-02
-1.7290E-02
-2.1500E-02
-2.4868E-02
-2.7754E-02
-3.0959E-02
-3.4778E-02
-3.9180E-02
-4.4200E-02
-4.9787E-02
-5.5353E-02
-6.0446E-02
-6.5294E-02
-6.9919E-02
-7.3695E-02
-7.6179E-02
-7.7720E-02
-7.8828E-02
-7.9653E-02
-8.0442E-02
-8.2141E-02
-8.5882E-02
-9.2135E-02
-1.0098E-01
-1.1259E-01
-1.2678E-01
-1.4287E-01
-1.5979E-01
-1.7670E-01
-1.9289E-01
-2.0770E-01
-2.2066E-01
-2.3122E-01
-2.3908E-01
-2.4463E-01
-2.4896E-01
-2.5264E-01
-2.5550E-01
-2.5826E-01
-2.6232E-01
-2.6815E-01
-2.7528E-01
-2.8289E-01
-2.9062E-01
-2.9812E-01
-3.0435E-01
-3.0790E-01
-3.0757E-01
-3.0298E-01
-2.9441E-01
-2.8264E-01
-2.6836E-01
-2.5182E-01
-2.3291E-01
-2.1140E-01
-1.8769E-01
-1.6396E-01
-1.4302E-01
-1.2671E-01
-1.1530E-01
-1.0832E-01
-1.0569E-01
-1.0662E-01
-1.0878E-01
-1.0993E-01
-1.0948E-01
-1.0813E-01
-1.0718E-01
-1.0779E-01
-1.1091E-01
-1.1724E-01
-1.2623E-01
-1.3611E-01
-1.4472E-01
-1.5033E-01
-1.5218E-01
-1.4985E-01
-1.4330E-01
-1.3293E-01
-1.1907E-01
-1.0205E-01
-8.2683E-02
-6.2595E-02
-4.3613E-02
-2.8691E-02
-2.1060E-02
-2.2275E-02
-3.1024E-02
-4.4346E-02
-5.9035E-02
-7.2325E-02
-8.2767E-02
-9.0155E-02
-9.4858E-02
-9.7767E-02
-1.0052E-01
-1.0581E-01
-1.1633E-01
-1.3284E-01
-1.5348E-01
-1.7487E-01
-1.9377E-01
-2.0824E-01
-2.1759E-01
-2.2112E-01
-2.1884E-01
-2.1247E-01
-2.0490E-01
-1.9892E-01
-1.9599E-01
-1.9605E-01
-1.9826E-01
-2.0165E-01
-2.0449E-01
-2.0455E-01
-2.0093E-01
-1.9481E-01
-1.8814E-01
-1.8184E-01
-1.7465E-01
-1.6499E-01
-1.5435E-01
-1.4566E-01
-1.3849E-01
-1.2918E-01
-1.1580E-01
-1.0060E-01
-8.7024E-02
-7.5316E-02
-6.3230E-02
-4.9815E-02
-3.6151E-02
-2.3337E-02
-1.1557E-02
-1.1856E-03
7.0270E-03
1.3580E-02
1.9974E-02
2.6879E-02
3.3815E-02
4.0360E-02
4.6489E-02
5.2999E-02
6.0490E-02
6.8972E-02
7.8728E-02
8.9945E-02
1.0200E-01
1.1341E-01
1.2284E-01
1.3001E-01
1.3525E-01
1.3969E-01
1.4480E-01
1.5146E-01
1.5947E-01
1.6812E-01
1.7667E-01
1.8379E-01
1.8801E-01
1.8873E-01
1.8666E-01
1.8306E-01
1.7852E-01
1.7268E-01
1.6537E-01
1.5708E-01
1.4865E-01
1.4152E-01
1.3693E-01
1.3480E-01
1.3477E-01
1.3702E-01
1.4192E-01
1.4929E-01
1.5810E-01
1.6653E-01
1.7190E-01
1.7153E-01
1.6398E-01
1.4986E-01
1.3175E-01
1.1352E-01
9.8802E-02
8.9201E-02
8.3728E-02
8.0362E-02
7.7403E-02
7.2879E-02
6.5120E-02
5.5086E-02
4.5490E-02
3.8185E-02
3.4239E-02
3.4784E-02
4.1109E-02
5.2599E-02
6.5429E-02
7.4768E-02
7.7475E-02
7.2604E-02
6.0936E-02
4.5347E-02
2.9942E-02
1.7538E-02
7.8651E-03
-7.3101E-05
-6.1697E-03
-9.4484E-03
-9.1642E-03
-4.9520E-03
2.3708E-03
1.1140E-02
2.1098E-02
3.4190E-02
5.1588E-02
7.1651E-02
9.1262E-02
1.0753E-01
1.1851E-01
1.2374E-01
1.2487E-01
1.2492E-01
1.2498E-01
1.2362E-01
1.1990E-01
1.1525E-01
1.1130E-01
1.0847E-01
1.0676E-01
1.0602E-01
1.0547E-01
1.0350E-01
9.8542E-02
9.0257E-02
8.0222E-02
7.1527E-02
6.7194E-02
6.7865E-02
7.1601E-02
7.5654E-02
7.7704E-02
7.6559E-02
7.2040E-02
6.4471E-02
5.5316E-02
4.7726E-02
4.4877E-02
4.8098E-02
5.7087E-02
6.9687E-02
8.1678E-02
8.8924E-02
8.9379E-02
8.3589E-02
7.3186E-02
5.9777E-02
4.4919E-02
2.9782E-02
1.5323E-02
2.8607E-03
-5.8747E-03
-9.6621E-03
-8.9310E-03
-6.0828E-03
-4.5769E-03
-6.5277E-03
-1.2354E-02
-2.1504E-02
-3.1752E-02
-4.0156E-02
-4.5051E-02
-4.5805E-02
-4.2727E-02
-3.6800E-02
-2.8970E-02
-1.9963E-02
-1.0731E-02
-2.4933E-03
3.9707E-03
8.6610E-03
1.2392E-02
1.6398E-02
2.1631E-02
2.7940E-02
3.3930E-02
3.8256E-02
4.0843E-02
4.2627E-02
4.3991E-02
4.3940E-02
4.0794E-02
3.3499E-02
2.2744E-02
1.1655E-02
4.4712E-03
3.8079E-03
8.9274E-03
1.7000E-02
2.5966E-02
3.4783E-02
4.1248E-02
4.1983E-02
3.6210E-02
2.7216E-02
1.9039E-02
1.3814E-02
1.2637E-02
1.6121E-02
2.2555E-02
2.7579E-02
2.7510E-02
2.2212E-02
1.3916E-02
4.4671E-03
-5.0705E-03
-1.2973E-02
-1.6807E-02
-1.5114E-02
-7.9410E-03
2.6933E-03
1.2310E-02
1.7292E-02
1.7279E-02
1.4088E-02
1.1126E-02
1.2440E-02
2.0102E-02
3.2995E-02
4.7989E-02
6.2008E-02
7.3249E-02
8.1161E-02
8.6429E-02
9.0473E-02
9.3628E-02
9.4370E-02
9.0895E-02
8.3285E-02
7.3895E-02
6.5216E-02
5.8240E-02
5.3405E-02
5.1349E-02
5.1555E-02
5.2329E-02
5.2643E-02
5.2139E-02
5.1531E-02
5.2018E-02
5.4442E-02
5.8417E-02
6.1661E-02
6.2022E-02
5.9556E-02
5.6422E-02
5.4867E-02
5.5639E-02
5.8501E-02
6.2540E-02
6.6353E-02
6.9003E-02
7.0807E-02
7.1271E-02
6.7855E-02
5.9744E-02
5.0262E-02
4.3954E-02
4.2858E-02
4.6722E-02
5.4772E-02
6.5635E-02
7.6511E-02
8.4737E-02
8.8313E-02
8.6043E-02
7.8094E-02
6.6537E-02
5.4524E-02
4.4832E-02
3.9208E-02
3.8602E-02
4.2858E-02
5.0471E-02
5.8945E-02
6.5694E-02
6.8719E-02
6.7253E-02
6.2201E-02
5.5264E-02
4.8095E-02
4.2039E-02
3.8303E-02
3.7430E-02
3.9394E-02
4.3370E-02
4.7321E-02
4.9225E-02
4.8366E-02
4.5994E-02
4.3923E-02
4.3184E-02
4.4868E-02
4.9529E-02
5.5780E-02
6.0939E-02
6.3739E-02
6.5314E-02
6.6987E-02
6.8634E-02
6.9746E-02
7.0267E-02
7.0091E-02
6.8443E-02
6.4375E-02
5.7557E-02
4.8526E-02
3.8489E-02
2.8666E-02
1.9738E-02
1.1693E-02
4.7075E-03
8.5355E-05
-9.1186E-04
1.3911E-03
5.9438E-03
1.2698E-02
2.2226E-02
3.3642E-02
4.4527E-02
5.3076E-02
5.9092E-02
6.3528E-02
6.7212E-02
7.0094E-02
7.2389E-02
7.5210E-02
7.8959E-02
8.3321E-02
8.8479E-02
9.4668E-02
1.0121E-01
1.0676E-01
1.1027E-01
1.1148E-01
1.1057E-01
1.0751E-01
1.0235E-01
9.5434E-02
8.7333E-02
7.9188E-02
7.2508E-02
6.8420E-02
6.7108E-02
6.8023E-02
7.0468E-02
7.3615E-02
7.6592E-02
7.8212E-02
7.7523E-02
7.4131E-02
6.7802E-02
5.8627E-02
4.7266E-02
3.4798E-02
2.2711E-02
1.2427E-02
4.1971E-03
-1.7549E-03
-4.3695E-03
-3.1132E-03
1.6039E-03
8.7060E-03
1.6781E-02
2.4212E-02
2.9505E-02
3.1930E-02
3.1444E-02
2.8544E-02
2.5050E-02
2.3267E-02
2.4245E-02
2.7486E-02
3.1671E-02
3.5262E-02
3.7467E-02
3.8248E-02
3.8008E-02
3.7506E-02
3.7529E-02
3.8083E-02
3.7822E-02
3.5585E-02
3.1580E-02
2.6640E-02
2.0698E-02
1.3446E-02
5.4144E-03
-1.9975E-03
-7.7867E-03
-1.2631E-02
-1.7778E-02
-2.3405E-02
-2.8988E-02
-3.4561E-02
-4.0715E-02
-4.7424E-02
-5.3835E-02
-5.9485E-02
-6.4697E-02
-6.9120E-02
-7.1013E-02
-6.8392E-02
-6.0409E-02
-4.7527E-02
-3.1194E-02
-1.4034E-02
5.2366E-04
1.0071E-02
1.5034E-02
1.7548E-02
1.9120E-02
2.0988E-02
2.4618E-02
3.0213E-02
3.6734E-02
4.3742E-02
5.1774E-02
6.0975E-02
7.0606E-02
7.9792E-02
8.7724E-02
9.3728E-02
9.7380E-02
9.8143E-02
9.5303E-02
8.7969E-02
7.5244E-02
5.7108E-02
3.5462E-02
1.3529E-02
-5.6765E-03
-2.0875E-02
-3.2676E-02
-4.2677E-02
-5.1594E-02
-5.8792E-02
-6.4318E-02
-6.9060E-02
-7.3012E-02
-7.5197E-02
-7.4844E-02
-7.1546E-02
-6.4694E-02
-5.4222E-02
-4.1454E-02
-2.8922E-02
-1.8371E-02
-9.3750E-03
-7.1072E-04
8.3748E-03
1.7870E-02
2.7348E-02
3.6138E-02
4.3315E-02
4.7904E-02
4.9481E-02
4.8137E-02
4.4291E-02
3.8848E-02
3.2621E-02
2.5552E-02
1.7723E-02
9.4776E-03
9.4225E-04
-7.8166E-03
-1.6450E-02
-2.3949E-02
-2.8817E-02
-2.9741E-02
-2.6554E-02
-2.0422E-02
-1.3065E-02
-6.1776E-03
-1.4481E-03
2.7170E-04
-6.7096E-04
-3.4169E-03
-6.8633E-03
-1.0171E-02
-1.3569E-02
-1.8520E-02
-2.6455E-02
-3.6971E-02
-4.7668E-02
-5.5466E-02
-5.8636E-02
-5.6866E-02
-5.1211E-02
-4.3826E-02
-3.7351E-02
-3.4184E-02
-3.5409E-02
-4.0362E-02
-4.7597E-02
-5.6065E-02
-6.4261E-02
-6.9138E-02
-6.7252E-02
-5.6286E-02
-3.5315E-02
-4.9903E-03
3.1599E-02
6.8084E-02
9.7518E-02
1.1659E-01
1.2578E-01
1.2715E-01
1.2302E-01
1.1514E-01
1.0377E-01
8.8773E-02
7.2044E-02
5.6776E-02
4.4599E-02
3.4464E-02
2.4143E-02
1.2501E-02
1.4637E-04
-1.1372E-02
-2.0105E-02
-2.4171E-02
-2.3521E-02
-2.0663E-02
-1.7883E-02
-1.4892E-02
-9.3758E-03
5.0560E-04
1.3858E-02
2.8622E-02
4.3509E-02
5.8462E-02
7.4312E-02
9.0614E-02
1.0474E-01
1.1361E-01
1.1584E-01
1.1216E-01
1.0404E-01
9.3339E-02
8.2621E-02
7.4721E-02
7.1508E-02
7.2401E-02
7.4590E-02
7.5198E-02
7.2660E-02
6.6789E-02
5.7753E-02
4.5464E-02
2.9887E-02
1.2025E-02
-6.1921E-03
-2.3329E-02
-3.8986E-02
-5.2932E-02
-6.4401E-02
-7.3311E-02
-8.1310E-02
-8.9432E-02
-9.6545E-02
-1.0119E-01
-1.0280E-01
-1.0097E-01
-9.4902E-02
-8.4727E-02
-7.2749E-02
-6.1756E-02
-5.3010E-02
-4.7605E-02
-4.7611E-02
-5.3983E-02
-6.4371E-02
-7.5515E-02
-8.6093E-02
-9.5883E-02
-1.0419E-01
-1.0986E-01
-1.1136E-01
-1.0673E-01
-9.4084E-02
-7.3434E-02
-4.8193E-02
-2.2523E-02
1.5457E-03
2.2975E-02
3.9710E-02
4.8577E-02
4.7279E-02
3.5646E-02
1.5947E-02
-6.5464E-03
-2.4886E-02
-3.3842E-02
-3.2474E-02
-2.4259E-02
-1.5063E-02
-9.6151E-03
-8.8384E-03
-1.0122E-02
-9.9144E-03
-6.3573E-03
6.8014E-04
1.1268E-02
2.5491E-02
4.2348E-02
5.9165E-02
7.3430E-02
8.4347E-02
9.2096E-02
9.6282E-02
9.6189E-02
9.3566E-02
9.1950E-02
9.3101E-02
9.6632E-02
1.0205E-01
1.0833E-01
1.1372E-01
1.1760E-01
1.2013E-01
1.2113E-01
1.2063E-01
1.1915E-01
1.1716E-01
1.1422E-01
1.0928E-01
1.0160E-01
9.0706E-02
7.6592E-02
6.0424E-02
4.3984E-02
2.9015E-02
1.6863E-02
8.4596E-03
4.9498E-03
7.2833E-03
1.5165E-02
2.7267E-02
4.1578E-02
5.5575E-02
6.7865E-02
7.8600E-02
8.8056E-02
9.5647E-02
9.9760E-02
9.9412E-02
9.4901E-02
8.7157E-02
7.7532E-02
6.7668E-02
5.9199E-02
5.3205E-02
4.9624E-02
4.6850E-02
4.2290E-02
3.3706E-02
2.0360E-02
3.3874E-03
-1.4815E-02
-3.2042E-02
-4.7010E-02
-5.8685E-02
-6.5480E-02
-6.6013E-02
-6.0732E-02
-5.1627E-02
-4.0494E-02
-2.8192E-02
-1.5789E-02
-5.3376E-03
1.6821E-03
5.7307E-03
8.4281E-03
1.1505E-02
1.6506E-02
2.4104E-02
3.3474E-02
4.2817E-02
5.0330E-02
5.4292E-02
5.3640E-02
4.8860E-02
4.2371E-02
3.7354E-02
3.5668E-02
3.7518E-02
4.1843E-02
4.7761E-02
5.4777E-02
6.2023E-02
6.9037E-02
7.5966E-02
8.2400E-02
8.7753E-02
9.2486E-02
9.7359E-02
1.0239E-01
1.0697E-01
1.1050E-01
1.1194E-01
1.1044E-01
1.0690E-01
1.0262E-01
9.8228E-02
9.4111E-02
9.0267E-02
8.6104E-02
8.1120E-02
7.6129E-02
7.2645E-02
7.1567E-02
7.2898E-02
7.5925E-02
7.9593E-02
8.2879E-02
8.4754E-02
8.4216E-02
8.0396E-02
7.3028E-02
6.2278E-02
4.8829E-02
3.4344E-02
2.0884E-02
1.0745E-02
5.5907E-03
5.4153E-03
8.9841E-03
1.4306E-02
1.9750E-02
2.4396E-02
2.7466E-02
2.8487E-02
2.7317E-02
2.3977E-02
1.9234E-02
1.4522E-02
1.1723E-02
1.2191E-02
1.5746E-02
2.1167E-02
2.7605E-02
3.5085E-02
4.4029E-02
5.4176E-02
6.4099E-02
7.2701E-02
8.0198E-02
8.6828E-02
9.2300E-02
9.6167E-02
9.8133E-02
9.8870E-02
9.8549E-02
9.5985E-02
9.0814E-02
8.4645E-02
7.9813E-02
7.7687E-02
7.8143E-02
7.9867E-02
8.1669E-02
8.3392E-02
8.5567E-02
8.8770E-02
9.3180E-02
9.8382E-02
1.0350E-01
1.0794E-01
1.1210E-01
1.1634E-01
1.1992E-01
1.2149E-01
1.2010E-01
1.1544E-01
1.0825E-01
9.9675E-02
9.0683E-02
8.2324E-02
7.5641E-02
7.0828E-02
6.7597E-02
6.5750E-02
6.5018E-02
6.4582E-02
6.3421E-02
6.1007E-02
5.7009E-02
5.1334E-02
4.4258E-02
3.6357E-02
2.8232E-02
2.0197E-02
1.2417E-02
5.0222E-03
-1.8703E-03
-7.9427E-03
-1.2383E-02
-1.4220E-02
-1.3384E-02
-1.1207E-02
-9.6160E-03
-9.6485E-03
-1.0943E-02
-1.2883E-02
-1.5497E-02
-1.8743E-02
-2.1876E-02
-2.4119E-02
-2.4928E-02
-2.4094E-02
-2.2156E-02
-1.9352E-02
-1.6335E-02
-1.4836E-02
-1.6173E-02
-2.0080E-02
-2.5592E-02
-3.1558E-02
-3.5947E-02
-3.6764E-02
-3.3613E-02
-2.7029E-02
-1.8337E-02
-9.6718E-03
-3.0921E-03
4.9929E-04
1.4645E-03
3.3633E-04
-2.8852E-03
-7.9376E-03
-1.3135E-02
-1.6066E-02
-1.5967E-02
-1.4407E-02
-1.3426E-02
-1.3631E-02
-1.5269E-02
-1.8650E-02
-2.3353E-02
-2.8726E-02
-3.4509E-02
-4.0317E-02
-4.5537E-02
-4.9521E-02
-5.1765E-02
-5.1285E-02
-4.6727E-02
-3.7973E-02
-2.6664E-02
-1.5101E-02
-5.4925E-03
1.4535E-03
6.2196E-03
9.1186E-03
1.0403E-02
1.0344E-02
8.8214E-03
5.8016E-03
1.7451E-03
-2.6056E-03
-6.6045E-03
-9.8962E-03
-1.2944E-02
-1.6770E-02
-2.2074E-02
-2.9028E-02
-3.7421E-02
-4.6641E-02
-5.5363E-02
-6.2744E-02
-6.8879E-02
-7.3941E-02
-7.7297E-02
-7.7939E-02
-7.5519E-02
-7.0470E-02
-6.3616E-02
-5.6159E-02
-4.8934E-02
-4.1623E-02
-3.3098E-02
-2.3191E-02
-1.3542E-02
-6.0040E-03
-1.1562E-03
1.6413E-03
3.2706E-03
4.2268E-03
4.8908E-03
5.4950E-03
6.0564E-03
6.8062E-03
7.8691E-03
9.3166E-03
1.1326E-02
1.3828E-02
1.6105E-02
1.6665E-02
1.4234E-02
8.9601E-03
2.7179E-03
-2.6210E-03
-6.9414E-03
-1.1014E-02
-1.5069E-02
-1.9440E-02
-2.5334E-02
-3.3073E-02
-4.0973E-02
-4.7110E-02
-5.1159E-02
-5.3246E-02
-5.2966E-02
-5.0560E-02
-4.7764E-02
-4.6503E-02
-4.7702E-02
-5.1572E-02
-5.7787E-02
-6.5351E-02
-7.2402E-02
-7.7191E-02
-7.9294E-02
-7.8748E-02
-7.5232E-02
-6.8128E-02
-5.7639E-02
-4.4632E-02
-2.9789E-02
-1.4422E-02
-7.5111E-04
9.7159E-03
1.6580E-02
1.9391E-02
1.7800E-02
1.2389E-02
5.1326E-03
-2.2990E-03
-8.9343E-03
-1.3711E-02
-1.5707E-02
-1.5152E-02
-1.3458E-02
-1.2221E-02
-1.1943E-02
-1.2512E-02
-1.3318E-02
-1.2937E-02
-1.0204E-02
-5.3343E-03
1.0080E-03
8.8066E-03
1.8409E-02
2.9794E-02
4.2452E-02
5.4985E-02
6.5308E-02
7.1709E-02
7.3450E-02
7.0851E-02
6.4914E-02
5.6592E-02
4.5988E-02
3.2637E-02
1.7077E-02
1.3187E-03
-1.2291E-02
-2.3031E-02
-3.2194E-02
-4.1348E-02
-5.0761E-02
-5.9198E-02
-6.5128E-02
-6.7405E-02
-6.5090E-02
-5.7808E-02
-4.6726E-02
-3.4793E-02
-2.5432E-02
-2.1004E-02
-2.2000E-02
-2.7241E-02
-3.4879E-02
-4.3063E-02
-5.0413E-02
-5.5820E-02
-5.7754E-02
-5.4713E-02
-4.6496E-02
-3.5388E-02
-2.4941E-02
-1.7439E-02
-1.4831E-02
-1.9144E-02
-2.9664E-02
-4.2339E-02
-5.3467E-02
-6.2076E-02
-6.8313E-02
-7.1730E-02
-7.1626E-02
-6.7932E-02
-6.1704E-02
-5.4776E-02
-4.9628E-02
-4.8841E-02
-5.3740E-02
-6.3884E-02
-7.7022E-02
-9.0066E-02
-1.0069E-01
-1.0681E-01
-1.0716E-01
-1.0250E-01
-9.3660E-02
-8.1034E-02
-6.6230E-02
-5.1160E-02
-3.6671E-02
-2.2923E-02
-1.0775E-02
-1.6390E-03
4.3458E-03
8.6977E-03
1.2838E-02
1.6787E-02
1.9741E-02
2.1603E-02
2.3331E-02
2.5907E-02
2.9595E-02
3.4272E-02
3.9119E-02
4.2353E-02
4.2739E-02
4.0735E-02
3.7817E-02
3.4890E-02
3.1442E-02
2.6435E-02
1.9820E-02
1.2842E-02
7.0076E-03
3.2776E-03
2.5873E-03
5.4816E-03
1.1181E-02
1.7646E-02
2.2444E-02
2.3779E-02
2.1605E-02
1.7348E-02
1.2624E-02
8.4096E-03
5.2812E-03
4.4643E-03
7.0636E-03
1.2372E-02
1.8684E-02
2.4672E-02
2.9548E-02
3.2641E-02
3.3358E-02
3.1942E-02
2.9410E-02
2.7178E-02
2.6464E-02
2.7337E-02
2.8646E-02
2.9230E-02
2.9031E-02
2.8869E-02
2.8585E-02
2.5945E-02
1.8638E-02
6.6630E-03
-7.8328E-03
-2.2416E-02
-3.4807E-02
-4.3105E-02
-4.6313E-02
-4.5144E-02
-4.1650E-02
-3.7730E-02
-3.4622E-02
-3.2962E-02
-3.2039E-02
-2.9718E-02
-2.3656E-02
-1.3501E-02
-2.0127E-03
6.8501E-03
1.0308E-02
7.5830E-03
2.7618E-04
-8.9542E-03
-1.7503E-02
-2.3159E-02
-2.3964E-02
-1.8510E-02
-6.4996E-03
1.0741E-02
3.0245E-02
4.8167E-02
6.1583E-02
6.9715E-02
7.3463E-02
7.4432E-02
7.4368E-02
7.4268E-02
7.4348E-02
7.5061E-02
7.7006E-02
7.9946E-02
8.3691E-02
8.8372E-02
9.2480E-02
9.2147E-02
8.3386E-02
6.5388E-02
4.1780E-02
1.7573E-02
-4.3960E-03
-2.3756E-02
-3.9489E-02
-4.8588E-02
-4.8887E-02
-4.1301E-02
-2.9175E-02
-1.7060E-02
-1.0144E-02
-1.2281E-02
-2.4226E-02
-4.3236E-02
-6.3965E-02
-8.0968E-02
-9.1638E-02
-9.6684E-02
-9.7200E-02
-9.2592E-02
-8.2195E-02
-6.7962E-02
-5.5324E-02
-5.0411E-02
-5.5641E-02
-6.7244E-02
-7.8413E-02
-8.4494E-02
-8.4537E-02
-7.9479E-02
-7.0025E-02
-5.5705E-02
-3.6698E-02
-1.5465E-02
4.8253E-03
2.2716E-02
3.8447E-02
5.1460E-02
6.0041E-02
6.2670E-02
5.8314E-02
4.7365E-02
3.2513E-02
1.7566E-02
5.1338E-03
-4.0171E-03
-1.0718E-02
-1.6052E-02
-2.0187E-02
-2.2509E-02
-2.2579E-02
-2.1102E-02
-1.9406E-02
-1.8163E-02
-1.6229E-02
-1.1980E-02
-5.6031E-03
1.2167E-03
6.7098E-03
9.4896E-03
9.2530E-03
7.2340E-03
5.4637E-03
5.8975E-03
1.0258E-02
1.9574E-02
3.3140E-02
4.7806E-02
5.9842E-02
6.7163E-02
6.9474E-02
6.7620E-02
6.3120E-02
5.7640E-02
5.2334E-02
4.7078E-02
4.0888E-02
3.3593E-02
2.6387E-02
2.0480E-02
1.6614E-02
1.5171E-02
1.6532E-02
2.0917E-02
2.7982E-02
3.6366E-02
4.3997E-02
4.9175E-02
5.2022E-02
5.3790E-02
5.4737E-02
5.5081E-02
5.5841E-02
5.7185E-02
5.8472E-02
5.9996E-02
6.3378E-02
7.0186E-02
7.8928E-02
8.5752E-02
8.8184E-02
8.6715E-02
8.3268E-02
7.8899E-02
7.3791E-02
6.8808E-02
6.3980E-02
5.8357E-02
5.2357E-02
4.7723E-02
4.4988E-02
4.3050E-02
4.0900E-02
3.8532E-02
3.6423E-02
3.5380E-02
3.6788E-02
4.0946E-02
4.5723E-02
4.9139E-02
5.0783E-02
5.1154E-02
5.0487E-02
4.8577E-02
4.5175E-02
4.0123E-02
3.3570E-02
2.5729E-02
1.6588E-02
5.6750E-03
-7.7104E-03
-2.3865E-02
-4.2313E-02
-6.0994E-02
-7.6529E-02
-8.6857E-02
-9.2102E-02
-9.2800E-02
-8.8973E-02
-8.0673E-02
-6.8698E-02
-5.4516E-02
-4.0448E-02
-2.9052E-02
-2.2660E-02
-2.1744E-02
-2.4920E-02
-3.0789E-02
-3.8002E-02
-4.4661E-02
-4.9213E-02
-5.1506E-02
-5.2618E-02
-5.3696E-02
-5.4936E-02
-5.6237E-02
-5.7630E-02
-5.8778E-02
-5.9011E-02
-5.8253E-02
-5.7104E-02
-5.6183E-02
-5.4889E-02
-5.2401E-02
-4.8647E-02
-4.3444E-02
-3.5886E-02
-2.5604E-02
-1.3954E-02
-2.9463E-03
5.8286E-03
1.0716E-02
9.9144E-03
3.2092E-03
-7.2031E-03
-1.8933E-02
-3.0623E-02
-4.0966E-02
-4.8314E-02
-5.1865E-02
-5.2264E-02
-5.0948E-02
-4.8950E-02
-4.7327E-02
-4.7592E-02
-5.0461E-02
-5.5651E-02
-6.2266E-02
-6.8229E-02
-7.0547E-02
-6.7208E-02
-5.8796E-02
-4.8197E-02
-3.8395E-02
-3.0680E-02
-2.5550E-02
-2.4126E-02
-2.6511E-02
-3.0662E-02
-3.4066E-02
-3.4848E-02
-3.2270E-02
-2.6955E-02
-2.0265E-02
-1.4012E-02
-9.7160E-03
-7.4674E-03
-6.6487E-03
-7.1085E-03
-9.1324E-03
-1.2332E-02
-1.5721E-02
-1.8490E-02
-1.9972E-02
-1.9635E-02
-1.7925E-02
-1.6737E-02
-1.7803E-02
-2.0856E-02
-2.3899E-02
-2.5328E-02
-2.4983E-02
-2.3533E-02
-2.2168E-02
-2.2146E-02
-2.3531E-02
-2.5552E-02
-2.7430E-02
-2.7851E-02
-2.5272E-02
-1.8435E-02
-6.5781E-03
9.1477E-03
2.6122E-02
4.2316E-02
5.6680E-02
6.8568E-02
7.7777E-02
8.4441E-02
8.8342E-02
8.8573E-02
8.4238E-02
7.5776E-02
6.5223E-02
5.5561E-02
4.9174E-02
4.6869E-02
4.8289E-02
5.2468E-02
5.7528E-02
6.0816E-02
6.0850E-02
5.7141E-02
4.9642E-02
3.9039E-02
2.6966E-02
1.5344E-02
5.2550E-03
-2.9138E-03
-9.0842E-03
-1.3710E-02
-1.8190E-02
-2.3836E-02
-3.1023E-02
-3.9246E-02
-4.7585E-02
-5.4601E-02
-5.8721E-02
-5.8862E-02
-5.5008E-02
-4.8780E-02
-4.2085E-02
-3.6280E-02
-3.2504E-02
-3.1137E-02
-3.1330E-02
-3.1494E-02
-3.0527E-02
-2.8505E-02
-2.5795E-02
-2.2417E-02
-1.8467E-02
-1.4493E-02
-1.1092E-02
-8.1623E-03
-5.0184E-03
-1.2456E-03
2.9668E-03
7.7473E-03
1.3310E-02
1.8569E-02
2.2000E-02
2.2157E-02
1.6873E-02
5.0816E-03
-1.0808E-02
-2.5620E-02
-3.4885E-02
-3.7550E-02
-3.5080E-02
-2.9488E-02
-2.2936E-02
-1.6662E-02
-1.0439E-02
-3.8186E-03
3.2395E-03
1.0526E-02
1.7673E-02
2.4563E-02
3.1395E-02
3.8166E-02
4.4810E-02
5.0808E-02
5.4894E-02
5.5775E-02
5.2945E-02
4.6471E-02
3.6546E-02
2.4525E-02
1.3396E-02
6.1425E-03
3.8029E-03
5.3335E-03
9.0018E-03
1.3289E-02
1.6701E-02
1.7905E-02
1.6424E-02
1.2626E-02
7.1722E-03
6.7593E-04
-6.3425E-03
-1.2867E-02
-1.8193E-02
-2.3073E-02
-2.9002E-02
-3.6909E-02
-4.7199E-02
-5.9578E-02
-7.2943E-02
-8.5316E-02
-9.4688E-02
-1.0036E-01
-1.0293E-01
-1.0311E-01
-1.0086E-01
-9.6302E-02
-9.0667E-02
-8.5691E-02
-8.2717E-02
-8.2400E-02
-8.4974E-02
-9.0064E-02
-9.6716E-02
-1.0376E-01
-1.1031E-01
-1.1590E-01
-1.1985E-01
-1.2098E-01
-1.1889E-01
-1.1435E-01
-1.0794E-01
-9.9645E-02
-9.0594E-02
-8.2556E-02
-7.6392E-02
-7.2249E-02
-6.9532E-02
-6.7287E-02
-6.4556E-02
-6.0657E-02
-5.5508E-02
-4.9305E-02
-4.1986E-02
-3.3380E-02
-2.4321E-02
-1.6651E-02
-1.2177E-02
-1.1775E-02
-1.5224E-02
-2.1279E-02
-2.8310E-02
-3.5036E-02
-4.0201E-02
-4.2239E-02
-3.9932E-02
-3.4041E-02
-2.6215E-02
-1.7904E-02
-1.0429E-02
-4.9226E-03
-1.6701E-03
6.3396E-04
3.9215E-03
9.5012E-03
1.7674E-02
2.7698E-02
3.8128E-02
4.7102E-02
5.2861E-02
5.4446E-02
5.2155E-02
4.7107E-02
4.0332E-02
3.2767E-02
2.5065E-02
1.7211E-02
8.7212E-03
-2.3083E-04
-9.0327E-03
-1.7466E-02
-2.5516E-02
-3.3394E-02
-4.1249E-02
-4.8296E-02
-5.3183E-02
-5.5026E-02
-5.4022E-02
-5.1510E-02
-4.9279E-02
-4.8381E-02
-4.8865E-02
-5.0268E-02
-5.2377E-02
-5.5234E-02
-5.9152E-02
-6.3949E-02
-6.8371E-02
-7.1258E-02
-7.2554E-02
-7.2397E-02
-6.9509E-02
-6.2534E-02
-5.1641E-02
-3.8585E-02
-2.6294E-02
-1.7417E-02
-1.3666E-02
-1.6750E-02
-2.7359E-02
-4.3875E-02
-6.2155E-02
-7.7604E-02
-8.7709E-02
-9.2093E-02
-9.1287E-02
-8.6849E-02
-8.1629E-02
-7.7691E-02
-7.6008E-02
-7.7932E-02
-8.4093E-02
-9.2885E-02
-1.0119E-01
-1.0618E-01
-1.0628E-01
-1.0051E-01
-8.8775E-02
-7.2727E-02
-5.5244E-02
-3.8948E-02
-2.5413E-02
-1.5835E-02
-1.1579E-02
-1.3070E-02
-1.9225E-02
-2.8031E-02
-3.6812E-02
-4.2108E-02
-4.1335E-02
-3.4787E-02
-2.4473E-02
-1.2498E-02
-1.1222E-03
7.9389E-03
1.4174E-02
1.8028E-02
2.0025E-02
2.0453E-02
2.0001E-02
1.9579E-02
1.9774E-02
2.0583E-02
2.1840E-02
2.3001E-02
2.2818E-02
1.9998E-02
1.3840E-02
4.9008E-03
-5.4021E-03
-1.6404E-02
-2.7077E-02
-3.5812E-02
-4.1855E-02
-4.5348E-02
-4.6818E-02
-4.7449E-02
-4.8872E-02
-5.1474E-02
-5.3338E-02
-5.1893E-02
-4.6641E-02
-3.9141E-02
-3.1255E-02
-2.3749E-02
-1.6240E-02
-7.9120E-03
1.9600E-03
1.2918E-02
2.3229E-02
3.1481E-02
3.6823E-02
3.8354E-02
3.5640E-02
3.0051E-02
2.3699E-02
1.7575E-02
1.2209E-02
8.8208E-03
8.3179E-03
1.0358E-02
1.3737E-02
1.6950E-02
1.8574E-02
1.7116E-02
1.1151E-02
9.9385E-05
-1.4310E-02
-2.8403E-02
-3.8935E-02
-4.4610E-02
-4.5343E-02
-4.1737E-02
-3.5409E-02
-2.8426E-02
-2.2612E-02
-1.9290E-02
-1.8979E-02
-2.0906E-02
-2.3440E-02
-2.5351E-02
-2.6049E-02
-2.5521E-02
-2.4165E-02
-2.2155E-02
-1.9640E-02
-1.6727E-02
-1.3350E-02
-1.0129E-02
-8.6659E-03
-9.7231E-03
-1.1625E-02
-1.2184E-02
-1.1237E-02
-1.0139E-02
-9.5075E-03
-9.3606E-03
-9.2536E-03
-8.0545E-03
-4.3440E-03
1.7997E-03
7.3441E-03
8.9856E-03
6.3694E-03
1.2810E-03
-4.7123E-03
-1.1115E-02
-1.7536E-02
-2.2969E-02
-2.6179E-02
-2.6597E-02
-2.4070E-02
-1.9330E-02
-1.4454E-02
-1.0972E-02
-8.5015E-03
-5.8784E-03
-2.7012E-03
-1.5233E-04
-4.0106E-04
-4.5167E-03
-1.1857E-02
-2.1083E-02
-3.0615E-02
-3.9424E-02
-4.7502E-02
-5.5041E-02
-6.1904E-02
-6.6812E-02
-6.8296E-02
-6.6356E-02
-6.2171E-02
-5.7054E-02
-5.2094E-02
-4.7819E-02
-4.4331E-02
-4.1658E-02
-4.0048E-02
-4.0310E-02
-4.2817E-02
-4.7233E-02
-5.2629E-02
-5.7872E-02
-6.2507E-02
-6.6397E-02
-6.9206E-02
-7.0643E-02
-7.0399E-02
-6.8107E-02
-6.3942E-02
-5.8624E-02
-5.2590E-02
-4.6140E-02
-3.9620E-02
-3.3147E-02
-2.5944E-02
-1.7203E-02
-7.6980E-03
1.0528E-03
8.4161E-03
1.4254E-02
1.7976E-02
1.9356E-02
1.8934E-02
1.7430E-02
1.4797E-02
1.0365E-02
3.7687E-03
-3.8770E-03
-1.0169E-02
-1.2398E-02
-8.8666E-03
-3.3427E-04
1.1038E-02
2.2690E-02
3.2143E-02
3.7524E-02
3.8379E-02
3.5572E-02
3.0673E-02
2.5796E-02
2.3400E-02
2.4492E-02
2.7219E-02
2.9063E-02
2.8671E-02
2.5502E-02
1.8899E-02
8.0015E-03
-6.5607E-03
-2.2476E-02
-3.6955E-02
-4.7387E-02
-5.2368E-02
-5.2077E-02
-4.7827E-02
-4.0922E-02
-3.2026E-02
-2.2233E-02
-1.3777E-02
-8.7844E-03
-7.5691E-03
-8.8573E-03
-1.0821E-02
-1.1713E-02
-1.0532E-02
-7.5906E-03
-4.3973E-03
-2.0731E-03
-5.5524E-04
6.5294E-04
2.0660E-03
4.4078E-03
8.4834E-03
1.5019E-02
2.4872E-02
3.8760E-02
5.6063E-02
7.4402E-02
9.1012E-02
1.0431E-01
1.1402E-01
1.1994E-01
1.2134E-01
1.1755E-01
1.0934E-01
9.9519E-02
9.1834E-02
8.8657E-02
8.9173E-02
8.9997E-02
8.9324E-02
8.7615E-02
8.4890E-02
8.0831E-02
7.5867E-02
7.1078E-02
6.7928E-02
6.7564E-02
7.0504E-02
7.6419E-02
8.4157E-02
9.1855E-02
9.7617E-02
1.0052E-01
1.0050E-01
9.8286E-02
9.5508E-02
9.3570E-02
9.2743E-02
9.2490E-02
9.2171E-02
9.1444E-02
8.9791E-02
8.7014E-02
8.3481E-02
7.8699E-02
7.1085E-02
5.9639E-02
4.5270E-02
2.9865E-02
1.4847E-02
1.3554E-03
-9.5164E-03
-1.7452E-02
-2.2955E-02
-2.7093E-02
-3.0163E-02
-3.0940E-02
-2.7870E-02
-2.0203E-02
-8.9745E-03
2.3214E-03
9.2421E-03
9.5600E-03
3.9100E-03
-5.6214E-03
-1.7063E-02
-2.8014E-02
-3.5395E-02
-3.7780E-02
-3.5971E-02
-3.1221E-02
-2.3830E-02
-1.4345E-02
-5.1078E-03
7.3480E-04
1.0331E-03
-4.1231E-03
-1.2325E-02
-1.9562E-02
-2.1642E-02
-1.6744E-02
-5.9091E-03
8.5222E-03
2.4032E-02
3.8518E-02
5.0532E-02
5.9309E-02
6.4275E-02
6.4783E-02
6.0912E-02
5.4054E-02
4.6245E-02
3.9226E-02
3.4148E-02
3.1553E-02
3.1278E-02
3.2949E-02
3.6018E-02
3.9438E-02
4.2020E-02
4.2841E-02
4.1585E-02
3.8179E-02
3.3017E-02
2.7231E-02
2.2032E-02
1.8478E-02
1.7769E-02
2.0577E-02
2.6098E-02
3.3145E-02
4.1019E-02
4.9335E-02
5.7424E-02
6.4014E-02
6.7636E-02
6.7692E-02
6.4936E-02
6.0624E-02
5.6151E-02
5.2626E-02
5.0368E-02
4.8733E-02
4.7177E-02
4.5917E-02
4.4874E-02
4.3449E-02
4.1143E-02
3.8124E-02
3.4906E-02
3.1580E-02
2.8506E-02
2.7368E-02
2.9366E-02
3.4241E-02
4.0980E-02
4.7829E-02
5.3052E-02
5.6058E-02
5.7645E-02
5.8484E-02
5.8335E-02
5.7225E-02
5.6131E-02
5.5665E-02
5.5687E-02
5.6050E-02
5.6870E-02
5.8226E-02
5.9457E-02
5.9288E-02
5.6787E-02
5.1814E-02
4.4843E-02
3.6607E-02
2.7630E-02
1.8411E-02
9.2062E-03
-1.8014E-04
-9.9062E-03
-1.9824E-02
-2.9669E-02
-3.8965E-02
-4.7552E-02
-5.5613E-02
-6.2864E-02
-6.8767E-02
-7.2986E-02
-7.5145E-02
-7.4808E-02
-7.1652E-02
-6.5719E-02
-5.7312E-02
-4.6846E-02
-3.4842E-02
-2.1601E-02
-7.1718E-03
8.1196E-03
2.3263E-02
3.7261E-02
4.9261E-02
5.8344E-02
6.4031E-02
6.5982E-02
6.3971E-02
5.8238E-02
4.9866E-02
4.0384E-02
3.0625E-02
2.1163E-02
1.2352E-02
4.0828E-03
-3.9106E-03
-1.1983E-02
-2.0565E-02
-2.9993E-02
-4.0154E-02
-5.1044E-02
-6.2730E-02
-7.4379E-02
-8.5399E-02
-9.5930E-02
-1.0594E-01
-1.1492E-01
-1.2262E-01
-1.2923E-01
-1.3541E-01
-1.4138E-01
-1.4677E-01
-1.5128E-01
-1.5501E-01
-1.5828E-01
-1.6114E-01
-1.6333E-01
-1.6482E-01
-1.6608E-01
-1.6736E-01
-1.6866E-01
-1.7042E-01
-1.7256E-01
-1.7423E-01
-1.7516E-01
-1.7563E-01
-1.7522E-01
-1.7305E-01
-1.6858E-01
-1.6117E-01
-1.5060E-01
-1.3741E-01
-1.2336E-01
-1.1050E-01
-9.9702E-02
-9.0568E-02
-8.2418E-02
-7.4920E-02
-6.7563E-02
-5.9338E-02
-4.9474E-02
-3.8121E-02
-2.6052E-02
-1.4485E-02
-5.2235E-03
2.5113E-04
2.2880E-03
3.0673E-03
5.5805E-03
1.1975E-02
2.2229E-02
3.4821E-02
4.8150E-02
6.1328E-02
7.4121E-02
8.6128E-02
9.6230E-02
1.0317E-01
1.0654E-01
1.0700E-01
1.0451E-01
9.8157E-02
8.7420E-02
7.2107E-02
5.2623E-02
3.1518E-02
1.2932E-02
2.4136E-04
-5.9207E-03
-8.6741E-03
-1.2700E-02
-2.1084E-02
-3.3912E-02
-4.9667E-02
-6.7264E-02
-8.5843E-02
-1.0323E-01
-1.1644E-01
-1.2424E-01
-1.2727E-01
-1.2629E-01
-1.2163E-01
-1.1419E-01
-1.0634E-01
-9.9921E-02
-9.5199E-02
-9.1492E-02
-8.8701E-02
-8.7129E-02
-8.6508E-02
-8.6384E-02
-8.7017E-02
-8.9095E-02
-9.3267E-02
-9.9216E-02
-1.0542E-01
-1.1036E-01
-1.1254E-01
-1.1069E-01
-1.0512E-01
-9.8229E-02
-9.4141E-02
-9.6572E-02
-1.0584E-01
-1.1792E-01
-1.2721E-01
-1.3093E-01
-1.3045E-01
-1.2875E-01
-1.2876E-01
-1.3310E-01
-1.4163E-01
-1.4977E-01
-1.5263E-01
-1.5046E-01
-1.4753E-01
-1.4488E-01
-1.3808E-01
-1.2250E-01
-9.9494E-02
-7.6823E-02
-6.1322E-02
-5.1232E-02
-3.7851E-02
-1.5062E-02
1.4009E-02
4.0063E-02
5.6624E-02
6.5176E-02
7.2741E-02
8.5350E-02
1.0478E-01
1.2996E-01
1.5835E-01
1.8490E-01
2.0331E-01
2.1072E-01
2.0994E-01
2.0608E-01
2.0223E-01
1.9960E-01
1.9865E-01
1.9896E-01
1.9952E-01
1.9982E-01
1.9976E-01
1.9925E-01
1.9812E-01
1.9603E-01
1.9236E-01
1.8757E-01
1.8374E-01
1.8220E-01
1.8275E-01
1.8561E-01
1.9161E-01
1.9936E-01
2.0421E-01
2.0385E-01
2.0160E-01
2.0180E-01
2.0492E-01
2.0934E-01
2.1458E-01
2.2001E-01
2.2363E-01
2.2433E-01
2.2327E-01
2.2269E-01
2.2431E-01
2.2833E-01
2.3319E-01
2.3611E-01
2.3488E-01
2.2954E-01
2.2175E-01
2.1261E-01
2.0294E-01
1.9558E-01
1.9434E-01
1.9972E-01
2.0795E-01
2.1436E-01
2.1718E-01
2.1779E-01
2.1802E-01
2.1824E-01
2.1721E-01
2.1399E-01
2.0909E-01
2.0405E-01
1.9986E-01
1.9598E-01
1.9171E-01
1.8728E-01
1.8297E-01
1.7801E-01
1.7176E-01
1.6500E-01
1.5853E-01
1.5112E-01
1.4144E-01
1.3104E-01
1.2126E-01
1.1038E-01
9.7683E-02
8.5375E-02
7.3071E-02
5.5531E-02
3.1234E-02
7.1411E-03
-1.1221E-02
-2.7736E-02
-4.8395E-02
-7.2430E-02
-9.5895E-02
-1.1859E-01
-1.4251E-01
-1.6727E-01
-1.9082E-01
-2.1232E-01
-2.3212E-01
-2.4930E-01
-2.6236E-01
-2.7121E-01
-2.7620E-01
-2.7688E-01
-2.7269E-01
-2.6400E-01
-2.5190E-01
-2.3664E-01
-2.1769E-01
-1.9592E-01
-1.7434E-01
-1.5582E-01
-1.4059E-01
-1.2772E-01
-1.1683E-01
-1.0735E-01
-9.7744E-02
-8.8322E-02
-8.2630E-02
-8.4016E-02
-9.1162E-02
-9.7438E-02
-9.5284E-02
-8.2374E-02
-6.4641E-02
-5.2200E-02
-5.1369E-02
-5.9255E-02
-6.6680E-02
-6.5882E-02
-5.4786E-02
-3.7019E-02
-2.0944E-02
-1.5652E-02
-2.2310E-02
-3.1463E-02
-3.3342E-02
-2.8511E-02
-2.4485E-02
-2.4088E-02
-2.3157E-02
-1.7149E-02
-4.1803E-03
1.5958E-02
4.0284E-02
6.0983E-02
7.0204E-02
6.7673E-02
6.1436E-02
6.0306E-02
6.6834E-02
7.6602E-02
8.2050E-02
7.8018E-02
6.6256E-02
5.3696E-02
4.6243E-02
4.4230E-02
4.3106E-02
3.9475E-02
3.4784E-02
3.1955E-02
3.0955E-02
3.1148E-02
3.4185E-02
3.9938E-02
4.3604E-02
4.1525E-02
3.5241E-02
2.7187E-02
1.8317E-02
1.0855E-02
7.9835E-03
9.8741E-03
1.4011E-02
2.0166E-02
3.0807E-02
4.5403E-02
5.8997E-02
6.7152E-02
6.9529E-02
6.8297E-02
6.4977E-02
6.0178E-02
5.4437E-02
4.7937E-02
4.0128E-02
3.0935E-02
2.1744E-02
1.4347E-02
9.5883E-03
7.4293E-03
7.9348E-03
1.0479E-02
1.3051E-02
1.4333E-02
1.5869E-02
1.9593E-02
2.4065E-02
2.6658E-02
2.7057E-02
2.6476E-02
2.5668E-02
2.4878E-02
2.4597E-02
2.5400E-02
2.7818E-02
3.2303E-02
3.7661E-02
4.0753E-02
3.8967E-02
3.2919E-02
2.5029E-02
1.5874E-02
4.7796E-03
-6.8489E-03
-1.6076E-02
-2.3042E-02
-3.0525E-02
-3.8009E-02
-4.2127E-02
-4.2608E-02
-4.2592E-02
-4.3714E-02
-4.4708E-02
-4.4191E-02
-4.1801E-02
-3.7476E-02
-3.1623E-02
-2.4853E-02
-1.6660E-02
-6.0270E-03
5.8730E-03
1.5848E-02
2.2266E-02
2.6446E-02
3.0816E-02
3.6755E-02
4.3895E-02
4.9786E-02
5.1669E-02
4.8329E-02
4.1235E-02
3.2912E-02
2.3726E-02
1.2319E-02
-1.0157E-03
-1.3321E-02
-2.0722E-02
-2.0926E-02
-1.4060E-02
-1.8183E-03
1.3142E-02
2.8500E-02
4.2730E-02
5.3913E-02
5.9894E-02
5.9934E-02
5.6150E-02
5.2127E-02
4.9828E-02
4.8657E-02
4.7776E-02
4.7815E-02
4.9966E-02
5.4367E-02
6.0248E-02
6.6452E-02
7.1278E-02
7.3312E-02
7.2740E-02
7.1538E-02
7.1413E-02
7.2112E-02
7.2100E-02
7.0571E-02
6.8735E-02
6.9111E-02
7.2941E-02
7.8936E-02
8.4540E-02
8.8178E-02
8.9399E-02
8.7189E-02
7.9859E-02
6.7492E-02
5.2800E-02
3.8619E-02
2.6234E-02
1.5825E-02
7.0133E-03
-6.4509E-04
-6.4912E-03
-8.9744E-03
-8.6192E-03
-8.2055E-03
-8.9759E-03
-9.6969E-03
-1.0099E-02
-1.0940E-02
-1.1225E-02
-8.9700E-03
-4.3718E-03
4.1766E-04
4.9235E-03
1.1013E-02
1.9091E-02
2.6943E-02
3.2239E-02
3.4853E-02
3.4609E-02
3.0688E-02
2.4175E-02
1.7806E-02
1.2724E-02
7.8283E-03
2.5404E-03
-2.4391E-03
-6.7983E-03
-1.0769E-02
-1.4521E-02
-1.8130E-02
-2.1317E-02
-2.3288E-02
-2.2866E-02
-1.9323E-02
-1.3040E-02
-5.1553E-03
2.8967E-03
1.0119E-02
1.6881E-02
2.3886E-02
3.0673E-02
3.6682E-02
4.1574E-02
4.4493E-02
4.4641E-02
4.2205E-02
3.7770E-02
3.2100E-02
2.6314E-02
2.1397E-02
1.7958E-02
1.5972E-02
1.5449E-02
1.6861E-02
2.0400E-02
2.5142E-02
3.0030E-02
3.4547E-02
3.8303E-02
4.1220E-02
4.3354E-02
4.5111E-02
4.7016E-02
4.9341E-02
5.2878E-02
5.8304E-02
6.5208E-02
7.2565E-02
7.9910E-02
8.6633E-02
9.1565E-02
9.3712E-02
9.2760E-02
8.8763E-02
8.1850E-02
7.2506E-02
6.1433E-02
4.9684E-02
3.8562E-02
2.8506E-02
1.9134E-02
1.0049E-02
1.2297E-03
-7.1903E-03
-1.4958E-02
-2.1399E-02
-2.5581E-02
-2.7128E-02
-2.6477E-02
-2.4809E-02
-2.3330E-02
-2.2560E-02
-2.2946E-02
-2.4891E-02
-2.8316E-02
-3.2837E-02
-3.7927E-02
-4.3440E-02
-4.9797E-02
-5.7459E-02
-6.6506E-02
-7.6218E-02
-8.5570E-02
-9.3732E-02
-1.0020E-01
-1.0488E-01
-1.0736E-01
-1.0684E-01
-1.0270E-01
-9.5391E-02
-8.6080E-02
-7.5808E-02
-6.5762E-02
-5.7306E-02
-5.1378E-02
-4.7756E-02
-4.5522E-02
-4.3542E-02
-4.0923E-02
-3.7544E-02
-3.3305E-02
-2.8565E-02
-2.4398E-02
-2.1884E-02
-2.1125E-02
-2.0930E-02
-1.9870E-02
-1.6984E-02
-1.2004E-02
-5.1008E-03
3.0836E-03
1.2410E-02
2.3317E-02
3.5650E-02
4.8035E-02
5.8511E-02
6.6198E-02
7.1213E-02
7.3765E-02
7.4255E-02
7.3384E-02
7.1523E-02
6.8278E-02
6.3103E-02
5.6196E-02
4.8273E-02
3.9732E-02
3.1189E-02
2.3409E-02
1.6391E-02
9.9619E-03
4.2997E-03
-6.2063E-04
-5.0278E-03
-8.8490E-03
-1.1663E-02
-1.3703E-02
-1.6096E-02
-1.9753E-02
-2.4644E-02
-3.0044E-02
-3.5383E-02
-4.0139E-02
-4.3553E-02
-4.5237E-02
-4.5966E-02
-4.6964E-02
-4.8467E-02
-5.0170E-02
-5.1826E-02
-5.3370E-02
-5.4672E-02
-5.5432E-02
-5.5658E-02
-5.5351E-02
-5.4446E-02
-5.3099E-02
-5.1550E-02
-5.0391E-02
-4.9509E-02
-4.8448E-02
-4.7035E-02
-4.5805E-02
-4.5191E-02
-4.5523E-02
-4.7477E-02
-5.1227E-02
-5.5710E-02
-6.0298E-02
-6.5448E-02
-7.0870E-02
-7.5133E-02
-7.7246E-02
-7.7325E-02
-7.5254E-02
-7.0633E-02
-6.3985E-02
-5.6835E-02
-5.0165E-02
-4.3719E-02
-3.7028E-02
-3.0611E-02
-2.5979E-02
-2.4374E-02
-2.6130E-02
-3.0767E-02
-3.7319E-02
-4.3881E-02
-4.8710E-02
-5.1378E-02
-5.1941E-02
-5.0868E-02
-4.9338E-02
-4.8581E-02
-4.8565E-02
-4.8028E-02
-4.6314E-02
-4.4545E-02
-4.3541E-02
-4.2860E-02
-4.2390E-02
-4.2767E-02
-4.3967E-02
-4.5076E-02
-4.5120E-02
-4.3726E-02
-4.1270E-02
-3.8487E-02
-3.5766E-02
-3.3310E-02
-3.0994E-02
-2.8351E-02
-2.5293E-02
-2.2473E-02
-2.0671E-02
-2.0424E-02
-2.1768E-02
-2.3772E-02
-2.5108E-02
-2.4989E-02
-2.3251E-02
-2.0174E-02
-1.6043E-02
-1.1114E-02
-5.7951E-03
-8.5625E-04
2.3264E-03
2.7040E-03
2.0525E-04
-4.1071E-03
-8.2408E-03
-1.1044E-02
-1.3302E-02
-1.5865E-02
-1.8049E-02
-1.8913E-02
-1.8730E-02
-1.9174E-02
-2.1785E-02
-2.6883E-02
-3.3335E-02
-3.9023E-02
-4.2382E-02
-4.3175E-02
-4.1897E-02
-3.9302E-02
-3.6228E-02
-3.2669E-02
-2.8430E-02
-2.4209E-02
-2.1034E-02
-1.9206E-02
-1.8531E-02
-1.8965E-02
-2.0437E-02
-2.2678E-02
-2.5151E-02
-2.7534E-02
-2.9906E-02
-3.2146E-02
-3.4260E-02
-3.6811E-02
-4.0449E-02
-4.5236E-02
-5.0326E-02
-5.4781E-02
-5.8094E-02
-5.9867E-02
-5.9687E-02
-5.7837E-02
-5.4492E-02
-4.8993E-02
-4.1135E-02
-3.2253E-02
-2.3899E-02
-1.6563E-02
-1.0545E-02
-7.0996E-03
-6.6154E-03
-7.5312E-03
-7.7205E-03
-5.9214E-03
-2.0221E-03
3.1830E-03
8.3931E-03
1.2311E-02
1.4352E-02
1.4826E-02
1.4595E-02
1.4511E-02
1.5220E-02
1.6743E-02
1.8491E-02
1.9774E-02
2.0258E-02
2.0072E-02
1.8664E-02
1.4609E-02
7.5327E-03
-6.0220E-04
-7.0240E-03
-1.0524E-02
-1.1406E-02
-1.0862E-02
-1.0031E-02
-9.5182E-03
-9.3167E-03
-8.7828E-03
-7.5976E-03
-6.8194E-03
-6.9354E-03
-6.9242E-03
-6.0991E-03
-5.0100E-03
-4.3640E-03
-4.0226E-03
-3.9515E-03
-4.6019E-03
-6.2928E-03
-8.7631E-03
-1.1444E-02
-1.3885E-02
-1.6054E-02
-1.8516E-02
-2.1276E-02
-2.3342E-02
-2.3785E-02
-2.2086E-02
-1.8350E-02
-1.3225E-02
-7.4088E-03
-1.0627E-03
5.6508E-03
1.1534E-02
1.5279E-02
1.6716E-02
1.6746E-02
1.6939E-02
1.8677E-02
2.2356E-02
2.7295E-02
3.2410E-02
3.6901E-02
4.0192E-02
4.2037E-02
4.2125E-02
4.0203E-02
3.6870E-02
3.2997E-02
2.9364E-02
2.6473E-02
2.4402E-02
2.3239E-02
2.3080E-02
2.3746E-02
2.4336E-02
2.3948E-02
2.2373E-02
1.9850E-02
1.6435E-02
1.2084E-02
7.1622E-03
2.5600E-03
-4.3392E-04
-6.1362E-04
2.0335E-03
6.2089E-03
1.0325E-02
1.3138E-02
1.3807E-02
1.2034E-02
8.3457E-03
3.5656E-03
-1.6782E-03
-6.9614E-03
-1.1345E-02
-1.3685E-02
-1.3484E-02
-1.1171E-02
-7.9289E-03
-5.0383E-03
-3.1759E-03
-2.3063E-03
-2.1346E-03
-2.5370E-03
-3.5437E-03
-5.6196E-03
-8.5200E-03
-1.1535E-02
-1.4807E-02
-1.8467E-02
-2.2137E-02
-2.5861E-02
-2.9969E-02
-3.4561E-02
-3.9457E-02
-4.4433E-02
-4.9347E-02
-5.3616E-02
-5.6082E-02
-5.5830E-02
-5.3029E-02
-4.9199E-02
-4.5718E-02
-4.2776E-02
-4.0024E-02
-3.7619E-02
-3.5565E-02
-3.3623E-02
-3.1613E-02
-2.9515E-02
-2.7292E-02
-2.4789E-02
-2.2030E-02
-1.8580E-02
-1.3642E-02
-7.2937E-03
-4.6390E-04
5.6697E-03
1.0133E-02
1.2753E-02
1.3892E-02
1.3352E-02
1.1159E-02
7.8431E-03
4.2078E-03
1.4506E-03
8.4908E-04
2.7906E-03
6.1753E-03
9.0451E-03
1.0072E-02
8.9529E-03
5.8817E-03
1.4918E-03
-2.4772E-03
-4.8300E-03
-5.5502E-03
-4.9641E-03
-3.4654E-03
-1.2801E-03
1.3215E-03
4.0071E-03
6.2734E-03
7.5096E-03
7.5562E-03
6.9248E-03
6.1104E-03
4.9279E-03
2.8194E-03
-3.5484E-04
-4.2197E-03
-8.2290E-03
-1.2067E-02
-1.5588E-02
-1.8805E-02
-2.2017E-02
-2.5440E-02
-2.8890E-02
-3.2071E-02
-3.4330E-02
-3.4447E-02
-3.1343E-02
-2.4844E-02
-1.6300E-02
-7.9780E-03
-1.5654E-03
2.7569E-03
5.9493E-03
8.6468E-03
1.1228E-02
1.4150E-02
1.7190E-02
1.9429E-02
2.0307E-02
1.9604E-02
1.7177E-02
1.2873E-02
6.9806E-03
3.0182E-04
-6.0804E-03
-1.1099E-02
-1.3940E-02
-1.4215E-02
-1.2467E-02
-1.0163E-02
-9.1799E-03
-1.0371E-02
-1.2955E-02
-1.6184E-02
-1.9510E-02
-2.2126E-02
-2.3167E-02
-2.2461E-02
-2.0711E-02
-1.8582E-02
-1.6416E-02
-1.4676E-02
-1.3840E-02
-1.4120E-02
-1.5157E-02
-1.6453E-02
-1.7913E-02
-1.9348E-02
-2.0403E-02
-2.1009E-02
-2.1372E-02
-2.1063E-02
-1.9821E-02
-1.7685E-02
-1.4410E-02
-1.0233E-02
-6.1370E-03
-2.9014E-03
-5.6044E-04
8.3353E-04
1.0025E-03
-3.3825E-04
-3.3338E-03
-7.9280E-03
-1.3519E-02
-1.8648E-02
-2.1772E-02
-2.2196E-02
-2.0254E-02
-1.6937E-02
-1.3549E-02
-1.1010E-02
-9.7631E-03
-1.0247E-02
-1.2270E-02
-1.4887E-02
-1.7497E-02
-2.0618E-02
-2.4225E-02
-2.6914E-02
-2.7396E-02
-2.6060E-02
-2.4031E-02
-2.2007E-02
-2.0022E-02
-1.8034E-02
-1.6002E-02
-1.3684E-02
-1.0963E-02
-7.8909E-03
-4.7747E-03
-1.4234E-03
2.2166E-03
5.6144E-03
8.4066E-03
1.0578E-02
1.1415E-02
9.8897E-03
5.6572E-03
-6.6663E-04
-7.6101E-03
-1.3297E-02
-1.6727E-02
-1.8072E-02
-1.7912E-02
-1.6361E-02
-1.3344E-02
-9.4689E-03
-5.6076E-03
-2.5088E-03
-7.4475E-04
-3.1468E-04
-7.2072E-04
-1.6396E-03
-3.2156E-03
-5.2290E-03
-6.9894E-03
-8.1031E-03
-8.8395E-03
-9.4728E-03
-1.0017E-02
-1.0659E-02
-1.1723E-02
-1.3285E-02
-1.4844E-02
-1.6139E-02
-1.7663E-02
-1.9655E-02
-2.1460E-02
-2.2634E-02
-2.3621E-02
-2.4089E-02
-2.3217E-02
-2.1302E-02
-1.9113E-02
-1.6839E-02
-1.4579E-02
-1.3317E-02
-1.4102E-02
-1.6702E-02
-1.9846E-02
-2.2865E-02
-2.5799E-02
-2.8218E-02
-2.9959E-02
-3.1505E-02
-3.3432E-02
-3.5803E-02
-3.8293E-02
-4.0991E-02
-4.3908E-02
-4.6172E-02
-4.6561E-02
-4.4620E-02
-4.0669E-02
-3.5377E-02
-2.9649E-02
-2.4738E-02
-2.2131E-02
-2.2728E-02
-2.6224E-02
-3.1608E-02
-3.7766E-02
-4.3479E-02
-4.7805E-02
-5.0293E-02
-5.1356E-02
-5.1914E-02
-5.2435E-02
-5.3101E-02
-5.3797E-02
-5.4141E-02
-5.3917E-02
-5.3533E-02
-5.2843E-02
-5.0871E-02
-4.7456E-02
-4.3428E-02
-3.9314E-02
-3.5079E-02
-3.0911E-02
-2.7457E-02
-2.4939E-02
-2.3169E-02
-2.2025E-02
-2.1618E-02
-2.1959E-02
-2.2625E-02
-2.2822E-02
-2.2000E-02
-1.9925E-02
-1.6284E-02
-1.1631E-02
-7.2095E-03
-3.2723E-03
5.4608E-04
3.9506E-03
6.4181E-03
7.7553E-03
7.8951E-03
6.8987E-03
5.0979E-03
3.1378E-03
1.9379E-03
1.9758E-03
2.9707E-03
4.2899E-03
5.7617E-03
7.3403E-03
8.6269E-03
9.4330E-03
1.0414E-02
1.2086E-02
1.4149E-02
1.6045E-02
1.6911E-02
1.5906E-02
1.2642E-02
7.4748E-03
1.4347E-03
-4.4615E-03
-9.4117E-03
-1.2322E-02
-1.2695E-02
-1.1470E-02
-9.8545E-03
-8.8070E-03
-9.3338E-03
-1.1512E-02
-1.4510E-02
-1.7577E-02
-1.9567E-02
-1.9448E-02
-1.7172E-02
-1.3479E-02
-8.8165E-03
-3.3266E-03
2.1362E-03
5.7419E-03
6.3834E-03
4.2955E-03
7.9133E-04
-2.7116E-03
-5.3089E-03
-6.4084E-03
-5.7405E-03
-3.6641E-03
-1.0346E-03
1.3903E-03
3.1323E-03
3.4925E-03
2.3723E-03
4.5760E-05
-3.1023E-03
-6.0643E-03
-7.4574E-03
-6.8297E-03
-4.5444E-03
-9.5641E-04
3.5013E-03
8.1782E-03
1.2018E-02
1.4231E-02
1.4951E-02
1.4710E-02
1.3511E-02
1.1633E-02
9.8499E-03
8.3398E-03
6.4557E-03
3.8806E-03
1.4777E-03
-1.2875E-04
-1.3627E-03
-2.8297E-03
-4.8609E-03
-7.6256E-03
-1.0989E-02
-1.4496E-02
-1.7465E-02
-1.9388E-02
-2.0162E-02
-2.0077E-02
-1.9486E-02
-1.8291E-02
-1.5999E-02
-1.2066E-02
-6.7795E-03
-1.0984E-03
4.0453E-03
8.0797E-03
1.0795E-02
1.1688E-02
1.0484E-02
7.9806E-03
5.2237E-03
2.9900E-03
1.7447E-03
1.6685E-03
2.7986E-03
4.7836E-03
6.6120E-03
7.0034E-03
5.1173E-03
1.0687E-03
-4.1286E-03
-9.2172E-03
-1.3222E-02
-1.5534E-02
-1.5685E-02
-1.4070E-02
-1.1689E-02
-9.0491E-03
-6.2071E-03
-3.1399E-03
3.2427E-04
4.1092E-03
7.8843E-03
1.1499E-02
1.4840E-02
1.7448E-02
1.8640E-02
1.8004E-02
1.5794E-02
1.2605E-02
9.2088E-03
6.6188E-03
5.6164E-03
6.4195E-03
8.4771E-03
1.0624E-02
1.2299E-02
1.3230E-02
1.2550E-02
9.7555E-03
5.5735E-03
1.0632E-03
-2.5514E-03
-4.3844E-03
-4.3585E-03
-3.1919E-03
-2.0025E-03
-1.6087E-03
-2.2135E-03
-3.8424E-03
-6.7712E-03
-1.0566E-02
-1.4002E-02
-1.5881E-02
-1.5449E-02
-1.2318E-02
-6.4396E-03
1.2063E-03
8.6220E-03
1.4151E-02
1.7382E-02
1.8466E-02
1.7618E-02
1.5800E-02
1.4709E-02
1.5841E-02
1.9834E-02
2.5709E-02
3.1441E-02
3.5737E-02
3.9351E-02
4.3119E-02
4.6437E-02
4.8336E-02
4.8878E-02
4.9060E-02
5.0070E-02
5.2333E-02
5.5120E-02
5.7410E-02
5.8610E-02
5.8638E-02
5.7959E-02
5.7626E-02
5.8085E-02
5.8822E-02
5.9172E-02
5.8770E-02
5.7789E-02
5.6489E-02
5.4458E-02
5.1252E-02
4.6572E-02
4.0784E-02
3.4724E-02
2.9514E-02
2.6484E-02
2.6312E-02
2.8545E-02
3.2196E-02
3.6429E-02
4.0409E-02
4.3617E-02
4.5693E-02
4.6425E-02
4.6348E-02
4.6656E-02
4.8159E-02
5.0962E-02
5.4483E-02
5.7456E-02
5.8354E-02
5.6624E-02
5.2923E-02
4.7965E-02
4.2154E-02
3.6352E-02
3.1450E-02
2.7581E-02
2.4896E-02
2.3494E-02
2.2773E-02
2.1351E-02
1.8086E-02
1.2754E-02
5.8761E-03
-1.3368E-03
-7.9226E-03
-1.3428E-02
-1.7644E-02
-2.0218E-02
-2.0832E-02
-1.9390E-02
-1.6028E-02
-1.1335E-02
-6.1896E-03
-1.2834E-03
3.1880E-03
7.0352E-03
9.8438E-03
1.1535E-02
1.2323E-02
1.2656E-02
1.3062E-02
1.3673E-02
1.4057E-02
1.3477E-02
1.1610E-02
8.8290E-03
6.0457E-03
4.0522E-03
3.0909E-03
3.5284E-03
6.0012E-03
1.0543E-02
1.6146E-02
2.1761E-02
2.6491E-02
2.9782E-02
3.2126E-02
3.4567E-02
3.7468E-02
4.0450E-02
4.3049E-02
4.5062E-02
4.6054E-02
4.5639E-02
4.3809E-02
4.1236E-02
3.9208E-02
3.8516E-02
3.9291E-02
4.1024E-02
4.2543E-02
4.2644E-02
4.0878E-02
3.7653E-02
3.3564E-02
2.9042E-02
2.5038E-02
2.2703E-02
2.2460E-02
2.3679E-02
2.5711E-02
2.8185E-02
3.0270E-02
3.1345E-02
3.1377E-02
3.0643E-02
2.9639E-02
2.8895E-02
2.8534E-02
2.8173E-02
2.7362E-02
2.5561E-02
2.2627E-02
1.9136E-02
1.5732E-02
1.2662E-02
1.0051E-02
8.1776E-03
7.3241E-03
7.6236E-03
8.4497E-03
9.1422E-03
9.9510E-03
1.0935E-02
1.1267E-02
1.0625E-02
9.4108E-03
7.6912E-03
5.4105E-03
2.9966E-03
1.0350E-03
-2.6188E-04
-1.0200E-03
-1.2348E-03
-8.9657E-04
-4.8663E-04
-7.2885E-04
-1.5986E-03
-2.7739E-03
-3.8875E-03
-4.3605E-03
-3.5240E-03
-8.9517E-04
3.4686E-03
8.5030E-03
1.2979E-02
1.6292E-02
1.8607E-02
2.0657E-02
2.3190E-02
2.6446E-02
3.0236E-02
3.4045E-02
3.8008E-02
4.2186E-02
4.5395E-02
4.6727E-02
4.6514E-02
4.5332E-02
4.3212E-02
4.0176E-02
3.6726E-02
3.3116E-02
2.9442E-02
2.5568E-02
2.1581E-02
1.8091E-02
1.5543E-02
1.3841E-02
1.2831E-02
1.2315E-02
1.1857E-02
1.0715E-02
8.6218E-03
6.1096E-03
3.7618E-03
1.7770E-03
3.8634E-04
2.0418E-04
1.6344E-03
4.7073E-03
8.7687E-03
1.3056E-02
1.7140E-02
2.0488E-02
2.2912E-02
2.4935E-02
2.6713E-02
2.8010E-02
2.8858E-02
2.9689E-02
3.0650E-02
3.1532E-02
3.2416E-02
3.3284E-02
3.3572E-02
3.2880E-02
3.1127E-02
2.8292E-02
2.4699E-02
2.0896E-02
1.6780E-02
1.2121E-02
6.9243E-03
1.5246E-03
-3.6934E-03
-8.6550E-03
-1.3496E-02
-1.7914E-02
-2.0958E-02
-2.2409E-02
-2.2876E-02
-2.2840E-02
-2.2061E-02
-2.0526E-02
-1.8777E-02
-1.7167E-02
-1.5687E-02
-1.4109E-02
-1.2271E-02
-1.0039E-02
-7.2066E-03
-3.7773E-03
-2.3749E-04
2.3695E-03
3.5888E-03
3.5281E-03
2.7370E-03
1.9220E-03
1.4960E-03
1.3765E-03
9.1644E-04
-4.7886E-04
-2.8506E-03
-5.6512E-03
-8.2048E-03
-9.7815E-03
-1.0146E-02
-9.6515E-03
-8.8635E-03
-8.0605E-03
-7.4712E-03
-7.1830E-03
-6.9377E-03
-6.7116E-03
-6.6643E-03
-6.7905E-03
-6.8099E-03
-6.4682E-03
-5.7335E-03
-4.7301E-03
-3.7927E-03
-3.2954E-03
-3.1617E-03
-3.1034E-03
-2.9064E-03
-2.3238E-03
-1.0869E-03
3.9004E-04
1.1932E-03
7.7509E-04
-5.4563E-04
-2.4787E-03
-4.9671E-03
-7.4025E-03
-8.9400E-03
-9.4340E-03
-9.1023E-03
-8.2083E-03
-6.9113E-03
-5.2743E-03
-3.8622E-03
-3.6990E-03
-4.4837E-03
-5.2957E-03
-6.0951E-03
-7.0379E-03
-7.6658E-03
-7.5112E-03
-6.4139E-03
-4.2282E-03
-1.1936E-03
2.3733E-03
5.9799E-03
8.7700E-03
1.0435E-02
1.1303E-02
1.1956E-02
1.2843E-02
1.3729E-02
1.4368E-02
1.5119E-02
1.6492E-02
1.8487E-02
2.0416E-02
2.1562E-02
2.1680E-02
2.0942E-02
1.9387E-02
1.7206E-02
1.4856E-02
1.2671E-02
1.0430E-02
7.8615E-03
5.1560E-03
2.5383E-03
-1.3652E-04
-3.2876E-03
-6.9076E-03
-1.0219E-02
-1.2337E-02
-1.3125E-02
-1.3167E-02
-1.2891E-02
-1.2578E-02
-1.2868E-02
-1.4149E-02
-1.5910E-02
-1.7197E-02
-1.7300E-02
-1.6300E-02
-1.4372E-02
-1.1679E-02
-8.6781E-03
-6.0886E-03
-4.2664E-03
-3.1825E-03
-2.5153E-03
-2.1484E-03
-1.9968E-03
-1.6973E-03
-1.0809E-03
-2.0965E-04
8.4765E-04
1.7338E-03
1.6924E-03
7.4497E-04
-3.4236E-04
-8.6661E-04
-2.7973E-04
1.6794E-03
4.6994E-03
8.5282E-03
1.2832E-02
1.6757E-02
1.9425E-02
2.0374E-02
1.9501E-02
1.7056E-02
1.3136E-02
7.9965E-03
2.3787E-03
-3.3731E-03
-8.1854E-03
-1.0766E-02
-1.1116E-02
-1.0082E-02
-8.2556E-03
-5.9078E-03
-3.4947E-03
-1.9347E-03
-1.7229E-03
-2.5511E-03
-3.9043E-03
-5.2786E-03
-6.2717E-03
-6.7565E-03
-6.9561E-03
-7.2667E-03
-7.8816E-03
-8.3789E-03
-8.3791E-03
-8.0357E-03
-6.9653E-03
-4.7228E-03
-1.5855E-03
2.2028E-03
6.8681E-03
1.2458E-02
1.8101E-02
2.3056E-02
2.6908E-02
2.9187E-02
2.9072E-02
2.6405E-02
2.1693E-02
1.6027E-02
1.0239E-02
5.0115E-03
1.1047E-03
-1.2416E-03
-2.6311E-03
-3.9988E-03
-5.4471E-03
-6.5032E-03
-7.1587E-03
-7.6347E-03
-7.3056E-03
-5.7178E-03
-3.3914E-03
-1.0877E-03
1.2550E-03
3.6639E-03
5.8621E-03
7.6515E-03
9.5236E-03
1.1945E-02
1.4211E-02
1.6048E-02
1.7825E-02
1.9856E-02
2.2091E-02
2.4338E-02
2.6670E-02
2.9567E-02
3.2898E-02
3.5929E-02
3.8365E-02
4.0286E-02
4.1661E-02
4.2489E-02
4.2804E-02
4.2507E-02
4.1514E-02
3.9791E-02
3.7678E-02
3.5886E-02
3.5346E-02
3.6242E-02
3.8276E-02
4.1261E-02
4.4742E-02
4.7739E-02
4.9667E-02
5.0425E-02
4.9455E-02
4.6211E-02
4.1164E-02
3.5290E-02
2.9245E-02
2.3366E-02
1.8211E-02
1.4520E-02
1.2374E-02
1.1512E-02
1.1633E-02
1.2332E-02
1.3267E-02
1.4343E-02
1.5812E-02
1.7904E-02
2.0372E-02
2.2401E-02
2.3513E-02
2.3597E-02
2.2298E-02
1.9638E-02
1.6170E-02
1.2259E-02
8.1116E-03
3.9216E-03
3.2775E-05
-3.3848E-03
-6.3548E-03
-8.8942E-03
-1.1093E-02
-1.3223E-02
-1.5832E-02
-1.9199E-02
-2.3042E-02
-2.7369E-02
-3.2497E-02
-3.8421E-02
-4.4689E-02
-5.0926E-02
-5.7021E-02
-6.2602E-02
-6.7022E-02
-6.9891E-02
-7.1214E-02
-7.0816E-02
-6.8346E-02
-6.3726E-02
-5.7133E-02
-4.8643E-02
-3.8415E-02
-2.7206E-02
-1.6169E-02
-6.3057E-03
1.5451E-03
6.5038E-03
7.8381E-03
5.7866E-03
1.6264E-03
-3.2033E-03
-7.4101E-03
-9.7810E-03
-9.1201E-03
-5.0746E-03
1.7403E-03
1.0233E-02
1.9108E-02
2.7358E-02
3.4404E-02
4.0013E-02
4.3994E-02
4.6233E-02
4.6850E-02
4.6225E-02
4.4743E-02
4.2700E-02
4.0275E-02
3.7808E-02
3.5879E-02
3.4575E-02
3.3254E-02
3.1671E-02
3.0148E-02
2.9275E-02
2.9297E-02
2.9767E-02
3.0004E-02
2.9374E-02
2.7296E-02
2.3358E-02
1.7406E-02
9.7184E-03
5.0643E-04
-1.0015E-02
-2.1114E-02
-3.1484E-02
-4.0124E-02
-4.6825E-02
-5.1438E-02
-5.3704E-02
-5.3910E-02
-5.2626E-02
-5.0195E-02
-4.7080E-02
-4.3903E-02
-4.1291E-02
-3.9645E-02
-3.9283E-02
-4.0310E-02
-4.2635E-02
-4.6274E-02
-5.1103E-02
-5.6654E-02
-6.2372E-02
-6.7581E-02
-7.1310E-02
-7.2857E-02
-7.3040E-02
-7.2397E-02
-6.9725E-02
-6.4268E-02
-5.6534E-02
-4.7311E-02
-3.8107E-02
-3.1213E-02
-2.7712E-02
-2.6112E-02
-2.4279E-02
-2.1293E-02
-1.7336E-02
-1.2861E-02
-8.1372E-03
-3.7245E-03
-4.4609E-04
1.4251E-03
1.9506E-03
8.0172E-04
-2.3583E-03
-6.8160E-03
-1.1565E-02
-1.6295E-02
-2.0714E-02
-2.4030E-02
-2.5663E-02
-2.6096E-02
-2.6184E-02
-2.6416E-02
-2.7199E-02
-2.9117E-02
-3.2299E-02
-3.6368E-02
-4.0396E-02
-4.3109E-02
-4.3611E-02
-4.1641E-02
-3.7657E-02
-3.2732E-02
-2.7718E-02
-2.2905E-02
-1.8627E-02
-1.6040E-02
-1.6120E-02
-1.8684E-02
-2.2522E-02
-2.5826E-02
-2.7127E-02
-2.6072E-02
-2.3178E-02
-1.9448E-02
-1.5901E-02
-1.3056E-02
-1.1273E-02
-1.1116E-02
-1.2869E-02
-1.5757E-02
-1.8695E-02
-2.1647E-02
-2.4946E-02
-2.8350E-02
-3.1305E-02
-3.3460E-02
-3.4497E-02
-3.3833E-02
-3.1684E-02
-2.9256E-02
-2.7591E-02
-2.6598E-02
-2.5184E-02
-2.2668E-02
-1.9520E-02
-1.6592E-02
-1.4327E-02
-1.2324E-02
-9.8116E-03
-6.3774E-03
-2.3763E-03
9.6932E-04
2.4352E-03
2.1055E-03
1.0303E-03
-3.0993E-04
-1.9538E-03
-3.2561E-03
-3.3896E-03
-2.3332E-03
-6.8659E-04
1.4385E-03
4.2895E-03
7.5148E-03
1.0664E-02
1.3881E-02
1.7495E-02
2.1207E-02
2.4805E-02
2.8866E-02
3.3826E-02
3.8847E-02
4.2619E-02
4.4697E-02
4.5204E-02
4.3905E-02
4.0314E-02
3.4920E-02
2.8669E-02
2.2027E-02
1.5548E-02
1.0331E-02
6.9396E-03
4.4383E-03
1.6841E-03
-1.4461E-03
-4.5946E-03
-7.6129E-03
-1.0120E-02
-1.1437E-02
-1.1361E-02
-1.0632E-02
-1.0094E-02
-9.2556E-03
-7.5134E-03
-5.2990E-03
-3.0402E-03
-6.8088E-04
1.9364E-03
4.9657E-03
8.4558E-03
1.1771E-02
1.4074E-02
1.5105E-02
1.5013E-02
1.3969E-02
1.2001E-02
9.4109E-03
6.6203E-03
4.0495E-03
2.5420E-03
2.4154E-03
3.1852E-03
4.3007E-03
5.3810E-03
6.2709E-03
6.9655E-03
7.6270E-03
8.3332E-03
9.3037E-03
1.0749E-02
1.2019E-02
1.2323E-02
1.1782E-02
1.0902E-02
9.7418E-03
7.9635E-03
5.3482E-03
2.1609E-03
-1.1138E-03
-4.0834E-03
-6.4129E-03
-7.9736E-03
-8.7642E-03
-8.7374E-03
-8.3699E-03
-8.2292E-03
-8.0792E-03
-7.2507E-03
-5.5510E-03
-3.2145E-03
-2.9472E-04
2.8132E-03
4.8956E-03
5.2189E-03
4.2335E-03
2.5845E-03
3.5442E-04
-2.8423E-03
-7.1460E-03
-1.1941E-02
-1.6733E-02
-2.1230E-02
-2.4588E-02
-2.6412E-02
-2.7460E-02
-2.8881E-02
-3.0970E-02
-3.3118E-02
-3.5141E-02
-3.7523E-02
-4.0216E-02
-4.2519E-02
-4.3902E-02
-4.4134E-02
-4.2877E-02
-3.9775E-02
-3.4650E-02
-2.7892E-02
-2.0357E-02
-1.2648E-02
-5.1110E-03
1.4595E-03
6.8633E-03
1.1507E-02
1.5012E-02
1.6882E-02
1.7846E-02
1.9118E-02
2.0984E-02
2.2943E-02
2.4779E-02
2.6513E-02
2.7992E-02
2.9089E-02
3.0072E-02
3.1091E-02
3.1757E-02
3.2262E-02
3.2922E-02
3.3257E-02
3.2851E-02
3.1734E-02
3.0398E-02
2.9311E-02
2.8452E-02
2.7434E-02
2.6250E-02
2.5076E-02
2.3491E-02
2.1082E-02
1.7954E-02
1.4373E-02
1.0771E-02
7.6403E-03
5.1471E-03
3.2137E-03
1.8643E-03
1.1767E-03
8.3569E-04
1.6053E-04
-1.1349E-03
-2.7278E-03
-4.4539E-03
-6.4736E-03
-8.5479E-03
-1.0235E-02
-1.1578E-02
-1.2881E-02
-1.4015E-02
-1.5073E-02
-1.6333E-02
-1.7481E-02
-1.7910E-02
-1.7450E-02
-1.6477E-02
-1.4972E-02
-1.2499E-02
-8.8451E-03
-3.9638E-03
1.7771E-03
7.4669E-03
1.2211E-02
1.5552E-02
1.7185E-02
1.7143E-02
1.5592E-02
1.2677E-02
9.2467E-03
6.2323E-03
4.0168E-03
2.4998E-03
1.4172E-03
2.5208E-04
-1.2216E-03
-3.1632E-03
-5.5248E-03
-8.0608E-03
-1.0460E-02
-1.2276E-02
-1.3107E-02
-1.2706E-02
-1.1186E-02
-8.8611E-03
-6.2171E-03
-4.0444E-03
-2.8624E-03
-2.6419E-03
-3.2973E-03
-4.6828E-03
-6.2082E-03
-7.5447E-03
-8.7680E-03
-9.4606E-03
-8.7463E-03
-6.1826E-03
-2.2186E-03
2.1851E-03
6.2487E-03
9.4755E-03
1.1978E-02
1.4284E-02
1.5876E-02
1.6353E-02
1.6138E-02
1.5479E-02
1.4343E-02
1.2795E-02
1.1134E-02
9.6369E-03
8.2456E-03
7.0687E-03
6.4249E-03
6.7519E-03
8.2707E-03
1.0572E-02
1.2903E-02
1.4735E-02
1.5993E-02
1.6626E-02
1.6605E-02
1.5894E-02
1.4126E-02
1.1984E-02
1.0678E-02
1.0175E-02
1.0072E-02
1.0376E-02
1.0828E-02
1.0819E-02
9.5085E-03
6.5882E-03
2.6273E-03
-1.5661E-03
-5.2094E-03
-7.4349E-03
-7.7894E-03
-6.5740E-03
-4.1835E-03
-1.1393E-03
2.0045E-03
4.9562E-03
7.6915E-03
1.0106E-02
1.2087E-02
1.3510E-02
1.4283E-02
1.4630E-02
1.4805E-02
1.5121E-02
1.6025E-02
1.7213E-02
1.7323E-02
1.5353E-02
1.1369E-02
6.2658E-03
8.2610E-04
-4.5168E-03
-9.3604E-03
-1.3411E-02
-1.6528E-02
-1.8719E-02
-2.0290E-02
-2.1133E-02
-2.0426E-02
-1.7989E-02
-1.4753E-02
-1.0839E-02
-5.6138E-03
5.8287E-04
6.3694E-03
1.0744E-02
1.3525E-02
1.4341E-02
1.3294E-02
1.1025E-02
8.2723E-03
5.7203E-03
3.4659E-03
1.3346E-03
-7.2896E-04
-3.0384E-03
-6.2638E-03
-1.0511E-02
-1.4952E-02
-1.9117E-02
-2.2822E-02
-2.5492E-02
-2.6859E-02
-2.7354E-02
-2.7197E-02
-2.6121E-02
-2.3908E-02
-2.0544E-02
-1.6089E-02
-1.0961E-02
-5.8223E-03
-1.0169E-03
3.2395E-03
6.7801E-03
9.5083E-03
1.1603E-02
1.3117E-02
1.4457E-02
1.6398E-02
1.8628E-02
2.0436E-02
2.1751E-02
2.2665E-02
2.3016E-02
2.2585E-02
2.1518E-02
2.0333E-02
1.9394E-02
1.8305E-02
1.6399E-02
1.3719E-02
1.0786E-02
7.8897E-03
5.4063E-03
3.7147E-03
2.6233E-03
1.5401E-03
1.8084E-04
-1.1903E-03
-2.4431E-03
-3.8344E-03
-5.3459E-03
-6.7550E-03
-8.1685E-03
-9.1659E-03
-9.5323E-03
-9.2565E-03
-8.4861E-03
-7.7284E-03
-7.2230E-03
-6.9353E-03
-6.7922E-03
-7.2017E-03
-8.3210E-03
-9.6805E-03
-1.0956E-02
-1.2445E-02
-1.4073E-02
-1.5428E-02
-1.6636E-02
-1.7903E-02
-1.8346E-02
-1.7071E-02
-1.4763E-02
-1.2291E-02
-9.9350E-03
-7.7576E-03
-6.0694E-03
-5.3478E-03
-5.5560E-03
-6.3925E-03
-7.7332E-03
-9.3103E-03
-1.0597E-02
-1.1202E-02
-1.1212E-02
-1.0675E-02
-9.3618E-03
-7.5683E-03
-6.0741E-03
-5.3317E-03
-5.0960E-03
-4.9976E-03
-5.2558E-03
-5.8542E-03
-6.2809E-03
-5.9759E-03
-4.5411E-03
-1.8452E-03
1.9803E-03
6.5235E-03
1.1277E-02
1.5811E-02
1.9700E-02
2.2823E-02
2.5223E-02
2.6564E-02
2.7119E-02
2.7385E-02
2.7406E-02
2.6972E-02
2.5936E-02
2.4452E-02
2.2350E-02
1.9186E-02
1.5003E-02
1.0329E-02
5.5802E-03
8.7147E-04
-3.5008E-03
-6.8372E-03
-8.8135E-03
-9.5798E-03
-9.4541E-03
-8.7619E-03
-7.9581E-03
-7.5100E-03
-7.3795E-03
-7.4621E-03
-8.1668E-03
-9.4363E-03
-1.0417E-02
-1.0057E-02
-7.8555E-03
-4.3679E-03
-5.5062E-04
3.0722E-03
5.7080E-03
6.2774E-03
4.7527E-03
1.6374E-03
-2.7216E-03
-7.8286E-03
-1.2537E-02
-1.5473E-02
-1.5985E-02
-1.4274E-02
-1.0767E-02
-6.0186E-03
-1.1382E-03
2.7979E-03
5.7059E-03
7.8332E-03
9.0058E-03
9.3993E-03
9.6061E-03
9.9688E-03
1.0822E-02
1.2455E-02
1.4235E-02
1.5328E-02
1.5103E-02
1.3361E-02
1.0320E-02
6.5444E-03
2.7080E-03
-8.7914E-04
-3.6808E-03
-5.2518E-03
-5.9539E-03
-6.2909E-03
-6.2821E-03
-5.9580E-03
-5.8379E-03
-6.6453E-03
-8.3153E-03
-1.0362E-02
-1.2357E-02
-1.3976E-02
-1.5112E-02
-1.5456E-02
-1.4774E-02
-1.2866E-02
-9.8102E-03
-6.1629E-03
-2.5229E-03
6.5201E-04
3.4544E-03
6.1982E-03
8.5599E-03
9.9238E-03
1.0144E-02
9.4640E-03
8.0011E-03
5.9809E-03
3.7367E-03
1.2429E-03
-1.7359E-03
-5.1698E-03
-8.6170E-03
-1.1423E-02
-1.3237E-02
-1.4102E-02
-1.4009E-02
-1.2838E-02
-1.0781E-02
-8.5705E-03
-6.3493E-03
-3.9716E-03
-1.8459E-03
-1.7143E-04
1.2784E-03
2.6858E-03
4.0179E-03
5.0604E-03
5.5135E-03
5.2740E-03
3.9774E-03
1.4398E-03
-1.8590E-03
-5.2809E-03
-8.5435E-03
-1.1289E-02
-1.3000E-02
-1.3325E-02
-1.2423E-02
-1.1377E-02
-1.0719E-02
-1.0059E-02
-9.2052E-03
-8.5573E-03
-8.2211E-03
-7.9587E-03
-7.6642E-03
-7.6680E-03
-7.9859E-03
-8.1778E-03
-8.1443E-03
-8.1315E-03
-8.2729E-03
-8.4290E-03
-8.6764E-03
-9.1914E-03
-9.9343E-03
-1.0778E-02
-1.1413E-02
-1.1398E-02
-1.0391E-02
-8.5732E-03
-6.5443E-03
-4.9578E-03
-4.0747E-03
-3.9009E-03
-4.4534E-03
-5.5547E-03
-6.7974E-03
-7.6629E-03
-7.8603E-03
-7.2221E-03
-5.8034E-03
-3.9154E-03
-1.9169E-03
-1.5695E-04
1.2641E-03
2.5173E-03
3.6892E-03
4.9578E-03
6.6950E-03
9.1806E-03
1.2101E-02
1.5009E-02
1.7652E-02
1.9900E-02
2.1448E-02
2.1710E-02
2.0428E-02
1.8151E-02
1.5444E-02
1.2477E-02
9.7151E-03
7.6670E-03
6.2693E-03
5.1009E-03
3.9684E-03
2.6954E-03
1.2404E-03
-5.7429E-04
-2.6089E-03
-4.1936E-03
-4.9869E-03
-5.2697E-03
-4.8243E-03
-3.3096E-03
-7.7847E-04
2.1686E-03
4.9503E-03
7.2578E-03
8.8618E-03
9.8965E-03
1.0476E-02
1.0330E-02
9.4791E-03
8.4064E-03
7.5297E-03
6.9546E-03
6.5205E-03
6.0823E-03
5.6944E-03
5.4355E-03
5.1201E-03
4.7923E-03
4.7311E-03
4.9221E-03
5.1773E-03
5.5682E-03
6.1321E-03
6.9606E-03
7.9125E-03
8.8804E-03
1.0014E-02
1.1327E-02
1.2689E-02
1.3814E-02
1.4538E-02
1.4973E-02
1.5453E-02
1.5843E-02
1.5925E-02
1.5618E-02
1.4560E-02
1.2641E-02
9.9080E-03
6.6915E-03
3.4684E-03
4.1679E-04
-2.1803E-03
-4.5180E-03
-6.9485E-03
-9.2497E-03
-1.0933E-02
-1.2022E-02
-1.3001E-02
-1.3606E-02
-1.3246E-02
-1.2010E-02
-1.0341E-02
-8.5210E-03
-6.5238E-03
-4.7615E-03
-3.9477E-03
-4.2108E-03
-5.3071E-03
-6.9421E-03
-9.0228E-03
-1.1500E-02
-1.3953E-02
-1.6289E-02
-1.8562E-02
-2.0267E-02
-2.1040E-02
-2.1134E-02
-2.0840E-02
-2.0522E-02
-2.0268E-02
-2.0239E-02
-2.0593E-02
-2.1536E-02
-2.2727E-02
-2.3697E-02
-2.4583E-02
-2.5390E-02
-2.5707E-02
-2.5212E-02
-2.4184E-02
-2.3021E-02
-2.1655E-02
-1.9785E-02
-1.7853E-02
-1.6399E-02
-1.5479E-02
-1.4883E-02
-1.4962E-02
-1.6155E-02
-1.8309E-02
-2.0759E-02
-2.3066E-02
-2.5089E-02
-2.6598E-02
-2.7347E-02
-2.7511E-02
-2.7355E-02
-2.6517E-02
-2.4878E-02
-2.3068E-02
-2.1936E-02
-2.1860E-02
-2.2681E-02
-2.4041E-02
-2.5741E-02
-2.7491E-02
-2.8626E-02
-2.9150E-02
-2.9269E-02
-2.8809E-02
-2.7541E-02
-2.6102E-02
-2.5354E-02
-2.5237E-02
-2.5669E-02
-2.6682E-02
-2.7970E-02
-2.9163E-02
-3.0124E-02
-3.0807E-02
-3.0983E-02
-3.0401E-02
-2.8957E-02
-2.6738E-02
-2.4157E-02
-2.1841E-02
-2.0359E-02
-1.9785E-02
-2.0000E-02
-2.0959E-02
-2.2166E-02