8.0010E+03
5.0000E-03
-2.4051E-02
-2.7512E-02
-2.8235E-02
-2.6225E-02
-2.2457E-02
-1.7947E-02
-1.3083E-02
-7.7370E-03
-1.9084E-03
3.9864E-03
9.1983E-03
1.2971E-02
1.4878E-02
1.5059E-02
1.4380E-02
1.3947E-02
1.4278E-02
1.5017E-02
1.5529E-02
1.5459E-02
1.4793E-02
1.3690E-02
1.2266E-02
1.0371E-02
7.4994E-03
3.3340E-03
-1.6793E-03
-6.4092E-03
-9.5709E-03
-1.0304E-02
-8.5445E-03
-4.9179E-03
-4.8666E-04
3.6676E-03
6.8436E-03
8.7678E-03
9.3747E-03
8.6836E-03
7.0124E-03
4.8526E-03
2.4575E-03
-1.6009E-04
-2.7551E-03
-4.9874E-03
-6.8370E-03
-8.6152E-03
-1.0805E-02
-1.3790E-02
-1.7509E-02
-2.1198E-02
-2.3768E-02
-2.4446E-02
-2.3052E-02
-1.9979E-02
-1.5902E-02
-1.1608E-02
-7.8217E-03
-5.1558E-03
-3.8867E-03
-3.8330E-03
-4.5483E-03
-5.5422E-03
-6.4511E-03
-7.1004E-03
-7.3912E-03
-7.0550E-03
-5.6678E-03
-2.9579E-03
9.9530E-04
5.8801E-03
1.1317E-02
1.7045E-02
2.2913E-02
2.8517E-02
3.3041E-02
3.5517E-02
3.5285E-02
3.2055E-02
2.5792E-02
1.6923E-02
6.2713E-03
-5.2550E-03
-1.6831E-02
-2.7566E-02
-3.6471E-02
-4.2490E-02
-4.4711E-02
-4.2669E-02
-3.6462E-02
-2.6922E-02
-1.5751E-02
-4.9657E-03
4.1071E-03
1.1225E-02
1.6893E-02
2.1796E-02
2.6253E-02
2.9821E-02
3.1482E-02
3.0398E-02
2.6431E-02
2.0496E-02
1.4199E-02
8.7757E-03
5.0300E-03
3.2497E-03
3.2741E-03
4.6968E-03
6.9822E-03
9.3892E-03
1.0794E-02
9.9491E-03
6.2480E-03
1.3593E-04
-7.0936E-03
-1.3942E-02
-1.9393E-02
-2.3154E-02
-2.5315E-02
-2.5821E-02
-2.4409E-02
-2.0682E-02
-1.4265E-02
-5.2807E-03
5.2163E-03
1.5389E-02
2.3564E-02
2.9065E-02
3.2182E-02
3.3497E-02
3.3284E-02
3.1497E-02
2.8160E-02
2.3423E-02
1.7498E-02
1.0824E-02
4.0733E-03
-2.0493E-03
-6.9874E-03
-1.0393E-02
-1.2430E-02
-1.3730E-02
-1.4920E-02
-1.6273E-02
-1.7569E-02
-1.8481E-02
-1.8874E-02
-1.8941E-02
-1.8893E-02
-1.8453E-02
-1.6758E-02
-1.2858E-02
-6.7441E-03
1.9730E-04
6.1991E-03
1.0327E-02
1.2733E-02
1.3949E-02
1.4139E-02
1.2973E-02
9.9822E-03
5.1043E-03
-1.0135E-03
-7.2869E-03
-1.2562E-02
-1.6007E-02
-1.7411E-02
-1.7185E-02
-1.5940E-02
-1.4215E-02
-1.2384E-02
-1.0402E-02
-7.6973E-03
-3.6724E-03
1.4270E-03
6.2524E-03
9.0488E-03
8.8476E-03
6.1901E-03
2.5830E-03
-6.7985E-04
-2.9924E-03
-4.1576E-03
-4.2864E-03
-3.8326E-03
-3.3417E-03
-3.3566E-03
-4.3867E-03
-6.6315E-03
-9.6685E-03
-1.2646E-02
-1.5005E-02
-1.6942E-02
-1.9046E-02
-2.1546E-02
-2.3958E-02
-2.5640E-02
-2.6418E-02
-2.6563E-02
-2.6235E-02
-2.5008E-02
-2.2022E-02
-1.6636E-02
-9.3358E-03
-1.8566E-03
3.9740E-03
7.4549E-03
9.3086E-03
1.0881E-02
1.2912E-02
1.5092E-02
1.6566E-02
1.6527E-02
1.4604E-02
1.0904E-02
5.8460E-03
9.3975E-06
-5.8782E-03
-1.0846E-02
-1.3810E-02
-1.4075E-02
-1.1841E-02
-8.0537E-03
-3.7969E-03
3.1226E-04
4.4238E-03
9.0006E-03
1.4059E-02
1.8932E-02
2.2557E-02
2.4047E-02
2.3136E-02
2.0175E-02
1.5573E-02
9.5146E-03
2.3723E-03
-4.9341E-03
-1.1242E-02
-1.5434E-02
-1.6799E-02
-1.5275E-02
-1.1561E-02
-6.8426E-03
-2.1445E-03
1.9282E-03
5.0315E-03
6.8926E-03
7.3193E-03
6.4920E-03
4.9351E-03
3.1469E-03
1.4656E-03
2.8773E-04
2.1472E-04
1.8588E-03
5.4991E-03
1.0776E-02
1.6651E-02
2.1940E-02
2.5906E-02
2.8250E-02
2.8814E-02
2.7448E-02
2.4052E-02
1.8636E-02
1.1681E-02
4.0867E-03
-3.1231E-03
-8.9932E-03
-1.2797E-02
-1.4156E-02
-1.3115E-02
-1.0036E-02
-5.5408E-03
-3.8282E-04
4.7867E-03
9.4502E-03
1.3162E-02
1.5581E-02
1.6502E-02
1.5860E-02
1.3774E-02
1.0744E-02
7.4556E-03
4.4053E-03
1.7365E-03
-6.9556E-04
-3.1488E-03
-5.5154E-03
-7.2101E-03
-7.6808E-03
-6.9205E-03
-5.2512E-03
-3.0597E-03
-8.2474E-04
7.8117E-04
9.8120E-04
-8.9569E-04
-5.0353E-03
-1.0816E-02
-1.7046E-02
-2.2654E-02
-2.7189E-02
-3.0485E-02
-3.2135E-02
-3.1535E-02
-2.8555E-02
-2.3904E-02
-1.8638E-02
-1.3744E-02
-9.7873E-03
-6.7785E-03
-4.4361E-03
-2.7987E-03
-2.6669E-03
-4.9579E-03
-9.7108E-03
-1.5695E-02
-2.1063E-02
-2.4432E-02
-2.5467E-02
-2.4579E-02
-2.2444E-02
-1.9774E-02
-1.7015E-02
-1.4093E-02
-1.0660E-02
-6.5289E-03
-1.8221E-03
3.0382E-03
7.4477E-03
1.0813E-02
1.2783E-02
1.3380E-02
1.2816E-02
1.1285E-02
8.9532E-03
6.1779E-03
3.6246E-03
1.8124E-03
5.6972E-04
-8.7877E-04
-3.1278E-03
-6.0697E-03
-9.0620E-03
-1.1497E-02
-1.3287E-02
-1.4901E-02
-1.6815E-02
-1.9158E-02
-2.1954E-02
-2.5411E-02
-2.9759E-02
-3.4947E-02
-4.0445E-02
-4.5077E-02
-4.7434E-02
-4.6684E-02
-4.2906E-02
-3.6943E-02
-2.9846E-02
-2.2367E-02
-1.4897E-02
-7.8498E-03
-1.7859E-03
2.8652E-03
6.2129E-03
8.7770E-03
1.1113E-02
1.3604E-02
1.6221E-02
1.8280E-02
1.8378E-02
1.4855E-02
6.8772E-03
-4.5041E-03
-1.6563E-02
-2.6434E-02
-3.2489E-02
-3.4710E-02
-3.4042E-02
-3.1817E-02
-2.8888E-02
-2.5485E-02
-2.1661E-02
-1.7568E-02
-1.3505E-02
-9.7495E-03
-6.2514E-03
-2.5943E-03
1.6046E-03
6.3698E-03
1.1318E-02
1.5704E-02
1.8683E-02
1.9614E-02
1.8312E-02
1.4975E-02
9.9918E-03
3.5990E-03
-3.9948E-03
-1.2227E-02
-2.0246E-02
-2.7441E-02
-3.3475E-02
-3.7680E-02
-3.8907E-02
-3.6177E-02
-2.9508E-02
-2.0034E-02
-9.4801E-03
4.1182E-04
8.4537E-03
1.4337E-02
1.8317E-02
2.0663E-02
2.1365E-02
2.0466E-02
1.8694E-02
1.7275E-02
1.7219E-02
1.8821E-02
2.1632E-02
2.4728E-02
2.7052E-02
2.8021E-02
2.7721E-02
2.6550E-02
2.4831E-02
2.2401E-02
1.8463E-02
1.1914E-02
2.1735E-03
-1.0121E-02
-2.3200E-02
-3.5054E-02
-4.4310E-02
-5.0449E-02
-5.3444E-02
-5.3455E-02
-5.0654E-02
-4.5412E-02
-3.8483E-02
-3.0945E-02
-2.3884E-02
-1.7775E-02
-1.2340E-02
-6.8126E-03
-5.0816E-04
6.6173E-03
1.3830E-02
2.0108E-02
2.4877E-02
2.8001E-02
2.9501E-02
2.9475E-02
2.7959E-02
2.4860E-02
2.0065E-02
1.3475E-02
5.2575E-03
-4.0148E-03
-1.3498E-02
-2.2215E-02
-2.9067E-02
-3.2641E-02
-3.1723E-02
-2.6130E-02
-1.6920E-02
-5.8466E-03
5.4720E-03
1.5867E-02
2.4574E-02
3.0965E-02
3.4431E-02
3.4612E-02
3.1709E-02
2.6597E-02
2.0516E-02
1.4553E-02
9.2550E-03
4.7457E-03
1.0968E-03
-1.5866E-03
-3.2248E-03
-3.7219E-03
-3.2262E-03
-2.4766E-03
-2.5176E-03
-4.0833E-03
-7.1192E-03
-1.0779E-02
-1.3868E-02
-1.5373E-02
-1.4655E-02
-1.1178E-02
-4.5621E-03
4.5679E-03
1.4164E-02
2.1858E-02
2.6728E-02
2.9463E-02
3.1018E-02
3.1429E-02
2.9815E-02
2.5273E-02
1.7598E-02
7.5430E-03
-3.2248E-03
-1.2776E-02
-1.9673E-02
-2.3425E-02
-2.4466E-02
-2.3625E-02
-2.1520E-02
-1.8344E-02
-1.4325E-02
-9.9440E-03
-5.5521E-03
-1.0777E-03
3.6163E-03
8.3133E-03
1.2613E-02
1.6100E-02
1.8371E-02
1.9258E-02
1.8847E-02
1.7323E-02
1.5010E-02
1.2216E-02
9.0675E-03
5.5815E-03
1.8729E-03
-1.9119E-03
-5.7944E-03
-9.7481E-03
-1.3594E-02
-1.7019E-02
-1.9764E-02
-2.1867E-02
-2.3580E-02
-2.5073E-02
-2.6264E-02
-2.7017E-02
-2.7162E-02
-2.6416E-02
-2.4491E-02
-2.1520E-02
-1.7988E-02
-1.4412E-02
-1.1010E-02
-7.5305E-03
-3.7171E-03
-7.9595E-05
1.8751E-03
6.4455E-04
-4.1500E-03
-1.1383E-02
-1.8997E-02
-2.5076E-02
-2.8720E-02
-3.0225E-02
-3.0388E-02
-2.9858E-02
-2.8908E-02
-2.7532E-02
-2.5839E-02
-2.4186E-02
-2.3075E-02
-2.2940E-02
-2.3836E-02
-2.5119E-02
-2.5549E-02
-2.4027E-02
-2.0498E-02
-1.5883E-02
-1.1421E-02
-7.9529E-03
-5.5960E-03
-4.1990E-03
-3.6616E-03
-3.8145E-03
-4.1098E-03
-3.7430E-03
-2.2075E-03
4.0259E-04
3.3957E-03
5.8599E-03
7.1849E-03
7.3540E-03
6.5636E-03
4.5398E-03
4.3048E-04
-6.4081E-03
-1.5419E-02
-2.4479E-02
-3.0840E-02
-3.2567E-02
-2.9277E-02
-2.2092E-02
-1.2762E-02
-2.8787E-03
6.4441E-03
1.4698E-02
2.1549E-02
2.6642E-02
2.9658E-02
3.0652E-02
3.0177E-02
2.9029E-02
2.7755E-02
2.6277E-02
2.4040E-02
2.0453E-02
1.5447E-02
9.7415E-03
4.3910E-03
7.3784E-05
-3.0027E-03
-4.8173E-03
-5.4723E-03
-5.1989E-03
-4.2831E-03
-3.1636E-03
-2.3726E-03
-2.0911E-03
-1.8571E-03
-6.2409E-04
2.7644E-03
8.7519E-03
1.6574E-02
2.4578E-02
3.1300E-02
3.5987E-02
3.8325E-02
3.7988E-02
3.4570E-02
2.8161E-02
1.9804E-02
1.1270E-02
4.4209E-03
4.0789E-04
-8.9049E-04
-8.7731E-04
-1.5030E-03
-4.1524E-03
-9.1325E-03
-1.5832E-02
-2.3030E-02
-2.9522E-02
-3.4622E-02
-3.8185E-02
-4.0090E-02
-4.0029E-02
-3.7584E-02
-3.2436E-02
-2.4679E-02
-1.5206E-02
-5.6358E-03
2.4187E-03
8.1291E-03
1.1656E-02
1.3715E-02
1.5008E-02
1.5938E-02
1.6650E-02
1.7076E-02
1.6954E-02
1.6001E-02
1.4003E-02
1.0826E-02
6.4227E-03
1.2651E-03
-3.3892E-03
-5.8718E-03
-5.0655E-03
-1.2678E-03
4.0463E-03
9.2799E-03
1.3587E-02
1.6979E-02
1.9816E-02
2.2333E-02
2.4418E-02
2.5862E-02
2.6702E-02
2.6961E-02
2.6294E-02
2.4166E-02
2.0233E-02
1.4572E-02
7.7143E-03
4.0376E-04
-6.8462E-03
-1.3729E-02
-1.9834E-02
-2.4667E-02
-2.7960E-02
-2.9913E-02
-3.0973E-02
-3.1518E-02
-3.1724E-02
-3.1649E-02
-3.1369E-02
-3.1024E-02
-3.0715E-02
-3.0329E-02
-2.9435E-02
-2.7318E-02
-2.3331E-02
-1.7547E-02
-1.1151E-02
-5.8567E-03
-2.8447E-03
-2.1341E-03
-2.9086E-03
-4.4991E-03
-6.9467E-03
-1.0547E-02
-1.5018E-02
-1.9416E-02
-2.2717E-02
-2.4211E-02
-2.3610E-02
-2.0974E-02
-1.6540E-02
-1.0737E-02
-4.3754E-03
1.4134E-03
5.4181E-03
6.7219E-03
5.1402E-03
1.4718E-03
-2.9880E-03
-7.2524E-03
-1.0985E-02
-1.4326E-02
-1.7345E-02
-1.9766E-02
-2.1080E-02
-2.0851E-02
-1.8939E-02
-1.5512E-02
-1.1153E-02
-6.4785E-03
-1.8773E-03
2.2394E-03
5.2278E-03
6.3751E-03
5.2692E-03
1.9581E-03
-2.9681E-03
-8.5185E-03
-1.3756E-02
-1.8093E-02
-2.1098E-02
-2.2545E-02
-2.2671E-02
-2.2025E-02
-2.0978E-02
-1.9399E-02
-1.6828E-02
-1.2743E-02
-6.9278E-03
4.0283E-04
8.6134E-03
1.6681E-02
2.3651E-02
2.9110E-02
3.3153E-02
3.5835E-02
3.6797E-02
3.5452E-02
3.1339E-02
2.4500E-02
1.5757E-02
6.4656E-03
-2.2742E-03
-1.0041E-02
-1.6886E-02
-2.2723E-02
-2.7255E-02
-3.0142E-02
-3.1367E-02
-3.1268E-02
-3.0067E-02
-2.7732E-02
-2.4182E-02
-1.9535E-02
-1.4250E-02
-8.9156E-03
-3.7403E-03
1.6656E-03
7.7789E-03
1.4536E-02
2.1153E-02
2.6413E-02
2.9232E-02
2.9148E-02
2.6474E-02
2.2147E-02
1.7319E-02
1.2952E-02
9.3982E-03
6.2645E-03
3.0038E-03
-4.6439E-04
-3.5163E-03
-5.2145E-03
-4.8214E-03
-2.1506E-03
2.2441E-03
7.4037E-03
1.2337E-02
1.6357E-02
1.9337E-02
2.1573E-02
2.3388E-02
2.4882E-02
2.5784E-02
2.5578E-02
2.4039E-02
2.1550E-02
1.8788E-02
1.6319E-02
1.4568E-02
1.3761E-02
1.4089E-02
1.5817E-02
1.8905E-02
2.2683E-02
2.5941E-02
2.7410E-02
2.6262E-02
2.2467E-02
1.6829E-02
1.0554E-02
4.5898E-03
-5.5844E-04
-4.7086E-03
-7.9078E-03
-1.0247E-02
-1.1755E-02
-1.2600E-02
-1.3133E-02
-1.3534E-02
-1.3642E-02
-1.2818E-02
-1.0119E-02
-5.1165E-03
1.3807E-03
7.6639E-03
1.2247E-02
1.4360E-02
1.3974E-02
1.1609E-02
8.1190E-03
4.4872E-03
1.5726E-03
-1.3140E-04
-6.4393E-04
-2.5870E-04
7.1106E-04
1.7856E-03
2.2789E-03
1.8191E-03
7.1213E-04
-1.3706E-04
3.3220E-04
2.6360E-03
6.3052E-03
9.9696E-03
1.2363E-02
1.3163E-02
1.2987E-02
1.2720E-02
1.2651E-02
1.2493E-02
1.2006E-02
1.1305E-02
1.0550E-02
9.5519E-03
7.8306E-03
5.0559E-03
1.7484E-03
-7.0953E-04
-1.1286E-03
3.9522E-04
2.5465E-03
3.8446E-03
3.8293E-03
3.2983E-03
3.4393E-03
4.6097E-03
6.0464E-03
6.6320E-03
5.5952E-03
2.7752E-03
-1.3837E-03
-6.1552E-03
-1.0923E-02
-1.5265E-02
-1.8814E-02
-2.1459E-02
-2.3586E-02
-2.5848E-02
-2.8673E-02
-3.2139E-02
-3.6068E-02
-4.0314E-02
-4.4816E-02
-4.9369E-02
-5.3459E-02
-5.6521E-02
-5.8019E-02
-5.7393E-02
-5.4186E-02
-4.8152E-02
-3.9377E-02
-2.8468E-02
-1.6791E-02
-6.3150E-03
1.1544E-03
4.7242E-03
4.7130E-03
2.3319E-03
-9.0974E-04
-3.8226E-03
-5.8469E-03
-7.0570E-03
-7.8980E-03
-8.6426E-03
-8.8934E-03
-7.8597E-03
-5.0973E-03
-7.6322E-04
4.4437E-03
9.7074E-03
1.4596E-02
1.9114E-02
2.3455E-02
2.7764E-02
3.2051E-02
3.6013E-02
3.9133E-02
4.1003E-02
4.1345E-02
3.9909E-02
3.6649E-02
3.2002E-02
2.6778E-02
2.1711E-02
1.7072E-02
1.2471E-02
7.1811E-03
7.8124E-04
-6.5734E-03
-1.4232E-02
-2.1298E-02
-2.6809E-02
-3.0099E-02
-3.1047E-02
-2.9958E-02
-2.7447E-02
-2.4215E-02
-2.0748E-02
-1.7252E-02
-1.3555E-02
-9.1498E-03
-3.6829E-03
2.5264E-03
8.6106E-03
1.3488E-02
1.6041E-02
1.5575E-02
1.2280E-02
7.0084E-03
5.0509E-04
-6.7410E-03
-1.4323E-02
-2.1788E-02
-2.8715E-02
-3.4680E-02
-3.9230E-02
-4.1986E-02
-4.2745E-02
-4.1505E-02
-3.8399E-02
-3.3727E-02
-2.8062E-02
-2.2370E-02
-1.7531E-02
-1.3838E-02
-1.1136E-02
-9.2800E-03
-8.3081E-03
-8.4781E-03
-1.0217E-02
-1.3857E-02
-1.9411E-02
-2.6365E-02
-3.3688E-02
-4.0448E-02
-4.6200E-02
-5.0745E-02
-5.3339E-02
-5.2711E-02
-4.8022E-02
-3.9804E-02
-2.9911E-02
-2.0535E-02
-1.3000E-02
-7.3528E-03
-3.0229E-03
4.5868E-04
3.1595E-03
4.8597E-03
5.3854E-03
4.8639E-03
3.6971E-03
2.3336E-03
1.1590E-03
6.1728E-04
9.6735E-04
2.1254E-03
3.9641E-03
6.4165E-03
9.5210E-03
1.3331E-02
1.7573E-02
2.1600E-02
2.4790E-02
2.6981E-02
2.8327E-02
2.9039E-02
2.9321E-02
2.9243E-02
2.8774E-02
2.7955E-02
2.6966E-02
2.5969E-02
2.5044E-02
2.4144E-02
2.3180E-02
2.2037E-02
2.0721E-02
1.9256E-02
1.7578E-02
1.5849E-02
1.4590E-02
1.4333E-02
1.5142E-02
1.6563E-02
1.7887E-02
1.8626E-02
1.8878E-02
1.9035E-02
1.9299E-02
1.9664E-02
2.0081E-02
2.0403E-02
2.0482E-02
2.0157E-02
1.9153E-02
1.7047E-02
1.3405E-02
8.0177E-03
1.2305E-03
-5.8994E-03
-1.2096E-02
-1.6400E-02
-1.8261E-02
-1.7504E-02
-1.4585E-02
-1.0542E-02
-6.5223E-03
-3.3079E-03
-9.9981E-04
8.5080E-04
2.6688E-03
4.2550E-03
4.9104E-03
4.0130E-03
1.2939E-03
-3.1567E-03
-9.1676E-03
-1.6511E-02
-2.4682E-02
-3.2747E-02
-3.9597E-02
-4.4219E-02
-4.5710E-02
-4.3405E-02
-3.7385E-02
-2.8814E-02
-1.9629E-02
-1.1720E-02
-5.8770E-03
-1.6921E-03
1.8144E-03
5.2852E-03
8.6121E-03
1.1219E-02
1.2482E-02
1.2125E-02
1.0309E-02
7.5257E-03
4.3994E-03
1.7678E-03
4.4405E-04
7.2859E-04
2.3697E-03
4.8764E-03
7.8953E-03
1.1235E-02
1.4732E-02
1.8124E-02
2.0937E-02
2.2453E-02
2.1913E-02
1.8982E-02
1.4228E-02
8.9244E-03
4.1962E-03
5.5178E-04
-1.8696E-03
-2.8413E-03
-1.8249E-03
1.8839E-03
8.6500E-03
1.7838E-02
2.7958E-02
3.7413E-02
4.5220E-02
5.1177E-02
5.5609E-02
5.8644E-02
5.9892E-02
5.8873E-02
5.5901E-02
5.2284E-02
4.9532E-02
4.8531E-02
4.9338E-02
5.1283E-02
5.3174E-02
5.3647E-02
5.1816E-02
4.7803E-02
4.2547E-02
3.7281E-02
3.3078E-02
3.0466E-02
2.9441E-02
2.9821E-02
3.1409E-02
3.3569E-02
3.5015E-02
3.4309E-02
3.0470E-02
2.3379E-02
1.3822E-02
3.0869E-03
-7.6103E-03
-1.7876E-02
-2.8360E-02
-4.0062E-02
-5.3122E-02
-6.6329E-02
-7.7885E-02
-8.6363E-02
-9.1327E-02
-9.3322E-02
-9.2784E-02
-8.8784E-02
-7.9471E-02
-6.4194E-02
-4.4857E-02
-2.5147E-02
-8.8346E-03
1.6871E-03
6.1080E-03
6.4047E-03
5.9575E-03
6.9186E-03
7.9999E-03
5.7859E-03
-1.6013E-03
-1.2779E-02
-2.4581E-02
-3.4264E-02
-4.0416E-02
-4.3049E-02
-4.3417E-02
-4.2893E-02
-4.1511E-02
-3.8047E-02
-3.1822E-02
-2.3401E-02
-1.3186E-02
-4.0460E-04
1.5564E-02
3.3276E-02
4.9469E-02
6.1386E-02
6.8629E-02
7.2442E-02
7.3600E-02
7.1473E-02
6.4497E-02
5.1263E-02
3.1865E-02
8.4620E-03
-1.5812E-02
-3.8462E-02
-5.7898E-02
-7.2269E-02
-7.8537E-02
-7.3819E-02
-5.8492E-02
-3.7258E-02
-1.6239E-02
3.8032E-04
1.0820E-02
1.4261E-02
1.0573E-02
1.2294E-03
-1.0923E-02
-2.3205E-02
-3.4444E-02
-4.4597E-02
-5.3280E-02
-5.9076E-02
-6.0077E-02
-5.5553E-02
-4.7311E-02
-3.8734E-02
-3.2170E-02
-2.7608E-02
-2.4284E-02
-2.2855E-02
-2.4894E-02
-3.0735E-02
-3.8660E-02
-4.6320E-02
-5.2047E-02
-5.5091E-02
-5.5704E-02
-5.5189E-02
-5.5218E-02
-5.7143E-02
-6.2061E-02
-7.1022E-02
-8.4626E-02
-1.0213E-01
-1.2105E-01
-1.3773E-01
-1.4866E-01
-1.5150E-01
-1.4502E-01
-1.2903E-01
-1.0451E-01
-7.3898E-02
-4.0643E-02
-8.2363E-03
2.0324E-02
4.3293E-02
6.0438E-02
7.2268E-02
7.9179E-02
8.1683E-02
8.0881E-02
7.7939E-02
7.3003E-02
6.5162E-02
5.3850E-02
3.9692E-02
2.4139E-02
9.4134E-03
-1.5806E-03
-5.8157E-03
-8.6148E-04
1.3838E-02
3.5822E-02
6.0115E-02
8.1338E-02
9.6166E-02
1.0416E-01
1.0672E-01
1.0533E-01
1.0067E-01
9.2986E-02
8.3208E-02
7.3379E-02
6.5992E-02
6.3027E-02
6.4919E-02
6.9941E-02
7.4605E-02
7.4409E-02
6.5110E-02
4.5022E-02
1.6506E-02
-1.5193E-02
-4.4520E-02
-6.7596E-02
-8.3049E-02
-9.1766E-02
-9.5635E-02
-9.6348E-02
-9.4911E-02
-9.1807E-02
-8.7504E-02
-8.2519E-02
-7.7241E-02
-7.1664E-02
-6.4984E-02
-5.5483E-02
-4.1386E-02
-2.2423E-02
-3.1946E-04
2.2178E-02
4.2435E-02
5.8637E-02
7.0173E-02
7.7636E-02
8.2676E-02
8.7377E-02
9.3199E-02
1.0027E-01
1.0758E-01
1.1386E-01
1.1804E-01
1.1910E-01
1.1582E-01
1.0733E-01
9.3772E-02
7.6572E-02
5.8336E-02
4.2039E-02
2.9689E-02
2.1506E-02
1.6746E-02
1.5097E-02
1.6821E-02
2.1918E-02
2.9738E-02
3.9154E-02
4.8989E-02
5.8344E-02
6.6643E-02
7.3563E-02
7.8953E-02
8.2759E-02
8.4932E-02
8.5143E-02
8.2354E-02
7.5153E-02
6.3205E-02
4.8236E-02
3.3389E-02
2.1591E-02
1.4472E-02
1.2205E-02
1.3903E-02
1.8401E-02
2.4609E-02
3.1595E-02
3.8311E-02
4.3193E-02
4.4521E-02
4.1849E-02
3.7006E-02
3.2877E-02
3.1211E-02
3.2083E-02
3.4947E-02
3.9432E-02
4.5284E-02
5.1825E-02
5.7803E-02
6.1651E-02
6.2358E-02
6.1020E-02
6.1116E-02
6.6275E-02
7.7263E-02
9.1522E-02
1.0556E-01
1.1696E-01
1.2429E-01
1.2695E-01
1.2532E-01
1.2021E-01
1.1224E-01
1.0195E-01
8.9968E-02
7.7227E-02
6.5306E-02
5.6019E-02
4.9992E-02
4.5790E-02
4.0440E-02
3.0934E-02
1.5716E-02
-4.1840E-03
-2.5181E-02
-4.2433E-02
-5.2379E-02
-5.4966E-02
-5.3247E-02
-5.0774E-02
-4.9580E-02
-4.9978E-02
-5.1392E-02
-5.3124E-02
-5.4432E-02
-5.4036E-02
-4.9905E-02
-3.9954E-02
-2.3784E-02
-4.1490E-03
1.3746E-02
2.5160E-02
2.8176E-02
2.3950E-02
1.5136E-02
4.1849E-03
-7.0545E-03
-1.7588E-02
-2.7817E-02
-3.8816E-02
-5.0429E-02
-6.0683E-02
-6.7438E-02
-7.0128E-02
-7.0064E-02
-6.9485E-02
-6.9883E-02
-7.0914E-02
-7.0307E-02
-6.4755E-02
-5.1625E-02
-3.0660E-02
-4.6831E-03
2.1571E-02
4.3874E-02
6.0306E-02
7.1315E-02
7.8368E-02
8.2728E-02
8.4828E-02
8.4323E-02
8.0645E-02
7.3545E-02
6.3279E-02
5.0553E-02
3.6608E-02
2.3151E-02
1.2098E-02
4.9780E-03
1.9629E-03
1.3381E-03
6.7327E-04
-1.6729E-03
-6.1923E-03
-1.2491E-02
-1.9668E-02
-2.6712E-02
-3.2876E-02
-3.7826E-02
-4.1358E-02
-4.3058E-02
-4.2602E-02
-4.0641E-02
-3.9004E-02
-3.9639E-02
-4.3510E-02
-5.0398E-02
-5.8836E-02
-6.6478E-02
-7.1129E-02
-7.2040E-02
-7.0438E-02
-6.8786E-02
-6.8878E-02
-7.0291E-02
-7.1184E-02
-7.0366E-02
-6.8319E-02
-6.6259E-02
-6.4567E-02
-6.2361E-02
-5.8189E-02
-5.1208E-02
-4.2001E-02
-3.2201E-02
-2.3206E-02
-1.5273E-02
-7.8408E-03
-1.7980E-04
8.0868E-03
1.6856E-02
2.5626E-02
3.3703E-02
4.0780E-02
4.7112E-02
5.3155E-02
5.9193E-02
6.5039E-02
7.0180E-02
7.4302E-02
7.7495E-02
8.0294E-02
8.3331E-02
8.6776E-02
8.9807E-02
9.0967E-02
8.9331E-02
8.5396E-02
8.0691E-02
7.6339E-02
7.2280E-02
6.7814E-02
6.2358E-02
5.5939E-02
4.9407E-02
4.3889E-02
3.9954E-02
3.7098E-02
3.4186E-02
3.0528E-02
2.6449E-02
2.2981E-02
2.0999E-02
2.0460E-02
2.0191E-02
1.8466E-02
1.4287E-02
8.0651E-03
1.1508E-03
-5.3141E-03
-1.1013E-02
-1.6187E-02
-2.0981E-02
-2.5305E-02
-2.9203E-02
-3.2824E-02
-3.6133E-02
-3.8951E-02
-4.1043E-02
-4.2098E-02
-4.1768E-02
-3.9682E-02
-3.5683E-02
-3.0017E-02
-2.3180E-02
-1.5876E-02
-8.6319E-03
-1.4805E-03
5.8619E-03
1.3579E-02
2.1587E-02
2.9653E-02
3.7471E-02
4.4699E-02
5.1154E-02
5.6959E-02
6.2339E-02
6.7293E-02
7.1614E-02
7.5070E-02
7.7482E-02
7.8758E-02
7.8959E-02
7.8299E-02
7.7012E-02
7.5335E-02
7.3499E-02
7.1688E-02
7.0074E-02
6.8917E-02
6.8561E-02
6.9316E-02
7.1238E-02
7.4069E-02
7.7257E-02
8.0011E-02
8.1496E-02
8.1054E-02
7.8420E-02
7.3623E-02
6.6975E-02
5.9004E-02
5.0406E-02
4.2005E-02
3.4628E-02
2.8821E-02
2.4733E-02
2.2146E-02
2.0709E-02
2.0166E-02
2.0405E-02
2.1467E-02
2.3448E-02
2.6593E-02
3.1282E-02
3.7977E-02
4.7128E-02
5.8884E-02
7.2659E-02
8.6870E-02
9.9429E-02
1.0859E-01
1.1353E-01
1.1435E-01
1.1175E-01
1.0642E-01
9.8663E-02
8.8472E-02
7.5740E-02
6.0572E-02
4.3544E-02
2.5853E-02
9.1057E-03
-5.1940E-03
-1.6245E-02
-2.4099E-02
-2.9258E-02
-3.2410E-02
-3.4275E-02
-3.5398E-02
-3.6037E-02
-3.6240E-02
-3.6020E-02
-3.5574E-02
-3.5397E-02
-3.6013E-02
-3.7682E-02
-4.0424E-02
-4.4272E-02
-4.9409E-02
-5.5985E-02
-6.3838E-02
-7.1933E-02
-7.8172E-02
-8.0451E-02
-7.8238E-02
-7.2912E-02
-6.6956E-02
-6.2439E-02
-6.0260E-02
-6.0483E-02
-6.3073E-02
-6.8137E-02
-7.5587E-02
-8.4761E-02
-9.4139E-02
-1.0173E-01
-1.0599E-01
-1.0640E-01
-1.0337E-01
-9.7762E-02
-9.0444E-02
-8.1984E-02
-7.2486E-02
-6.1719E-02
-4.9559E-02
-3.6286E-02
-2.2594E-02
-9.2478E-03
3.1699E-03
1.4320E-02
2.4166E-02
3.2914E-02
4.1018E-02
4.9118E-02
5.7840E-02
6.7342E-02
7.7275E-02
8.7101E-02
9.6274E-02
1.0436E-01
1.1117E-01
1.1678E-01
1.2156E-01
1.2601E-01
1.3059E-01
1.3567E-01
1.4159E-01
1.4852E-01
1.5655E-01
1.6557E-01
1.7537E-01
1.8552E-01
1.9560E-01
2.0526E-01
2.1421E-01
2.2222E-01
2.2910E-01
2.3476E-01
2.3930E-01
2.4310E-01
2.4665E-01
2.5037E-01
2.5471E-01
2.6012E-01
2.6696E-01
2.7548E-01
2.8574E-01
2.9742E-01
3.0975E-01
3.2160E-01
3.3176E-01
3.3946E-01
3.4474E-01
3.4821E-01
3.5063E-01
3.5288E-01
3.5576E-01
3.5989E-01
3.6571E-01
3.7360E-01
3.8362E-01
3.9552E-01
4.0884E-01
4.2279E-01
4.3631E-01
4.4821E-01
4.5717E-01
4.6214E-01
4.6264E-01
4.5899E-01
4.5212E-01
4.4330E-01
4.3390E-01
4.2509E-01
4.1770E-01
4.1216E-01
4.0850E-01
4.0666E-01
4.0660E-01
4.0816E-01
4.1098E-01
4.1448E-01
4.1801E-01
4.2098E-01
4.2296E-01
4.2372E-01
4.2329E-01
4.2197E-01
4.2020E-01
4.1811E-01
4.1540E-01
4.1155E-01
4.0624E-01
3.9956E-01
3.9196E-01
3.8416E-01
3.7683E-01
3.7053E-01
3.6560E-01
3.6204E-01
3.5948E-01
3.5744E-01
3.5554E-01
3.5344E-01
3.5100E-01
3.4827E-01
3.4533E-01
3.4223E-01
3.3882E-01
3.3495E-01
3.3057E-01
3.2554E-01
3.1940E-01
3.1132E-01
3.0026E-01
2.8528E-01
2.6547E-01
2.4020E-01
2.0958E-01
1.7445E-01
1.3605E-01
9.5530E-02
5.3910E-02
1.1918E-02
-2.9965E-02
-7.1620E-02
-1.1343E-01
-1.5594E-01
-1.9931E-01
-2.4318E-01
-2.8677E-01
-3.2863E-01
-3.6635E-01
-3.9740E-01
-4.2046E-01
-4.3622E-01
-4.4692E-01
-4.5525E-01
-4.6334E-01
-4.7230E-01
-4.8205E-01
-4.9171E-01
-5.0027E-01
-5.0710E-01
-5.1192E-01
-5.1466E-01
-5.1553E-01
-5.1496E-01
-5.1324E-01
-5.1031E-01
-5.0618E-01
-5.0118E-01
-4.9570E-01
-4.8983E-01
-4.8358E-01
-4.7717E-01
-4.7092E-01
-4.6496E-01
-4.5915E-01
-4.5334E-01
-4.4755E-01
-4.4198E-01
-4.3676E-01
-4.3190E-01
-4.2734E-01
-4.2301E-01
-4.1890E-01
-4.1506E-01
-4.1145E-01
-4.0799E-01
-4.0473E-01
-4.0190E-01
-3.9969E-01
-3.9829E-01
-3.9781E-01
-3.9835E-01
-4.0001E-01
-4.0283E-01
-4.0668E-01
-4.1128E-01
-4.1633E-01
-4.2139E-01
-4.2582E-01
-4.2914E-01
-4.3131E-01
-4.3255E-01
-4.3310E-01
-4.3317E-01
-4.3313E-01
-4.3334E-01
-4.3386E-01
-4.3449E-01
-4.3502E-01
-4.3547E-01
-4.3583E-01
-4.3615E-01
-4.3666E-01
-4.3746E-01
-4.3846E-01
-4.3953E-01
-4.4062E-01
-4.4173E-01
-4.4292E-01
-4.4410E-01
-4.4498E-01
-4.4525E-01
-4.4459E-01
-4.4279E-01
-4.3966E-01
-4.3495E-01
-4.2858E-01
-4.2076E-01
-4.1194E-01
-4.0246E-01
-3.9226E-01
-3.8112E-01
-3.6935E-01
-3.5767E-01
-3.4665E-01
-3.3650E-01
-3.2730E-01
-3.1912E-01
-3.1202E-01
-3.0596E-01
-3.0078E-01
-2.9634E-01
-2.9259E-01
-2.8964E-01
-2.8746E-01
-2.8577E-01
-2.8399E-01
-2.8147E-01
-2.7774E-01
-2.7281E-01
-2.6688E-01
-2.6022E-01
-2.5308E-01
-2.4555E-01
-2.3761E-01
-2.2921E-01
-2.2029E-01
-2.1086E-01
-2.0117E-01
-1.9181E-01
-1.8348E-01
-1.7671E-01
-1.7166E-01
-1.6803E-01
-1.6542E-01
-1.6347E-01
-1.6185E-01
-1.6027E-01
-1.5860E-01
-1.5679E-01
-1.5480E-01
-1.5266E-01
-1.5057E-01
-1.4890E-01
-1.4816E-01
-1.4867E-01
-1.5039E-01
-1.5301E-01
-1.5611E-01
-1.5920E-01
-1.6186E-01
-1.6407E-01
-1.6616E-01
-1.6848E-01
-1.7109E-01
-1.7362E-01
-1.7570E-01
-1.7715E-01
-1.7786E-01
-1.7784E-01
-1.7719E-01
-1.7602E-01
-1.7478E-01
-1.7399E-01
-1.7404E-01
-1.7488E-01
-1.7626E-01
-1.7797E-01
-1.7996E-01
-1.8241E-01
-1.8523E-01
-1.8761E-01
-1.8822E-01
-1.8581E-01
-1.7997E-01
-1.7175E-01
-1.6387E-01
-1.5913E-01
-1.5859E-01
-1.5957E-01
-1.5515E-01
-1.3818E-01
-1.0925E-01
-7.7796E-02
-5.3771E-02
-4.0779E-02
-3.7042E-02
-3.8989E-02
-4.3020E-02
-4.6041E-02
-4.5601E-02
-4.0383E-02
-3.0859E-02
-1.8989E-02
-7.0532E-03
3.6463E-03
1.2888E-02
2.0968E-02
2.8196E-02
3.4623E-02
3.9959E-02
4.3796E-02
4.5969E-02
4.6672E-02
4.6370E-02
4.5392E-02
4.3978E-02
4.2372E-02
4.0832E-02
3.9478E-02
3.8361E-02
3.7663E-02
3.7657E-02
3.8551E-02
4.0380E-02
4.2969E-02
4.5950E-02
4.8930E-02
5.1429E-02
5.3036E-02
5.3505E-02
5.2784E-02
5.1094E-02
4.8734E-02
4.5924E-02
4.2879E-02
3.9808E-02
3.6992E-02
3.4736E-02
3.3231E-02
3.2536E-02
3.2575E-02
3.3145E-02
3.4030E-02
3.5093E-02
3.6309E-02
3.7649E-02
3.9099E-02
4.0587E-02
4.1899E-02
4.2878E-02
4.3440E-02
4.3615E-02
4.3452E-02
4.2982E-02
4.2215E-02
4.1108E-02
3.9622E-02
3.7735E-02
3.5509E-02
3.3035E-02
3.0443E-02
2.7949E-02
2.5775E-02
2.4132E-02
2.3109E-02
2.2625E-02
2.2562E-02
2.2863E-02
2.3506E-02
2.4522E-02
2.5836E-02
2.7379E-02
2.9155E-02
3.1249E-02
3.3775E-02
3.6753E-02
4.0113E-02
4.3702E-02
4.7258E-02
5.0445E-02
5.3028E-02
5.4913E-02
5.6182E-02
5.7006E-02
5.7593E-02
5.8172E-02
5.8956E-02
6.0098E-02
6.1570E-02
6.3195E-02
6.4724E-02
6.6013E-02
6.7003E-02
6.7636E-02
6.7784E-02
6.7099E-02
6.5283E-02
6.2312E-02
5.8538E-02
5.4619E-02
5.1356E-02
4.9378E-02
4.9057E-02
5.0545E-02
5.3720E-02
5.8243E-02
6.3901E-02
7.0500E-02
7.7514E-02
8.4081E-02
8.9339E-02
9.2800E-02
9.4412E-02
9.4496E-02
9.3740E-02
9.2736E-02
9.1803E-02
9.1083E-02
9.0627E-02
9.0604E-02
9.1345E-02
9.3077E-02
9.5770E-02
9.9249E-02
1.0318E-01
1.0710E-01
1.1056E-01
1.1330E-01
1.1519E-01
1.1618E-01
1.1623E-01
1.1529E-01
1.1355E-01
1.1145E-01
1.0955E-01
1.0828E-01
1.0781E-01
1.0815E-01
1.0925E-01
1.1103E-01
1.1328E-01
1.1572E-01
1.1808E-01
1.2011E-01
1.2160E-01
1.2250E-01
1.2294E-01
1.2316E-01
1.2336E-01
1.2360E-01
1.2385E-01
1.2393E-01
1.2370E-01
1.2316E-01
1.2239E-01
1.2151E-01
1.2057E-01
1.1962E-01
1.1861E-01
1.1748E-01
1.1631E-01
1.1532E-01
1.1474E-01
1.1465E-01
1.1509E-01
1.1606E-01
1.1760E-01
1.1978E-01
1.2258E-01
1.2592E-01
1.2960E-01
1.3338E-01
1.3704E-01
1.4045E-01
1.4362E-01
1.4654E-01
1.4918E-01
1.5155E-01
1.5360E-01
1.5526E-01
1.5647E-01
1.5718E-01
1.5739E-01
1.5712E-01
1.5650E-01
1.5550E-01
1.5406E-01
1.5221E-01
1.5004E-01
1.4763E-01
1.4500E-01
1.4217E-01
1.3922E-01
1.3623E-01
1.3333E-01
1.3067E-01
1.2842E-01
1.2676E-01
1.2570E-01
1.2513E-01
1.2497E-01
1.2522E-01
1.2585E-01
1.2677E-01
1.2786E-01
1.2898E-01
1.3012E-01
1.3140E-01
1.3286E-01
1.3462E-01
1.3686E-01
1.3974E-01
1.4316E-01
1.4684E-01
1.5052E-01
1.5395E-01
1.5692E-01
1.5929E-01
1.6108E-01
1.6249E-01
1.6374E-01
1.6497E-01
1.6623E-01
1.6755E-01
1.6889E-01
1.7016E-01
1.7128E-01
1.7227E-01
1.7313E-01
1.7393E-01
1.7468E-01
1.7536E-01
1.7590E-01
1.7629E-01
1.7664E-01
1.7702E-01
1.7752E-01
1.7825E-01
1.7917E-01
1.8022E-01
1.8133E-01
1.8249E-01
1.8358E-01
1.8457E-01
1.8553E-01
1.8655E-01
1.8781E-01
1.8938E-01
1.9111E-01
1.9285E-01
1.9458E-01
1.9632E-01
1.9801E-01
1.9958E-01
2.0108E-01
2.0249E-01
2.0361E-01
2.0424E-01
2.0423E-01
2.0363E-01
2.0260E-01
2.0119E-01
1.9929E-01
1.9681E-01
1.9374E-01
1.9005E-01
1.8575E-01
1.8097E-01
1.7588E-01
1.7061E-01
1.6512E-01
1.5932E-01
1.5313E-01
1.4664E-01
1.4013E-01
1.3392E-01
1.2835E-01
1.2372E-01
1.2015E-01
1.1756E-01
1.1576E-01
1.1457E-01
1.1392E-01
1.1384E-01
1.1430E-01
1.1523E-01
1.1654E-01
1.1817E-01
1.1993E-01
1.2156E-01
1.2281E-01
1.2351E-01
1.2364E-01
1.2320E-01
1.2228E-01
1.2085E-01
1.1880E-01
1.1586E-01
1.1171E-01
1.0617E-01
9.9330E-02
9.1641E-02
8.3655E-02
7.5772E-02
6.8101E-02
6.0404E-02
5.2267E-02
4.3391E-02
3.3683E-02
2.3422E-02
1.3117E-02
3.2028E-03
-5.9802E-03
-1.4171E-02
-2.1222E-02
-2.7162E-02
-3.2050E-02
-3.5940E-02
-3.8861E-02
-4.0787E-02
-4.1743E-02
-4.1866E-02
-4.1371E-02
-4.0438E-02
-3.9226E-02
-3.7960E-02
-3.6934E-02
-3.6367E-02
-3.6440E-02
-3.7302E-02
-3.9030E-02
-4.1682E-02
-4.5202E-02
-4.9399E-02
-5.4081E-02
-5.9205E-02
-6.4677E-02
-7.0241E-02
-7.5676E-02
-8.0837E-02
-8.5671E-02
-9.0218E-02
-9.4599E-02
-9.8890E-02
-1.0307E-01
-1.0711E-01
-1.1113E-01
-1.1530E-01
-1.1978E-01
-1.2453E-01
-1.2939E-01
-1.3425E-01
-1.3914E-01
-1.4400E-01
-1.4871E-01
-1.5321E-01
-1.5753E-01
-1.6165E-01
-1.6554E-01
-1.6922E-01
-1.7276E-01
-1.7632E-01
-1.8000E-01
-1.8363E-01
-1.8691E-01
-1.8984E-01
-1.9257E-01
-1.9516E-01
-1.9749E-01
-1.9935E-01
-2.0055E-01
-2.0098E-01
-2.0062E-01
-1.9960E-01
-1.9822E-01
-1.9683E-01
-1.9557E-01
-1.9438E-01
-1.9326E-01
-1.9226E-01
-1.9134E-01
-1.9031E-01
-1.8896E-01
-1.8711E-01
-1.8465E-01
-1.8159E-01
-1.7805E-01
-1.7436E-01
-1.7100E-01
-1.6833E-01
-1.6641E-01
-1.6527E-01
-1.6507E-01
-1.6597E-01
-1.6796E-01
-1.7070E-01
-1.7359E-01
-1.7603E-01
-1.7756E-01
-1.7793E-01
-1.7706E-01
-1.7518E-01
-1.7268E-01
-1.6988E-01
-1.6699E-01
-1.6401E-01
-1.6072E-01
-1.5683E-01
-1.5223E-01
-1.4717E-01
-1.4217E-01
-1.3781E-01
-1.3438E-01
-1.3166E-01
-1.2924E-01
-1.2677E-01
-1.2412E-01
-1.2137E-01
-1.1866E-01
-1.1611E-01
-1.1376E-01
-1.1158E-01
-1.0963E-01
-1.0821E-01
-1.0762E-01
-1.0789E-01
-1.0864E-01
-1.0946E-01
-1.1014E-01
-1.1068E-01
-1.1116E-01
-1.1169E-01
-1.1240E-01
-1.1328E-01
-1.1433E-01
-1.1559E-01
-1.1721E-01
-1.1934E-01
-1.2206E-01
-1.2525E-01
-1.2876E-01
-1.3244E-01
-1.3617E-01
-1.3984E-01
-1.4334E-01
-1.4663E-01
-1.4971E-01
-1.5252E-01
-1.5498E-01
-1.5706E-01
-1.5885E-01
-1.6057E-01
-1.6239E-01
-1.6419E-01
-1.6562E-01
-1.6640E-01
-1.6658E-01
-1.6650E-01
-1.6662E-01
-1.6737E-01
-1.6891E-01
-1.7123E-01
-1.7428E-01
-1.7793E-01
-1.8203E-01
-1.8651E-01
-1.9122E-01
-1.9569E-01
-1.9916E-01
-2.0085E-01
-2.0027E-01
-1.9728E-01
-1.9207E-01
-1.8520E-01
-1.7732E-01
-1.6869E-01
-1.5882E-01
-1.4700E-01
-1.3326E-01
-1.1880E-01
-1.0550E-01
-9.4800E-02
-8.6908E-02
-8.0887E-02
-7.5562E-02
-7.0380E-02
-6.5512E-02
-6.1291E-02
-5.7818E-02
-5.4901E-02
-5.2175E-02
-4.9363E-02
-4.6409E-02
-4.3353E-02
-4.0298E-02
-3.7335E-02
-3.4227E-02
-3.0500E-02
-2.5957E-02
-2.1120E-02
-1.6918E-02
-1.4049E-02
-1.2556E-02
-1.1821E-02
-1.1051E-02
-9.7071E-03
-7.5150E-03
-4.3686E-03
-4.4468E-04
3.7451E-03
7.5349E-03
1.0275E-02
1.1484E-02
1.1019E-02
9.1751E-03
6.6480E-03
4.3172E-03
2.7594E-03
1.9586E-03
1.4702E-03
8.6997E-04
1.4443E-04
-4.3931E-04
-5.7247E-04
-1.8156E-04
5.7265E-04
1.4941E-03
2.5044E-03
3.6518E-03
5.0139E-03
6.6742E-03
8.6115E-03
1.0687E-02
1.2808E-02
1.4879E-02
1.6832E-02
1.8806E-02
2.1116E-02
2.4003E-02
2.7458E-02
3.1199E-02
3.4907E-02
3.8359E-02
4.1460E-02
4.4077E-02
4.5906E-02
4.6670E-02
4.6272E-02
4.4801E-02
4.2376E-02
3.9116E-02
3.5160E-02
3.0798E-02
2.6503E-02
2.2772E-02
1.9893E-02
1.7975E-02
1.6966E-02
1.6596E-02
1.6386E-02
1.5786E-02
1.4420E-02
1.2193E-02
9.3938E-03
6.5508E-03
4.0941E-03
2.2403E-03
9.8400E-04
1.4073E-04
-5.4664E-04
-1.3141E-03
-2.2732E-03
-3.3470E-03
-4.2427E-03
-4.6756E-03
-4.5299E-03
-3.8580E-03
-2.7701E-03
-1.3746E-03
2.8042E-04
2.1924E-03
4.2407E-03
6.1716E-03
7.9337E-03
9.7429E-03
1.1851E-02
1.4412E-02
1.7408E-02
2.0627E-02
2.3759E-02
2.6620E-02
2.9226E-02
3.1773E-02
3.4548E-02
3.7622E-02
4.0870E-02
4.4182E-02
4.7501E-02
5.0709E-02
5.3772E-02
5.6871E-02
6.0392E-02
6.4655E-02
6.9627E-02
7.4981E-02
8.0452E-02
8.6018E-02
9.1684E-02
9.7446E-02
1.0334E-01
1.0944E-01
1.1579E-01
1.2229E-01
1.2879E-01
1.3514E-01
1.4129E-01
1.4732E-01
1.5329E-01
1.5924E-01
1.6530E-01
1.7172E-01
1.7857E-01
1.8573E-01
1.9305E-01
2.0033E-01
2.0731E-01
2.1374E-01
2.1953E-01
2.2459E-01
2.2880E-01
2.3190E-01
2.3372E-01
2.3434E-01
2.3415E-01
2.3361E-01
2.3307E-01
2.3274E-01
2.3265E-01
2.3271E-01
2.3264E-01
2.3221E-01
2.3139E-01
2.3036E-01
2.2930E-01
2.2804E-01
2.2619E-01
2.2343E-01
2.1961E-01
2.1460E-01
2.0820E-01
2.0024E-01
1.9076E-01
1.8009E-01
1.6895E-01
1.5809E-01
1.4799E-01
1.3886E-01
1.3064E-01
1.2304E-01
1.1585E-01
1.0926E-01
1.0375E-01
9.9676E-02
9.7286E-02
9.6592E-02
9.7376E-02
9.9088E-02
1.0096E-01
1.0226E-01
1.0249E-01
1.0154E-01
9.9622E-02
9.7083E-02
9.4288E-02
9.1534E-02
8.9090E-02
8.7115E-02
8.5605E-02
8.4365E-02
8.2960E-02
8.0897E-02
7.7732E-02
7.3185E-02
6.7309E-02
6.0410E-02
5.3045E-02
4.5868E-02
3.9444E-02
3.4092E-02
2.9759E-02
2.6216E-02
2.3307E-02
2.0966E-02
1.9119E-02
1.7476E-02
1.5659E-02
1.3477E-02
1.0995E-02
8.5121E-03
6.4154E-03
5.0235E-03
4.3981E-03
4.3816E-03
4.7633E-03
5.3735E-03
6.2431E-03
7.4578E-03
8.9449E-03
1.0459E-02
1.1804E-02
1.2941E-02
1.3773E-02
1.4036E-02
1.3605E-02
1.2570E-02
1.0957E-02
8.5972E-03
5.3614E-03
1.3377E-03
-3.1852E-03
-7.8989E-03
-1.2586E-02
-1.7099E-02
-2.1293E-02
-2.5247E-02
-2.9253E-02
-3.3635E-02
-3.8562E-02
-4.3924E-02
-4.9398E-02
-5.4617E-02
-5.9365E-02
-6.3561E-02
-6.7117E-02
-7.0030E-02
-7.2418E-02
-7.4518E-02
-7.6607E-02
-7.8862E-02
-8.1082E-02
-8.2673E-02
-8.3051E-02
-8.1949E-02
-7.9324E-02
-7.5384E-02
-7.0422E-02
-6.4754E-02
-5.8901E-02
-5.3465E-02
-4.8796E-02
-4.4881E-02
-4.1819E-02
-3.9984E-02
-3.9682E-02
-4.0712E-02
-4.2192E-02
-4.3112E-02
-4.2978E-02
-4.2235E-02
-4.1737E-02
-4.1801E-02
-4.2207E-02
-4.2808E-02
-4.3736E-02
-4.4906E-02
-4.5453E-02
-4.3942E-02
-3.9342E-02
-3.1613E-02
-2.1296E-02
-8.9338E-03
4.9220E-03
1.9394E-02
3.3245E-02
4.5368E-02
5.5258E-02
6.2663E-02
6.7129E-02
6.8281E-02
6.6608E-02
6.3496E-02
6.0225E-02
5.7160E-02
5.3952E-02
5.0212E-02
4.6020E-02
4.1799E-02
3.7859E-02
3.4249E-02
3.1032E-02
2.8475E-02
2.6699E-02
2.5459E-02
2.4306E-02
2.2867E-02
2.1013E-02
1.8660E-02
1.5758E-02
1.2362E-02
8.7348E-03
5.2533E-03
2.0871E-03
-8.9996E-04
-4.0213E-03
-7.3524E-03
-1.0391E-02
-1.2220E-02
-1.2206E-02
-1.0512E-02
-7.9809E-03
-5.6399E-03
-4.2964E-03
-4.1950E-03
-4.6529E-03
-4.2979E-03
-1.5213E-03
4.9006E-03
1.4838E-02
2.6433E-02
3.6967E-02
4.4564E-02
4.8912E-02
5.0566E-02
5.0085E-02
4.7952E-02
4.4686E-02
4.0741E-02
3.6307E-02
3.1413E-02
2.6265E-02
2.1357E-02
1.7178E-02
1.3901E-02
1.1339E-02
9.0944E-03
6.9014E-03
4.9933E-03
4.0000E-03
4.4442E-03
6.2931E-03
9.0063E-03
1.1750E-02
1.3816E-02
1.4918E-02
1.5084E-02
1.4323E-02
1.2666E-02
1.0386E-02
7.9062E-03
5.5645E-03
3.4550E-03
1.4650E-03
-6.1754E-04
-2.9049E-03
-5.3420E-03
-7.6284E-03
-9.3679E-03
-1.0373E-02
-1.0729E-02
-1.0595E-02
-9.9634E-03
-8.8934E-03
-7.6572E-03
-6.6519E-03
-6.3297E-03
-7.0615E-03
-8.9289E-03
-1.1685E-02
-1.5122E-02
-1.9217E-02
-2.4034E-02
-2.9491E-02
-3.5219E-02
-4.0668E-02
-4.5338E-02
-4.8985E-02
-5.1634E-02
-5.3634E-02
-5.5572E-02
-5.7958E-02
-6.0887E-02
-6.4036E-02
-6.6854E-02
-6.8834E-02
-6.9718E-02
-6.9460E-02
-6.8127E-02
-6.5929E-02
-6.3384E-02
-6.1076E-02
-5.9381E-02
-5.8550E-02
-5.8764E-02
-6.0078E-02
-6.2377E-02
-6.5340E-02
-6.8548E-02
-7.1716E-02
-7.4799E-02
-7.7885E-02
-8.1009E-02
-8.4063E-02
-8.6863E-02
-8.9325E-02
-9.1712E-02
-9.4470E-02
-9.7946E-02
-1.0212E-01
-1.0678E-01
-1.1170E-01
-1.1666E-01
-1.2140E-01
-1.2557E-01
-1.2881E-01
-1.3094E-01
-1.3197E-01
-1.3202E-01
-1.3109E-01
-1.2918E-01
-1.2637E-01
-1.2269E-01
-1.1820E-01
-1.1309E-01
-1.0764E-01
-1.0225E-01
-9.7382E-02
-9.3555E-02
-9.1294E-02
-9.0840E-02
-9.1717E-02
-9.2776E-02
-9.2839E-02
-9.1216E-02
-8.7809E-02
-8.2974E-02
-7.7383E-02
-7.1888E-02
-6.7317E-02
-6.4466E-02
-6.3836E-02
-6.5330E-02
-6.8413E-02
-7.2591E-02
-7.7703E-02
-8.3783E-02
-9.0291E-02
-9.5585E-02
-9.7618E-02
-9.5390E-02
-8.9871E-02
-8.3529E-02
-7.9040E-02
-7.7986E-02
-8.0385E-02
-8.5155E-02
-9.0776E-02
-9.5885E-02
-9.9609E-02
-1.0168E-01
-1.0208E-01
-1.0067E-01
-9.7327E-02
-9.2082E-02
-8.5146E-02
-7.6912E-02
-6.7973E-02
-5.9038E-02
-5.0658E-02
-4.2995E-02
-3.5705E-02
-2.8131E-02
-1.9856E-02
-1.1061E-02
-2.4699E-03
4.8522E-03
9.7864E-03
1.1361E-02
8.9315E-03
2.2213E-03
-8.5138E-03
-2.2452E-02
-3.8304E-02
-5.4201E-02
-6.7825E-02
-7.7014E-02
-8.0763E-02
-7.9711E-02
-7.5744E-02
-7.1000E-02
-6.6820E-02
-6.3401E-02
-6.0151E-02
-5.6333E-02
-5.1680E-02
-4.6539E-02
-4.1681E-02
-3.8010E-02
-3.6113E-02
-3.5953E-02
-3.6831E-02
-3.7856E-02
-3.8420E-02
-3.8240E-02
-3.7090E-02
-3.4684E-02
-3.0898E-02
-2.5948E-02
-2.0443E-02
-1.5231E-02
-1.0950E-02
-7.7521E-03
-5.4840E-03
-3.7586E-03
-2.1266E-03
-3.2034E-04
1.7711E-03
4.1440E-03
6.6920E-03
9.1079E-03
1.1023E-02
1.2291E-02
1.3016E-02
1.3487E-02
1.4031E-02
1.4883E-02
1.6035E-02
1.7317E-02
1.8597E-02
1.9850E-02
2.1224E-02
2.2897E-02
2.4878E-02
2.7023E-02
2.9268E-02
3.1718E-02
3.4484E-02
3.7528E-02
4.0673E-02
4.3714E-02
4.6503E-02
4.8953E-02
5.0906E-02
5.2227E-02
5.2866E-02
5.2803E-02
5.2124E-02
5.0867E-02
4.9056E-02
4.6710E-02
4.4009E-02
4.1267E-02
3.8684E-02
3.6319E-02
3.4190E-02
3.2346E-02
3.0837E-02
2.9587E-02
2.8299E-02
2.6401E-02
2.3220E-02
1.8300E-02
1.1570E-02
3.4215E-03
-5.3782E-03
-1.3931E-02
-2.1410E-02
-2.7193E-02
-3.0982E-02
-3.2988E-02
-3.3691E-02
-3.3469E-02
-3.2406E-02
-3.0273E-02
-2.6764E-02
-2.2032E-02
-1.6848E-02
-1.2151E-02
-8.4870E-03
-5.8964E-03
-4.1515E-03
-3.0491E-03
-2.5200E-03
-2.4359E-03
-2.6324E-03
-3.0787E-03
-3.8366E-03
-4.9940E-03
-6.7019E-03
-9.1736E-03
-1.2481E-02
-1.6504E-02
-2.1196E-02
-2.6629E-02
-3.2839E-02
-3.9521E-02
-4.5835E-02
-5.0744E-02
-5.3668E-02
-5.4773E-02
-5.4706E-02
-5.4199E-02
-5.3867E-02
-5.4029E-02
-5.4612E-02
-5.5234E-02
-5.5538E-02
-5.5574E-02
-5.5557E-02
-5.5390E-02
-5.4469E-02
-5.2078E-02
-4.8038E-02
-4.2630E-02
-3.6146E-02
-2.8798E-02
-2.1023E-02
-1.3580E-02
-7.2470E-03
-2.3625E-03
1.2170E-03
3.8174E-03
5.6607E-03
6.9583E-03
7.9335E-03
8.6722E-03
9.1407E-03
9.3029E-03
9.3140E-03
9.5461E-03
1.0259E-02
1.1348E-02
1.2440E-02
1.3473E-02
1.4993E-02
1.7793E-02
2.2384E-02
2.8696E-02
3.6141E-02
4.3876E-02
5.1158E-02
5.7495E-02
6.2628E-02
6.6419E-02
6.8683E-02
6.9314E-02
6.8598E-02
6.7201E-02
6.5742E-02
6.4428E-02
6.3287E-02
6.2679E-02
6.3175E-02
6.5238E-02
6.8784E-02
7.3110E-02
7.7388E-02
8.0996E-02
8.3792E-02
8.6035E-02
8.8090E-02
9.0138E-02
9.2166E-02
9.4297E-02
9.6749E-02
9.9634E-02
1.0279E-01
1.0598E-01
1.0894E-01
1.1141E-01
1.1316E-01
1.1418E-01
1.1460E-01
1.1462E-01
1.1449E-01
1.1427E-01
1.1385E-01
1.1297E-01
1.1125E-01
1.0816E-01
1.0337E-01
9.7142E-02
8.9996E-02
8.2415E-02
7.4592E-02
6.6515E-02
5.8305E-02
5.0520E-02
4.3815E-02
3.8699E-02
3.5546E-02
3.4498E-02
3.5336E-02
3.7563E-02
4.0681E-02
4.4248E-02
4.7938E-02
5.1534E-02
5.4868E-02
5.7863E-02
6.0552E-02
6.3103E-02
6.5665E-02
6.8366E-02
7.1228E-02
7.4150E-02
7.6958E-02
7.9458E-02
8.1451E-02
8.2774E-02
8.3323E-02
8.3030E-02
8.1882E-02
7.9845E-02
7.6722E-02
7.2180E-02
6.5881E-02
5.7864E-02
4.8857E-02
4.0113E-02
3.2786E-02
2.7447E-02
2.3888E-02
2.1505E-02
1.9830E-02
1.8654E-02
1.7893E-02
1.7626E-02
1.8184E-02
2.0001E-02
2.3300E-02
2.7918E-02
3.3424E-02
3.9225E-02
4.4556E-02
4.8642E-02
5.1082E-02
5.2115E-02
5.2235E-02
5.1825E-02
5.1163E-02
5.0594E-02
5.0555E-02
5.1500E-02
5.3763E-02
5.7448E-02
6.2455E-02
6.8480E-02
7.4877E-02
8.0751E-02
8.5351E-02
8.8238E-02
8.9253E-02
8.8619E-02
8.7017E-02
8.5250E-02
8.3725E-02
8.2491E-02
8.1430E-02
8.0462E-02
7.9605E-02
7.8809E-02
7.7800E-02
7.6221E-02
7.3746E-02
7.0274E-02
6.6243E-02
6.2449E-02
5.9441E-02
5.7187E-02
5.5299E-02
5.3373E-02
5.1045E-02
4.8109E-02
4.4628E-02
4.0807E-02
3.6873E-02
3.3009E-02
2.9251E-02
2.5716E-02
2.2746E-02
2.0618E-02
1.9308E-02
1.8518E-02
1.7947E-02
1.7532E-02
1.7442E-02
1.7835E-02
1.8726E-02
1.9989E-02
2.1530E-02
2.3367E-02
2.5468E-02
2.7784E-02
3.0396E-02
3.3483E-02
3.7195E-02
4.1587E-02
4.6447E-02
5.1326E-02
5.5862E-02
5.9998E-02
6.3956E-02
6.7913E-02
7.1714E-02
7.4918E-02
7.7202E-02
7.8642E-02
7.9450E-02
7.9733E-02
7.9497E-02
7.8863E-02
7.8114E-02
7.7616E-02
7.7648E-02
7.8335E-02
7.9841E-02
8.2333E-02
8.5716E-02
8.9411E-02
9.2627E-02
9.4713E-02
9.5434E-02
9.4889E-02
9.3335E-02
9.1062E-02
8.8417E-02
8.5914E-02
8.4081E-02
8.3268E-02
8.3671E-02
8.5308E-02
8.7832E-02
9.0623E-02
9.3112E-02
9.4963E-02
9.6038E-02
9.6376E-02
9.6152E-02
9.5618E-02
9.5120E-02
9.4891E-02
9.4969E-02
9.5289E-02
9.5753E-02
9.6221E-02
9.6537E-02
9.6634E-02
9.6542E-02
9.6348E-02
9.6159E-02
9.6017E-02
9.6021E-02
9.6418E-02
9.7489E-02
9.9305E-02
1.0174E-01
1.0454E-01
1.0736E-01
1.0984E-01
1.1172E-01
1.1294E-01
1.1366E-01
1.1415E-01
1.1466E-01
1.1523E-01
1.1576E-01
1.1630E-01
1.1698E-01
1.1782E-01
1.1875E-01
1.1976E-01
1.2095E-01
1.2239E-01
1.2404E-01
1.2580E-01
1.2750E-01
1.2888E-01
1.2984E-01
1.3046E-01
1.3109E-01
1.3206E-01
1.3348E-01
1.3536E-01
1.3763E-01
1.4012E-01
1.4260E-01
1.4482E-01
1.4658E-01
1.4766E-01
1.4786E-01
1.4707E-01
1.4529E-01
1.4273E-01
1.3985E-01
1.3711E-01
1.3478E-01
1.3304E-01
1.3188E-01
1.3097E-01
1.2974E-01
1.2767E-01
1.2463E-01
1.2090E-01
1.1692E-01
1.1291E-01
1.0891E-01
1.0501E-01
1.0134E-01
9.7933E-02
9.4899E-02
9.2280E-02
9.0000E-02
8.7775E-02
8.5313E-02
8.2687E-02
8.0535E-02
7.9758E-02
8.0849E-02
8.3570E-02
8.7152E-02
9.0619E-02
9.3138E-02
9.4417E-02
9.4671E-02
9.4405E-02
9.4112E-02
9.4092E-02
9.4455E-02
9.5216E-02
9.6461E-02
9.8228E-02
1.0028E-01
1.0218E-01
1.0334E-01
1.0316E-01
1.0126E-01
9.7750E-02
9.2936E-02
8.6866E-02
7.9205E-02
6.9551E-02
5.7969E-02
4.5257E-02
3.2644E-02
2.1199E-02
1.1556E-02
3.8924E-03
-1.9167E-03
-6.2946E-03
-9.6398E-03
-1.2137E-02
-1.3741E-02
-1.4348E-02
-1.4070E-02
-1.3222E-02
-1.2141E-02
-1.1102E-02
-1.0400E-02
-1.0340E-02
-1.1007E-02
-1.2302E-02
-1.4059E-02
-1.6106E-02
-1.8310E-02
-2.0596E-02
-2.2908E-02
-2.5196E-02
-2.7510E-02
-3.0030E-02
-3.2885E-02
-3.6195E-02
-4.0019E-02
-4.4251E-02
-4.8689E-02
-5.3245E-02
-5.7989E-02
-6.2952E-02
-6.8009E-02
-7.2898E-02
-7.7283E-02
-8.0881E-02
-8.3532E-02
-8.5136E-02
-8.5671E-02
-8.5404E-02
-8.4816E-02
-8.4245E-02
-8.3769E-02
-8.3417E-02
-8.3343E-02
-8.3753E-02
-8.4684E-02
-8.5851E-02
-8.6909E-02
-8.7781E-02
-8.8568E-02
-8.9311E-02
-8.9940E-02
-9.0439E-02
-9.0875E-02
-9.1426E-02
-9.2263E-02
-9.3379E-02
-9.4514E-02
-9.5418E-02
-9.6052E-02
-9.6420E-02
-9.6568E-02
-9.6573E-02
-9.6381E-02
-9.5866E-02
-9.4944E-02
-9.3530E-02
-9.1445E-02
-8.8640E-02
-8.5497E-02
-8.2741E-02
-8.1010E-02
-8.0532E-02
-8.1079E-02
-8.2348E-02
-8.4265E-02
-8.6948E-02
-9.0420E-02
-9.4542E-02
-9.9125E-02
-1.0397E-01
-1.0891E-01
-1.1364E-01
-1.1779E-01
-1.2105E-01
-1.2325E-01
-1.2438E-01
-1.2469E-01
-1.2460E-01
-1.2441E-01
-1.2422E-01
-1.2403E-01
-1.2381E-01
-1.2341E-01
-1.2279E-01
-1.2196E-01
-1.2082E-01
-1.1917E-01
-1.1675E-01
-1.1335E-01
-1.0880E-01
-1.0310E-01
-9.6531E-02
-8.9643E-02
-8.2747E-02
-7.5642E-02
-6.7858E-02
-5.9201E-02
-5.0196E-02
-4.1923E-02
-3.5305E-02
-3.0498E-02
-2.7027E-02
-2.4444E-02
-2.2802E-02
-2.2369E-02
-2.3271E-02
-2.5539E-02
-2.9127E-02
-3.3708E-02
-3.8297E-02
-4.1700E-02
-4.3314E-02
-4.3464E-02
-4.3043E-02
-4.2698E-02
-4.2509E-02
-4.2233E-02
-4.1678E-02
-4.0714E-02
-3.9200E-02
-3.7095E-02
-3.4598E-02
-3.2051E-02
-2.9761E-02
-2.7921E-02
-2.6511E-02
-2.5260E-02
-2.3813E-02
-2.1884E-02
-1.9288E-02
-1.6075E-02
-1.2545E-02
-9.0928E-03
-6.2281E-03
-4.4447E-03
-3.9165E-03
-4.4643E-03
-5.8427E-03
-7.9106E-03
-1.0547E-02
-1.3559E-02
-1.6674E-02
-1.9518E-02
-2.1898E-02
-2.3994E-02
-2.6081E-02
-2.8154E-02
-2.9980E-02
-3.1282E-02
-3.1915E-02
-3.1939E-02
-3.1401E-02
-3.0063E-02
-2.7598E-02
-2.4133E-02
-2.0333E-02
-1.6764E-02
-1.3646E-02
-1.0801E-02
-7.9947E-03
-5.3872E-03
-3.4007E-03
-2.2775E-03
-1.7918E-03
-1.3935E-03
-5.6995E-04
8.7671E-04
2.6846E-03
4.4496E-03
6.0158E-03
7.4755E-03
8.9212E-03
1.0300E-02
1.1497E-02
1.2381E-02
1.2792E-02
1.2646E-02
1.2110E-02
1.1656E-02
1.1809E-02
1.2598E-02
1.3569E-02
1.4329E-02
1.4801E-02
1.5067E-02
1.5121E-02
1.4923E-02
1.4462E-02
1.3785E-02
1.2850E-02
1.1505E-02
9.7830E-03
8.1544E-03
7.1104E-03
6.6772E-03
6.5704E-03
6.4497E-03
5.7441E-03
3.5849E-03
-6.6187E-04
-7.1253E-03
-1.5325E-02
-2.4358E-02
-3.3308E-02
-4.1472E-02
-4.8305E-02
-5.3387E-02
-5.6641E-02
-5.8441E-02
-5.9413E-02
-6.0152E-02
-6.0934E-02
-6.1693E-02
-6.2261E-02
-6.2665E-02
-6.3152E-02
-6.4083E-02
-6.5653E-02
-6.7694E-02
-6.9709E-02
-7.1472E-02
-7.3221E-02
-7.5349E-02
-7.8033E-02
-8.0998E-02
-8.3761E-02
-8.5980E-02
-8.7619E-02
-8.8876E-02
-9.0012E-02
-9.1245E-02
-9.2745E-02
-9.4707E-02
-9.7376E-02
-1.0100E-01
-1.0572E-01
-1.1157E-01
-1.1857E-01
-1.2653E-01
-1.3489E-01
-1.4304E-01
-1.5048E-01
-1.5686E-01
-1.6187E-01
-1.6513E-01
-1.6614E-01
-1.6440E-01
-1.5964E-01
-1.5195E-01
-1.4185E-01
-1.3037E-01
-1.1900E-01
-1.0930E-01
-1.0245E-01
-9.8773E-02
-9.7781E-02
-9.8524E-02
-9.9976E-02
-1.0140E-01
-1.0245E-01
-1.0319E-01
-1.0372E-01
-1.0377E-01
-1.0273E-01
-1.0017E-01
-9.6208E-02
-9.1440E-02
-8.6584E-02
-8.2152E-02
-7.8430E-02
-7.5509E-02
-7.3327E-02
-7.1736E-02
-7.0601E-02
-6.9868E-02
-6.9728E-02
-7.0425E-02
-7.1961E-02
-7.3991E-02
-7.5906E-02
-7.7101E-02
-7.7337E-02
-7.6682E-02
-7.5385E-02
-7.3560E-02
-7.0999E-02
-6.7350E-02
-6.2639E-02
-5.7477E-02
-5.2794E-02
-4.9501E-02
-4.7987E-02
-4.8012E-02
-4.8840E-02
-4.9553E-02
-4.9483E-02
-4.8394E-02
-4.6506E-02
-4.4103E-02
-4.1313E-02
-3.8176E-02
-3.4803E-02
-3.1503E-02
-2.8647E-02
-2.6513E-02
-2.5226E-02
-2.4821E-02
-2.5213E-02
-2.6105E-02
-2.7036E-02
-2.7491E-02
-2.6982E-02
-2.5168E-02
-2.2098E-02
-1.8233E-02
-1.4154E-02
-1.0176E-02
-6.3675E-03
-2.9516E-03
-7.0015E-04
-9.3276E-04
-4.6854E-03
-1.1830E-02
-2.1035E-02
-3.0531E-02
-3.8915E-02
-4.5424E-02
-5.0001E-02
-5.3311E-02
-5.6395E-02
-6.0090E-02
-6.4478E-02
-6.9157E-02
-7.3906E-02
-7.8799E-02
-8.3863E-02
-8.8796E-02
-9.3285E-02
-9.7153E-02
-1.0028E-01
-1.0266E-01
-1.0440E-01
-1.0576E-01
-1.0698E-01
-1.0826E-01
-1.0978E-01
-1.1177E-01
-1.1431E-01
-1.1713E-01
-1.1970E-01
-1.2175E-01
-1.2345E-01
-1.2511E-01
-1.2693E-01
-1.2881E-01
-1.3053E-01
-1.3185E-01
-1.3254E-01
-1.3249E-01
-1.3181E-01
-1.3093E-01
-1.3025E-01
-1.2986E-01
-1.2950E-01
-1.2876E-01
-1.2744E-01
-1.2561E-01
-1.2351E-01
-1.2139E-01
-1.1949E-01
-1.1797E-01
-1.1682E-01
-1.1582E-01
-1.1486E-01
-1.1394E-01
-1.1311E-01
-1.1244E-01
-1.1196E-01
-1.1163E-01
-1.1117E-01
-1.1035E-01
-1.0909E-01
-1.0767E-01
-1.0662E-01
-1.0645E-01
-1.0718E-01
-1.0823E-01
-1.0889E-01
-1.0870E-01
-1.0780E-01
-1.0697E-01
-1.0707E-01
-1.0842E-01
-1.1054E-01
-1.1259E-01
-1.1392E-01
-1.1450E-01
-1.1461E-01
-1.1444E-01
-1.1397E-01
-1.1320E-01
-1.1224E-01
-1.1117E-01
-1.0988E-01
-1.0819E-01
-1.0591E-01
-1.0289E-01
-9.8833E-02
-9.3246E-02
-8.5439E-02
-7.4796E-02
-6.1205E-02
-4.5605E-02
-3.0049E-02
-1.6863E-02
-7.6046E-03
-2.6066E-03
-1.3145E-03
-2.8074E-03
-6.1855E-03
-1.0716E-02
-1.5744E-02
-2.0658E-02
-2.4852E-02
-2.7730E-02
-2.8930E-02
-2.8486E-02
-2.6864E-02
-2.4639E-02
-2.2164E-02
-1.9498E-02
-1.6400E-02
-1.2700E-02
-8.5497E-03
-4.3599E-03
-4.9910E-04
2.9990E-03
6.2621E-03
9.2502E-03
1.1727E-02
1.3445E-02
1.4375E-02
1.4707E-02
1.4636E-02
1.4242E-02
1.3480E-02
1.2406E-02
1.1186E-02
1.0084E-02
9.4356E-03
9.5156E-03
1.0449E-02
1.2136E-02
1.4215E-02
1.6062E-02
1.7029E-02
1.6773E-02
1.5295E-02
1.2964E-02
1.0393E-02
8.2002E-03
6.8128E-03
6.3068E-03
6.3956E-03
6.6527E-03
6.8120E-03
6.7754E-03
6.4917E-03
6.0598E-03
5.8309E-03
6.1675E-03
7.1385E-03
8.5209E-03
1.0158E-02
1.1903E-02
1.3458E-02
1.4438E-02
1.4548E-02
1.3865E-02
1.2821E-02
1.1881E-02
1.1268E-02
1.1073E-02
1.1384E-02
1.2113E-02
1.2911E-02
1.3289E-02
1.2726E-02
1.0975E-02
8.2534E-03
5.1898E-03
2.6149E-03
1.2009E-03
1.1079E-03
1.9814E-03
3.3444E-03
5.0097E-03
7.1437E-03
1.0129E-02
1.4194E-02
1.9176E-02
2.4734E-02
3.0597E-02
3.6603E-02
4.2522E-02
4.8245E-02
5.3806E-02
5.9191E-02
6.4289E-02
6.9003E-02
7.3264E-02
7.7042E-02
8.0310E-02
8.2948E-02
8.4795E-02
8.5840E-02
8.6290E-02
8.6333E-02
8.6192E-02
8.6126E-02
8.6380E-02
8.7118E-02
8.8331E-02
8.9872E-02
9.1432E-02
9.2690E-02
9.3454E-02
9.3680E-02
9.3479E-02
9.3027E-02
9.2414E-02
9.1565E-02
9.0381E-02
8.8880E-02
8.7226E-02
8.5723E-02
8.4703E-02
8.4330E-02
8.4567E-02
8.5253E-02
8.6115E-02
8.6796E-02
8.6999E-02
8.6466E-02
8.4919E-02
8.2220E-02
7.8499E-02
7.4012E-02
6.9025E-02
6.3760E-02
5.8378E-02
5.3018E-02
4.7847E-02
4.2968E-02
3.8392E-02
3.3999E-02
2.9621E-02
2.5181E-02
2.0906E-02
1.7351E-02
1.5156E-02
1.4808E-02
1.6350E-02
1.9368E-02
2.3074E-02
2.6555E-02
2.9120E-02
3.0359E-02
3.0043E-02
2.7983E-02
2.4000E-02
1.8155E-02
1.0868E-02
2.8412E-03
-5.1842E-03
-1.2572E-02
-1.8883E-02
-2.3885E-02
-2.7550E-02
-2.9834E-02
-3.0761E-02
-3.0497E-02
-2.9288E-02
-2.7364E-02
-2.4953E-02
-2.2396E-02
-2.0135E-02
-1.8774E-02
-1.8782E-02
-2.0253E-02
-2.2859E-02
-2.5825E-02
-2.8161E-02
-2.9200E-02
-2.8883E-02
-2.7596E-02
-2.5847E-02
-2.4073E-02
-2.2463E-02
-2.0941E-02
-1.9390E-02
-1.7821E-02
-1.6340E-02
-1.5016E-02
-1.3791E-02
-1.2520E-02
-1.1085E-02
-9.6293E-03
-8.4449E-03
-7.7188E-03
-7.4953E-03
-7.6957E-03
-8.1352E-03
-8.5067E-03
-8.3304E-03
-7.0183E-03
-4.3497E-03
-7.3572E-04
3.1807E-03
7.0216E-03
1.0820E-02
1.4770E-02
1.8866E-02
2.2821E-02
2.6222E-02
2.8726E-02
3.0656E-02
3.2703E-02
3.5572E-02
3.9702E-02
4.5015E-02
5.1090E-02
5.7401E-02
6.3551E-02
6.9238E-02
7.4317E-02
7.8748E-02
8.2413E-02
8.5130E-02
8.6705E-02
8.6993E-02
8.6042E-02
8.4155E-02
8.1676E-02
7.8921E-02
7.6214E-02
7.3726E-02
7.1298E-02
6.8569E-02
6.5157E-02
6.0812E-02
5.5621E-02
5.0047E-02
4.4912E-02
4.0966E-02
3.8636E-02
3.8034E-02
3.8939E-02
4.1172E-02
4.4655E-02
4.9184E-02
5.4237E-02
5.9076E-02
6.3047E-02
6.5829E-02
6.7507E-02
6.8326E-02
6.8551E-02
6.8587E-02
6.8871E-02
6.9598E-02
7.0747E-02
7.2144E-02
7.3558E-02
7.4780E-02
7.5598E-02
7.5826E-02
7.5278E-02
7.3942E-02
7.1945E-02
6.9510E-02
6.6856E-02
6.4239E-02
6.1866E-02
5.9875E-02
5.8434E-02
5.7613E-02
5.7283E-02
5.7164E-02
5.7022E-02
5.6830E-02
5.6811E-02
5.7136E-02
5.7734E-02
5.8291E-02
5.8558E-02
5.8621E-02
5.8718E-02
5.9122E-02
6.0134E-02
6.2022E-02
6.5011E-02
6.9147E-02
7.4131E-02
7.9254E-02
8.3678E-02
8.6700E-02
8.7832E-02
8.6958E-02
8.4354E-02
8.0512E-02
7.6016E-02
7.1350E-02
6.6516E-02
6.1118E-02
5.4805E-02
4.7607E-02
3.9855E-02
3.2094E-02
2.4833E-02
1.8368E-02
1.2973E-02
8.9652E-03
6.5793E-03
5.8699E-03
6.8155E-03
9.2495E-03
1.2632E-02
1.6153E-02
1.9116E-02
2.1083E-02
2.1759E-02
2.0903E-02
1.8463E-02
1.4727E-02
1.0128E-02
5.0033E-03
-4.4593E-04
-6.0339E-03
-1.1460E-02
-1.6453E-02
-2.0640E-02
-2.3592E-02
-2.5172E-02
-2.5810E-02
-2.6213E-02
-2.6880E-02
-2.7931E-02
-2.9216E-02
-3.0425E-02
-3.1135E-02
-3.0945E-02
-2.9559E-02
-2.7128E-02
-2.4134E-02
-2.0954E-02
-1.7846E-02
-1.5098E-02
-1.3085E-02
-1.2233E-02
-1.2799E-02
-1.4729E-02
-1.7708E-02
-2.1320E-02
-2.5046E-02
-2.8299E-02
-3.0699E-02
-3.2254E-02
-3.3281E-02
-3.4228E-02
-3.5463E-02
-3.7181E-02
-3.9313E-02
-4.1751E-02
-4.4516E-02
-4.7535E-02
-5.0632E-02
-5.3520E-02
-5.5863E-02
-5.7495E-02
-5.8567E-02
-5.9450E-02
-6.0461E-02
-6.1722E-02
-6.3125E-02
-6.4332E-02
-6.4796E-02
-6.3806E-02
-6.0431E-02
-5.3673E-02
-4.2538E-02
-2.6465E-02
-6.2827E-03
1.5386E-02
3.4977E-02
4.9731E-02
5.8726E-02
6.2650E-02
6.2961E-02
6.0951E-02
5.7154E-02
5.1435E-02
4.3556E-02
3.3641E-02
2.2461E-02
1.1347E-02
1.7411E-03
-5.2950E-03
-9.3824E-03
-1.0920E-02
-1.0641E-02
-8.9205E-03
-5.6223E-03
-7.8981E-04
4.8508E-03
1.0395E-02
1.5305E-02
1.9611E-02
2.3683E-02
2.7891E-02
3.2477E-02
3.7675E-02
4.3709E-02
5.0455E-02
5.7218E-02
6.3172E-02
6.7939E-02
7.1693E-02
7.4900E-02
7.8040E-02
8.1373E-02
8.4834E-02
8.8112E-02
9.0761E-02
9.2259E-02
9.2437E-02
9.1437E-02
8.9492E-02
8.6984E-02
8.4316E-02
8.1730E-02
7.9213E-02
7.6569E-02
7.3460E-02
6.9674E-02
6.5134E-02
5.9698E-02
5.3214E-02
4.5912E-02
3.8593E-02
3.2322E-02
2.8087E-02
2.6490E-02
2.7540E-02
3.0619E-02
3.4739E-02
3.8958E-02
4.2583E-02
4.5275E-02
4.6908E-02
4.7464E-02
4.6990E-02
4.5617E-02
4.3509E-02
4.0707E-02
3.7279E-02
3.3406E-02
2.9254E-02
2.4968E-02
2.0742E-02
1.6873E-02
1.3747E-02
1.1661E-02
1.0572E-02
1.0131E-02
9.7882E-03
9.0159E-03
7.3663E-03
4.5887E-03
6.6056E-04
-4.3283E-03
-1.0252E-02
-1.6745E-02
-2.3010E-02
-2.7887E-02
-3.0375E-02
-3.0138E-02
-2.7742E-02
-2.4244E-02
-2.0475E-02
-1.6767E-02
-1.3202E-02
-9.9926E-03
-7.6911E-03
-7.0912E-03
-8.8086E-03
-1.2726E-02
-1.7968E-02
-2.3453E-02
-2.8430E-02
-3.2624E-02
-3.6119E-02
-3.9063E-02
-4.1543E-02
-4.3660E-02
-4.5536E-02
-4.7375E-02
-4.9399E-02
-5.1521E-02
-5.3333E-02
-5.4312E-02
-5.4053E-02
-5.2509E-02
-5.0052E-02
-4.7351E-02
-4.4966E-02
-4.2992E-02
-4.1186E-02
-3.9390E-02
-3.7775E-02
-3.6709E-02
-3.6475E-02
-3.7092E-02
-3.8330E-02
-3.9778E-02
-4.0888E-02
-4.1270E-02
-4.0944E-02
-4.0283E-02
-3.9734E-02
-3.9582E-02
-3.9952E-02
-4.0672E-02
-4.1407E-02
-4.1854E-02
-4.1857E-02
-4.1449E-02
-4.0655E-02
-3.9353E-02
-3.7389E-02
-3.4769E-02
-3.1515E-02
-2.7590E-02
-2.3032E-02
-1.8018E-02
-1.2862E-02
-8.0998E-03
-4.3273E-03
-1.9327E-03
-9.1702E-04
-9.1747E-04
-1.4359E-03
-1.9370E-03
-2.1618E-03
-2.1445E-03
-1.9268E-03
-1.6233E-03
-1.4984E-03
-1.8859E-03
-2.8957E-03
-4.1139E-03
-4.8053E-03
-4.5394E-03
-3.3777E-03
-1.4793E-03
1.1451E-03
4.5692E-03
8.6500E-03
1.3057E-02
1.7481E-02
2.1686E-02
2.5398E-02
2.8363E-02
3.0596E-02
3.2436E-02
3.4276E-02
3.6224E-02
3.8082E-02
3.9654E-02
4.1003E-02
4.2326E-02
4.3775E-02
4.5329E-02
4.6716E-02
4.7527E-02
4.7410E-02
4.6189E-02
4.3914E-02
4.0781E-02
3.7117E-02
3.3319E-02
2.9683E-02
2.6243E-02
2.2798E-02
1.9053E-02
1.5074E-02
1.1185E-02
7.6077E-03
4.2751E-03
9.9582E-04
-2.3302E-03
-5.5057E-03
-7.9557E-03
-9.1611E-03
-8.9993E-03
-7.5959E-03
-4.9957E-03
-1.0464E-03
4.3726E-03
1.1035E-02
1.8295E-02
2.5334E-02
3.1510E-02
3.6588E-02
4.0726E-02
4.4356E-02
4.7878E-02
5.1324E-02
5.4386E-02
5.6676E-02
5.7898E-02
5.7913E-02
5.6943E-02
5.5448E-02
5.4006E-02
5.3140E-02
5.3166E-02
5.4061E-02
5.5423E-02
5.6634E-02
5.7112E-02
5.6553E-02
5.4863E-02
5.2022E-02
4.8055E-02
4.2983E-02
3.6850E-02
2.9895E-02
2.2532E-02
1.5133E-02
7.8966E-03
8.5330E-04
-5.9685E-03
-1.2572E-02
-1.8932E-02
-2.4956E-02
-3.0604E-02
-3.5863E-02
-4.0645E-02
-4.4716E-02
-4.7829E-02
-4.9724E-02
-5.0060E-02
-4.8680E-02
-4.5765E-02
-4.1912E-02
-3.8185E-02
-3.5590E-02
-3.4423E-02
-3.4240E-02
-3.4354E-02
-3.4388E-02
-3.4254E-02
-3.3903E-02
-3.3182E-02
-3.1877E-02
-2.9870E-02
-2.7020E-02
-2.2969E-02
-1.7227E-02
-9.5478E-03
-3.9369E-04
9.1114E-03
1.7509E-02
2.3525E-02
2.6448E-02
2.6160E-02
2.2980E-02
1.7449E-02
1.0167E-02
1.6372E-03
-7.7323E-03
-1.7460E-02
-2.6947E-02
-3.5598E-02
-4.2945E-02
-4.8808E-02
-5.3084E-02
-5.5640E-02
-5.6289E-02
-5.5028E-02
-5.2335E-02
-4.9137E-02
-4.6600E-02
-4.5486E-02
-4.5822E-02
-4.7190E-02
-4.9256E-02
-5.2104E-02
-5.5969E-02
-6.0749E-02
-6.5803E-02
-7.0209E-02
-7.3311E-02
-7.4941E-02
-7.5197E-02
-7.4419E-02
-7.3169E-02
-7.1979E-02
-7.1029E-02
-7.0233E-02
-6.9656E-02
-6.9472E-02
-6.9793E-02
-7.0273E-02
-7.0060E-02
-6.8480E-02
-6.5555E-02
-6.1938E-02
-5.8319E-02
-5.4983E-02
-5.1635E-02
-4.7562E-02
-4.2132E-02
-3.5303E-02
-2.7708E-02
-2.0587E-02
-1.5251E-02
-1.2571E-02
-1.2777E-02
-1.5603E-02
-2.0453E-02
-2.6494E-02
-3.2944E-02
-3.9022E-02
-4.3787E-02
-4.6592E-02
-4.7519E-02
-4.7392E-02
-4.7201E-02
-4.7652E-02
-4.9076E-02
-5.1483E-02
-5.4674E-02
-5.8112E-02
-6.1005E-02
-6.2570E-02
-6.2381E-02
-6.0515E-02
-5.7355E-02
-5.3241E-02
-4.8306E-02
-4.2502E-02
-3.5795E-02
-2.8351E-02
-2.0491E-02
-1.2604E-02
-5.0273E-03
1.9919E-03
8.5162E-03
1.4663E-02
2.0299E-02
2.5052E-02
2.8458E-02
3.0184E-02
3.0170E-02
2.8604E-02
2.5803E-02
2.2111E-02
1.7856E-02
1.3382E-02
9.1831E-03
5.8903E-03
3.9704E-03
3.5719E-03
4.5683E-03
6.6005E-03
9.1728E-03
1.1658E-02
1.3582E-02
1.4946E-02
1.6351E-02
1.8627E-02
2.2241E-02
2.7184E-02
3.3197E-02
4.0057E-02
4.7642E-02
5.5836E-02
6.4418E-02
7.2908E-02
8.0708E-02
8.7313E-02
9.2324E-02
9.5567E-02
9.7054E-02
9.6857E-02
9.5177E-02
9.2507E-02
8.9636E-02
8.7319E-02
8.5961E-02
8.5633E-02
8.6122E-02
8.7148E-02
8.8362E-02
8.9333E-02
8.9717E-02
8.9332E-02
8.8042E-02
8.5693E-02
8.2300E-02
7.8177E-02
7.3926E-02
7.0166E-02
6.7221E-02
6.5051E-02
6.3538E-02
6.2672E-02
6.2456E-02
6.2811E-02
6.3579E-02
6.4626E-02
6.5810E-02
6.7018E-02
6.8224E-02
6.9480E-02
7.0828E-02
7.2253E-02
7.3816E-02
7.5679E-02
7.8004E-02
8.0791E-02
8.3852E-02
8.7042E-02
9.0371E-02
9.3812E-02
9.6575E-02
9.6117E-02
8.8761E-02
7.2673E-02
4.9841E-02
2.4666E-02
1.1095E-03
-1.8395E-02
-3.2620E-02
-4.1513E-02
-4.6305E-02
-4.9080E-02
-5.1611E-02
-5.4510E-02
-5.6895E-02
-5.6972E-02
-5.3211E-02
-4.5175E-02
-3.3850E-02
-2.1237E-02
-9.6881E-03
-1.2587E-03
2.9182E-03
2.8354E-03
-6.0670E-04
-6.1972E-03
-1.3083E-02
-2.0803E-02
-2.9019E-02
-3.7286E-02
-4.5073E-02
-5.1972E-02
-5.7742E-02
-6.2347E-02
-6.5909E-02
-6.8598E-02
-7.0775E-02
-7.2866E-02
-7.5260E-02
-7.8203E-02
-8.1688E-02
-8.5319E-02
-8.8481E-02
-9.0690E-02
-9.1682E-02
-9.1498E-02
-9.0509E-02
-8.9094E-02
-8.7452E-02
-8.5853E-02
-8.4709E-02
-8.4279E-02
-8.4374E-02
-8.4632E-02
-8.4947E-02
-8.5389E-02
-8.6010E-02
-8.6756E-02
-8.7551E-02
-8.8338E-02
-8.8927E-02
-8.8914E-02
-8.7613E-02
-8.4499E-02
-7.9708E-02
-7.4045E-02
-6.8307E-02
-6.2332E-02
-5.4345E-02
-4.1644E-02
-2.2723E-02
8.8307E-04
2.5100E-02
4.5797E-02
6.0982E-02
7.0965E-02
7.6947E-02
7.9857E-02
7.9934E-02
7.6914E-02
7.0630E-02
6.1689E-02
5.1780E-02
4.3190E-02
3.7906E-02
3.6806E-02
3.9432E-02
4.4468E-02
5.0541E-02
5.6707E-02
6.2387E-02
6.7224E-02
7.1141E-02
7.4270E-02
7.6749E-02
7.8671E-02
7.9984E-02
8.0535E-02
8.0052E-02
7.8214E-02
7.4959E-02
7.0509E-02
6.5152E-02
5.9067E-02
5.2477E-02
4.5786E-02
3.9574E-02
3.4569E-02
3.1425E-02
3.0400E-02
3.1272E-02
3.3360E-02
3.5756E-02
3.7605E-02
3.8368E-02
3.7967E-02
3.6753E-02
3.5310E-02
3.4290E-02
3.4363E-02
3.6142E-02
3.9817E-02
4.4896E-02
5.0279E-02
5.4804E-02
5.7807E-02
5.9147E-02
5.8988E-02
5.7423E-02
5.4290E-02
4.9322E-02
4.2524E-02
3.4369E-02
2.5524E-02
1.6492E-02
7.5232E-03
-1.3483E-03
-1.0097E-02
-1.8597E-02
-2.6692E-02
-3.4109E-02
-4.0450E-02
-4.5462E-02
-4.9359E-02
-5.2736E-02
-5.6162E-02
-6.0012E-02
-6.4445E-02
-6.9450E-02
-7.4893E-02
-8.0520E-02
-8.5940E-02
-9.0676E-02
-9.4207E-02
-9.5998E-02
-9.5611E-02
-9.2948E-02
-8.8292E-02
-8.2252E-02
-7.5726E-02
-6.9607E-02
-6.4592E-02
-6.1281E-02
-6.0211E-02
-6.1642E-02
-6.5347E-02
-7.0704E-02
-7.6867E-02
-8.3084E-02
-8.8817E-02
-9.3639E-02
-9.7035E-02
-9.8330E-02
-9.6874E-02
-9.2143E-02
-8.4108E-02
-7.3375E-02
-6.0839E-02
-4.7138E-02
-3.2556E-02
-1.7436E-02
-2.5299E-03
1.1105E-02
2.2666E-02
3.2023E-02
3.9422E-02
4.5103E-02
4.9210E-02
5.1942E-02
5.3529E-02
5.4164E-02
5.4045E-02
5.3336E-02
5.2110E-02
5.0628E-02
4.9362E-02
4.8700E-02
4.8788E-02
4.9516E-02
5.0723E-02
5.2212E-02
5.3790E-02
5.5167E-02
5.6000E-02
5.6126E-02
5.5488E-02
5.3994E-02
5.1640E-02
4.8638E-02
4.5497E-02
4.2986E-02
4.1756E-02
4.1997E-02
4.3359E-02
4.5312E-02
4.7433E-02
4.9487E-02
5.1415E-02
5.3263E-02
5.5037E-02
5.6666E-02
5.8251E-02
6.0006E-02
6.2093E-02
6.4537E-02
6.7216E-02
6.9969E-02
7.2668E-02
7.5284E-02
7.7722E-02
7.9876E-02
8.1701E-02
8.3220E-02
8.4388E-02
8.5185E-02
8.5590E-02
8.5482E-02
8.4614E-02
8.2673E-02
7.9481E-02
7.5031E-02
6.9503E-02
6.3101E-02
5.5744E-02
4.7168E-02
3.7242E-02
2.6085E-02
1.4123E-02
2.0501E-03
-9.3710E-03
-1.9520E-02
-2.8069E-02
-3.5074E-02
-4.0930E-02
-4.5958E-02
-5.0098E-02
-5.3089E-02
-5.4717E-02
-5.5121E-02
-5.4793E-02
-5.4386E-02
-5.4377E-02
-5.5053E-02
-5.6564E-02
-5.8756E-02
-6.1333E-02
-6.3929E-02
-6.6131E-02
-6.7587E-02
-6.8186E-02
-6.8210E-02
-6.8180E-02
-6.8570E-02
-6.9784E-02
-7.2024E-02
-7.5187E-02
-7.8998E-02
-8.2976E-02
-8.6529E-02
-8.9281E-02
-9.1178E-02
-9.2460E-02
-9.3481E-02
-9.4714E-02
-9.6487E-02
-9.8783E-02
-1.0130E-01
-1.0367E-01
-1.0568E-01
-1.0727E-01
-1.0827E-01
-1.0822E-01
-1.0679E-01
-1.0411E-01
-1.0049E-01
-9.5726E-02
-8.8367E-02
-7.5473E-02
-5.4041E-02
-2.3501E-02
1.2763E-02
4.8455E-02
7.7349E-02
9.5829E-02
1.0410E-01
1.0542E-01
1.0378E-01
1.0135E-01
9.7200E-02
8.8207E-02
7.1631E-02
4.7543E-02
1.9030E-02
-9.4413E-03
-3.3775E-02
-5.1415E-02
-6.1641E-02
-6.5260E-02
-6.3841E-02
-5.8876E-02
-5.1457E-02
-4.2616E-02
-3.3433E-02
-2.4892E-02
-1.7555E-02
-1.1303E-02
-5.5475E-03
3.8553E-04
7.1055E-03
1.5182E-02
2.5080E-02
3.6985E-02
5.0442E-02
6.4210E-02
7.6711E-02
8.6592E-02
9.3152E-02
9.6333E-02
9.6436E-02
9.3822E-02
8.8853E-02
8.1989E-02
7.3769E-02
6.4739E-02
5.5353E-02
4.6018E-02
3.6982E-02
2.8375E-02
2.0274E-02
1.2781E-02
5.9732E-03
-1.5314E-04
-5.7087E-03
-1.0958E-02
-1.6306E-02
-2.2150E-02
-2.8522E-02
-3.4976E-02
-4.0931E-02
-4.5907E-02
-4.9583E-02
-5.1617E-02
-5.1732E-02
-4.9988E-02
-4.6877E-02
-4.3092E-02
-3.9176E-02
-3.5331E-02
-3.1674E-02
-2.8533E-02
-2.6330E-02
-2.5264E-02
-2.5201E-02
-2.5790E-02
-2.6371E-02
-2.6169E-02
-2.4845E-02
-2.2820E-02
-2.0966E-02
-1.9889E-02
-1.9338E-02
-1.8336E-02
-1.6111E-02
-1.2697E-02
-8.7834E-03
-5.1902E-03
-2.7116E-03
-1.9349E-03
-2.9279E-03
-5.2179E-03
-8.0885E-03
-1.0974E-02
-1.3546E-02
-1.5482E-02
-1.6252E-02
-1.5264E-02
-1.2164E-02
-7.0244E-03
-3.8244E-04
6.7982E-03
1.3305E-02
1.8219E-02
2.1272E-02
2.2704E-02
2.2925E-02
2.2219E-02
2.0851E-02
1.9291E-02
1.8141E-02
1.7738E-02
1.7977E-02
1.8610E-02
1.9290E-02
1.9604E-02
1.9138E-02
1.7452E-02
1.4185E-02
9.3358E-03
3.3009E-03
-3.1593E-03
-9.1057E-03
-1.3469E-02
-1.5268E-02
-1.3870E-02
-9.2042E-03
-1.8835E-03
6.9880E-03
1.6185E-02
2.4853E-02
3.2605E-02
3.9388E-02
4.5183E-02
4.9871E-02
5.3364E-02
5.5728E-02
5.7128E-02
5.7659E-02
5.7391E-02
5.6356E-02
5.4536E-02
5.1977E-02
4.8803E-02
4.5051E-02
4.0677E-02
3.5671E-02
3.0081E-02
2.4115E-02
1.8260E-02
1.3223E-02
9.5713E-03
7.4931E-03
6.8692E-03
7.3728E-03
8.6890E-03
1.0629E-02
1.3041E-02
1.5531E-02
1.7444E-02
1.8141E-02
1.7199E-02
1.4641E-02
1.1056E-02
7.2786E-03
4.0846E-03
2.2135E-03
2.4105E-03
5.1494E-03
1.0156E-02
1.6397E-02
2.2520E-02
2.7574E-02
3.1319E-02
3.4007E-02
3.6195E-02
3.8420E-02
4.0997E-02
4.3978E-02
4.7289E-02
5.0989E-02
5.5211E-02
5.9951E-02
6.5045E-02
7.0204E-02
7.5178E-02
7.9825E-02
8.3905E-02
8.7064E-02
8.8817E-02
8.8298E-02
8.3823E-02
7.3141E-02
5.4995E-02
3.0643E-02
3.6716E-03
-2.2049E-02
-4.3945E-02
-6.0795E-02
-7.2116E-02
-7.8004E-02
-7.8863E-02
-7.4540E-02
-6.4014E-02
-4.6837E-02
-2.4781E-02
-1.1800E-03
2.0807E-02
3.9126E-02
5.2865E-02
6.2285E-02
6.8669E-02
7.3614E-02
7.8075E-02
8.1874E-02
8.3773E-02
8.2165E-02
7.5956E-02
6.5114E-02
5.0614E-02
3.4066E-02
1.7256E-02
1.6777E-03
-1.1784E-02
-2.2859E-02
-3.1735E-02
-3.8753E-02
-4.4191E-02
-4.8499E-02
-5.2188E-02
-5.5647E-02
-5.9072E-02
-6.2471E-02
-6.5788E-02
-6.8886E-02
-7.1464E-02
-7.2943E-02
-7.2685E-02
-7.0326E-02
-6.5905E-02
-5.9703E-02
-5.2271E-02
-4.4503E-02
-3.7578E-02
-3.2727E-02
-3.0844E-02
-3.2104E-02
-3.5962E-02
-4.1438E-02
-4.7463E-02
-5.3158E-02
-5.7926E-02
-6.1467E-02
-6.3760E-02
-6.5192E-02
-6.6403E-02
-6.7937E-02
-7.0096E-02
-7.3055E-02
-7.6972E-02
-8.1846E-02
-8.7504E-02
-9.3488E-02
-9.9013E-02
-1.0331E-01
-1.0576E-01
-1.0606E-01
-1.0418E-01
-1.0027E-01
-9.4663E-02
-8.7663E-02
-7.9543E-02
-7.0604E-02
-6.1323E-02
-5.2408E-02
-4.4427E-02
-3.7366E-02
-3.0680E-02
-2.3819E-02
-1.6707E-02
-9.7145E-03
-3.3672E-03
2.0146E-03
6.4848E-03
1.0265E-02
1.3745E-02
1.7279E-02
2.0989E-02
2.4714E-02
2.8217E-02
3.1534E-02
3.4850E-02
3.8217E-02
4.1461E-02
4.4193E-02
4.6042E-02
4.7036E-02
4.7578E-02
4.8193E-02
4.9228E-02
5.0779E-02
5.2771E-02
5.5035E-02
5.7472E-02
5.9999E-02
6.2494E-02
6.4822E-02
6.6825E-02
6.8268E-02
6.8976E-02
6.9056E-02
6.8713E-02
6.8133E-02
6.7304E-02
6.5860E-02
6.2998E-02
5.7467E-02
4.8124E-02
3.4868E-02
1.9055E-02
2.9369E-03
-1.1336E-02
-2.2358E-02
-2.9559E-02
-3.3265E-02
-3.4439E-02
-3.4134E-02
-3.3112E-02
-3.1611E-02
-2.9249E-02
-2.5321E-02
-1.9534E-02
-1.2310E-02
-4.4754E-03
3.2483E-03
1.0477E-02
1.7027E-02
2.2806E-02
2.7740E-02
3.1929E-02
3.5675E-02
3.9157E-02
4.2288E-02
4.4779E-02
4.6267E-02
4.6450E-02
4.5126E-02
4.2135E-02
3.7361E-02
3.0756E-02
2.2530E-02
1.3041E-02
2.6997E-03
-8.0673E-03
-1.8772E-02
-2.8613E-02
-3.6601E-02
-4.1924E-02
-4.4547E-02
-4.5229E-02
-4.4888E-02
-4.4219E-02
-4.3489E-02
-4.2505E-02
-4.0719E-02
-3.7569E-02
-3.2727E-02
-2.6188E-02
-1.8358E-02
-9.9505E-03
-1.7482E-03
5.5484E-03
1.1399E-02
1.5582E-02
1.8057E-02
1.8802E-02
1.7964E-02
1.6064E-02
1.3792E-02
1.1720E-02
1.0180E-02
9.1487E-03
8.3994E-03
7.7109E-03
6.9051E-03
5.8430E-03
4.5146E-03
3.0884E-03
1.7204E-03
5.4454E-04
-1.5025E-04
3.2233E-05
1.4373E-03
4.2236E-03
8.2177E-03
1.3001E-02
1.8195E-02
2.3555E-02
2.8830E-02
3.3738E-02
3.8053E-02
4.1562E-02
4.4032E-02
4.5131E-02
4.4376E-02
4.1317E-02
3.5735E-02
2.7621E-02
1.7252E-02
5.2607E-03
-7.5394E-03
-2.0360E-02
-3.2583E-02
-4.3724E-02
-5.3397E-02
-6.1254E-02
-6.7199E-02
-7.1630E-02
-7.5127E-02
-7.7986E-02
-7.9969E-02
-8.0617E-02
-7.9743E-02
-7.7531E-02
-7.4448E-02
-7.1008E-02
-6.7498E-02
-6.4041E-02
-6.0831E-02
-5.8108E-02
-5.5974E-02
-5.4394E-02
-5.3091E-02
-5.1433E-02
-4.8619E-02
-4.4054E-02
-3.7695E-02
-3.0061E-02
-2.1987E-02
-1.4372E-02
-7.9057E-03
-3.1846E-03
-7.6604E-04
-1.0676E-03
-4.1279E-03
-9.4134E-03
-1.6070E-02
-2.3307E-02
-3.0678E-02
-3.8028E-02
-4.5218E-02
-5.1934E-02
-5.7698E-02
-6.2021E-02
-6.4688E-02
-6.5888E-02
-6.5895E-02
-6.4936E-02
-6.3147E-02
-6.0552E-02
-5.7017E-02
-5.2422E-02
-4.6865E-02
-4.0706E-02
-3.4465E-02
-2.8509E-02
-2.2903E-02
-1.7250E-02
-1.0657E-02
-1.8690E-03
9.9783E-03
2.4225E-02
3.8625E-02
5.0751E-02
5.9594E-02
6.5952E-02
7.1468E-02
7.7333E-02
8.3685E-02
8.9983E-02
9.5626E-02
1.0017E-01
1.0337E-01
1.0514E-01
1.0543E-01
1.0442E-01
1.0245E-01
1.0012E-01
9.8087E-02
9.6715E-02
9.6177E-02
9.6461E-02
9.7455E-02
9.8933E-02
1.0047E-01
1.0156E-01
1.0191E-01
1.0156E-01
1.0065E-01
9.9495E-02
9.8543E-02
9.8188E-02
9.8577E-02
9.9682E-02
1.0138E-01
1.0351E-01
1.0588E-01
1.0824E-01
1.1043E-01
1.1230E-01
1.1380E-01
1.1481E-01
1.1537E-01
1.1568E-01
1.1538E-01
1.1253E-01
1.0342E-01
8.5013E-02
5.7934E-02
2.6588E-02
-3.8041E-03
-2.9571E-02
-4.8856E-02
-6.0994E-02
-6.6427E-02
-6.6819E-02
-6.4233E-02
-5.9862E-02
-5.3584E-02
-4.4646E-02
-3.2658E-02
-1.8171E-02
-2.2570E-03
1.3673E-02
2.8245E-02
4.0682E-02
5.0837E-02
5.8785E-02
6.4385E-02
6.7552E-02
6.8479E-02
6.7488E-02
6.4918E-02
6.1163E-02
5.6782E-02
5.2427E-02
4.8809E-02
4.6410E-02
4.5224E-02
4.4776E-02
4.4425E-02
4.3453E-02
4.1114E-02
3.6929E-02
3.0999E-02
2.4108E-02
1.7157E-02
1.0381E-02
3.1195E-03
-5.5542E-03
-1.5992E-02
-2.7774E-02
-3.9943E-02
-5.1345E-02
-6.1212E-02
-6.9388E-02
-7.6115E-02
-8.1871E-02
-8.7259E-02
-9.2790E-02
-9.8757E-02
-1.0510E-01
-1.1121E-01
-1.1594E-01
-1.1819E-01
-1.1733E-01
-1.1325E-01
-1.0617E-01
-9.6638E-02
-8.5580E-02
-7.4086E-02
-6.2997E-02
-5.2549E-02
-4.2678E-02
-3.3456E-02
-2.5101E-02
-1.7890E-02
-1.2123E-02
-8.2407E-03
-6.6146E-03
-7.2963E-03
-1.0041E-02
-1.4337E-02
-1.9391E-02
-2.4387E-02
-2.8576E-02
-3.1347E-02
-3.2346E-02
-3.1542E-02
-2.9162E-02
-2.5589E-02
-2.1395E-02
-1.7187E-02
-1.3506E-02
-1.0855E-02
-9.5704E-03
-9.6467E-03
-1.0619E-02
-1.1796E-02
-1.2551E-02
-1.2446E-02
-1.1298E-02
-9.1297E-03
-6.1679E-03
-2.9083E-03
-3.2676E-05
1.8641E-03
2.4120E-03
1.6042E-03
-3.2007E-04
-2.9291E-03
-5.7791E-03
-8.5237E-03
-1.0996E-02
-1.3273E-02
-1.5551E-02
-1.7813E-02
-1.9743E-02
-2.1127E-02
-2.1979E-02
-2.2345E-02
-2.2267E-02
-2.1946E-02
-2.1799E-02
-2.2297E-02
-2.3618E-02
-2.5702E-02
-2.8508E-02
-3.2105E-02
-3.6439E-02
-4.1183E-02
-4.5940E-02
-5.0318E-02
-5.3829E-02
-5.5977E-02
-5.6287E-02
-5.4442E-02
-5.0383E-02
-4.4314E-02
-3.6496E-02
-2.7166E-02
-1.6676E-02
-5.5728E-03
5.3543E-03
1.5190E-02
2.3242E-02
2.9301E-02
3.3601E-02
3.6492E-02
3.8230E-02
3.8988E-02
3.8731E-02
3.7271E-02
3.4409E-02
2.9969E-02
2.4076E-02
1.7287E-02
1.0415E-02
4.2107E-03
-7.4006E-04
-4.0555E-03
-5.7243E-03
-6.0622E-03
-5.7035E-03
-5.3225E-03
-5.2806E-03
-5.4463E-03
-5.4067E-03
-4.8459E-03
-3.7277E-03
-2.3134E-03
-1.0644E-03
-3.0157E-04
1.0637E-04
5.5466E-04
1.4689E-03
3.1354E-03
5.6801E-03
9.1029E-03
1.3158E-02
1.7233E-02
2.0357E-02
2.1511E-02
1.9732E-02
1.4251E-02
5.1524E-03
-6.2054E-03
-1.7637E-02
-2.7334E-02
-3.4629E-02
-3.9969E-02
-4.4172E-02
-4.7503E-02
-4.9530E-02
-4.9761E-02
-4.8101E-02
-4.4690E-02
-3.9624E-02
-3.3168E-02
-2.5917E-02
-1.8588E-02
-1.1820E-02
-6.0203E-03
-1.5384E-03
1.3357E-03
2.4621E-03
1.9235E-03
1.2349E-04
-2.2014E-03
-4.0054E-03
-4.1253E-03
-1.7617E-03
3.0961E-03
9.5857E-03
1.6315E-02
2.1991E-02
2.5789E-02
2.7416E-02
2.6946E-02
2.4452E-02
1.9713E-02
1.2210E-02
1.7676E-03
-1.0729E-02
-2.3235E-02
-3.3640E-02
-4.0938E-02
-4.5413E-02
-4.8035E-02
-4.9754E-02
-5.1236E-02
-5.2743E-02
-5.3737E-02
-5.3046E-02
-4.9689E-02
-4.3632E-02
-3.5783E-02
-2.7461E-02
-1.9926E-02
-1.4173E-02
-1.0849E-02
-1.0091E-02
-1.1444E-02
-1.4264E-02
-1.8176E-02
-2.2731E-02
-2.7036E-02
-2.9969E-02
-3.0822E-02
-2.9641E-02
-2.6892E-02
-2.3099E-02
-1.8590E-02
-1.3565E-02
-8.3683E-03
-3.5040E-03
5.2441E-04
3.3630E-03
4.7319E-03
4.4991E-03
2.8676E-03
3.2920E-04
-2.4157E-03
-4.6352E-03
-6.0685E-03
-7.0251E-03
-8.1541E-03
-9.9174E-03
-1.2295E-02
-1.4874E-02
-1.7145E-02
-1.8664E-02
-1.8852E-02
-1.7077E-02
-1.3123E-02
-7.4742E-03
-1.0300E-03
5.4366E-03
1.1378E-02
1.6419E-02
2.0381E-02
2.3249E-02
2.5179E-02
2.6249E-02
2.6324E-02
2.5403E-02
2.3970E-02
2.2856E-02
2.2716E-02
2.3808E-02
2.6013E-02
2.8839E-02
3.1621E-02
3.3623E-02
3.4138E-02
3.2612E-02
2.8810E-02
2.3015E-02
1.6074E-02
9.3339E-03
4.1521E-03
1.2817E-03
5.5541E-04
1.0653E-03
1.7021E-03
1.7021E-03
7.8840E-04
-9.2551E-04
-3.1411E-03
-5.5520E-03
-7.9361E-03
-1.0160E-02
-1.2108E-02
-1.3676E-02
-1.4678E-02
-1.4796E-02
-1.3881E-02
-1.2190E-02
-1.0135E-02
-7.9702E-03
-5.9516E-03
-4.5796E-03
-4.2562E-03
-4.8692E-03
-5.8579E-03
-6.7608E-03
-7.4723E-03
-8.1981E-03
-9.1638E-03
-1.0461E-02
-1.2179E-02
-1.4373E-02
-1.6924E-02
-1.9641E-02
-2.2488E-02
-2.5508E-02
-2.8531E-02
-3.1079E-02
-3.2673E-02
-3.3197E-02
-3.2876E-02
-3.2159E-02
-3.1490E-02
-3.1182E-02
-3.1440E-02
-3.2397E-02
-3.4023E-02
-3.6118E-02
-3.8241E-02
-3.9653E-02
-3.9630E-02
-3.7804E-02
-3.4235E-02
-2.9218E-02
-2.3230E-02
-1.6830E-02
-1.0443E-02
-4.3567E-03
1.2525E-03
6.4339E-03
1.1459E-02
1.6564E-02
2.1707E-02
2.6539E-02
3.0489E-02
3.2896E-02
3.3132E-02
3.0740E-02
2.5578E-02
1.8181E-02
9.7957E-03
1.8601E-03
-4.5159E-03
-8.8042E-03
-1.1256E-02
-1.2818E-02
-1.4561E-02
-1.6960E-02
-1.9636E-02
-2.1725E-02
-2.2397E-02
-2.1262E-02
-1.8200E-02
-1.3036E-02
-5.4978E-03
4.2861E-03
1.5301E-02
2.5708E-02
3.3517E-02
3.7398E-02
3.7011E-02
3.2844E-02
2.5808E-02
1.6988E-02
7.6780E-03
-7.7277E-04
-7.3337E-03
-1.1593E-02
-1.3770E-02
-1.4408E-02
-1.4143E-02
-1.3674E-02
-1.3466E-02
-1.3544E-02
-1.3602E-02
-1.3144E-02
-1.1623E-02
-8.5309E-03
-3.5994E-03
3.0395E-03
1.0855E-02
1.9134E-02
2.7269E-02
3.4686E-02
4.0721E-02
4.4884E-02
4.7285E-02
4.8454E-02
4.8889E-02
4.8769E-02
4.8014E-02
4.6433E-02
4.3877E-02
4.0208E-02
3.5300E-02
2.9153E-02
2.1985E-02
1.4273E-02
6.6931E-03
5.0028E-05
-4.8302E-03
-7.3388E-03
-7.4144E-03
-5.6483E-03
-2.9347E-03
-7.2048E-05
2.3979E-03
4.1088E-03
4.8780E-03
4.7083E-03
3.5399E-03
1.0454E-03
-3.1782E-03
-9.0450E-03
-1.5769E-02
-2.2074E-02
-2.6727E-02
-2.9079E-02
-2.9353E-02
-2.8251E-02
-2.6495E-02
-2.4579E-02
-2.2679E-02
-2.0790E-02
-1.8807E-02
-1.6561E-02
-1.3747E-02
-1.0115E-02
-5.7315E-03
-8.3846E-04
4.3478E-03
9.5927E-03
1.4573E-02
1.8933E-02
2.2181E-02
2.3878E-02
2.3889E-02
2.2420E-02
2.0026E-02
1.7590E-02
1.6035E-02
1.5783E-02
1.6580E-02
1.7658E-02
1.8170E-02
1.7566E-02
1.5705E-02
1.2792E-02
9.2794E-03
5.7556E-03
2.6305E-03
-8.3932E-05
-2.6205E-03
-5.0441E-03
-7.3049E-03
-9.3662E-03
-1.1158E-02
-1.2899E-02
-1.4974E-02
-1.7591E-02
-2.0571E-02
-2.3398E-02
-2.5442E-02
-2.6203E-02
-2.5401E-02
-2.3074E-02
-1.9595E-02
-1.5553E-02
-1.1614E-02
-8.2734E-03
-5.8591E-03
-4.5237E-03
-4.1966E-03
-4.6003E-03
-5.3852E-03
-6.1800E-03
-6.5131E-03
-5.8928E-03
-3.9197E-03
-5.0387E-04
4.0037E-03
8.8260E-03
1.3100E-02
1.6217E-02
1.7921E-02
1.8337E-02
1.7911E-02
1.7189E-02
1.6528E-02
1.6103E-02
1.6098E-02
1.6670E-02
1.7884E-02
1.9690E-02
2.1903E-02
2.4264E-02
2.6561E-02
2.8555E-02
3.0004E-02
3.0836E-02
3.1125E-02
3.0937E-02
3.0314E-02
2.9381E-02
2.8347E-02
2.7423E-02
2.6682E-02
2.6044E-02
2.5392E-02
2.4668E-02
2.3849E-02
2.2817E-02
2.1353E-02
1.9188E-02
1.5914E-02
1.1037E-02
4.4479E-03
-3.5136E-03
-1.2182E-02
-2.0808E-02
-2.8776E-02
-3.5597E-02
-4.0934E-02
-4.4597E-02
-4.6430E-02
-4.6067E-02
-4.2685E-02
-3.5545E-02
-2.4905E-02
-1.2353E-02
-1.5653E-04
9.7029E-03
1.6229E-02
1.9374E-02
1.9604E-02
1.7505E-02
1.3623E-02
8.3816E-03
2.1816E-03
-4.3190E-03
-1.0308E-02
-1.5276E-02
-1.9307E-02
-2.2789E-02
-2.5807E-02
-2.7752E-02
-2.7563E-02
-2.4369E-02
-1.8042E-02
-9.4472E-03
-9.8335E-05
8.5536E-03
1.5690E-02
2.1126E-02
2.5082E-02
2.7942E-02
3.0129E-02
3.1985E-02
3.3675E-02
3.5269E-02
3.6724E-02
3.7914E-02
3.8798E-02
3.9477E-02
4.0000E-02
4.0193E-02
3.9887E-02
3.9067E-02
3.7691E-02
3.5526E-02
3.2192E-02
2.7391E-02
2.1308E-02
1.4556E-02
7.8253E-03
1.5986E-03
-3.8380E-03
-8.2884E-03
-1.1793E-02
-1.4584E-02
-1.6902E-02
-1.8824E-02
-2.0227E-02
-2.0987E-02
-2.1090E-02
-2.0487E-02
-1.9020E-02
-1.6767E-02
-1.4099E-02
-1.1420E-02
-8.8841E-03
-6.3884E-03
-3.7070E-03
-6.1554E-04
2.8341E-03
6.1382E-03
8.5284E-03
9.4669E-03
9.1148E-03
8.4914E-03
8.6397E-03
9.8946E-03
1.1976E-02
1.4330E-02
1.6348E-02
1.7477E-02
1.7392E-02
1.6098E-02
1.4063E-02
1.2016E-02
1.0451E-02
9.4222E-03
8.8150E-03
8.6160E-03
8.7279E-03
8.9734E-03
9.1652E-03
9.0799E-03
8.4462E-03
6.9466E-03
4.3753E-03
7.4616E-04
-3.5572E-03
-7.8890E-03
-1.1689E-02
-1.4722E-02
-1.7037E-02
-1.8793E-02
-2.0141E-02
-2.1137E-02
-2.1805E-02
-2.2037E-02
-2.1397E-02
-1.9297E-02
-1.5382E-02
-9.8969E-03
-3.7938E-03
1.5491E-03
5.0261E-03
6.3106E-03
5.8183E-03
4.2062E-03
2.0913E-03
-5.4867E-05
-2.0543E-03
-4.0496E-03
-6.2373E-03
-8.6739E-03
-1.1269E-02
-1.3871E-02
-1.6410E-02
-1.8893E-02
-2.1352E-02
-2.3737E-02
-2.5996E-02
-2.8184E-02
-3.0413E-02
-3.2811E-02
-3.5463E-02
-3.8408E-02
-4.1603E-02
-4.4931E-02
-4.8255E-02
-5.1290E-02
-5.3685E-02
-5.5044E-02
-5.5016E-02
-5.3589E-02
-5.1198E-02
-4.8502E-02
-4.6134E-02
-4.4418E-02
-4.3180E-02
-4.1736E-02
-3.9090E-02
-3.4441E-02
-2.7767E-02
-2.0082E-02
-1.2739E-02
-6.4506E-03
-9.4075E-04
4.3853E-03
9.6794E-03
1.4543E-02
1.8327E-02
2.0631E-02
2.1533E-02
2.1377E-02
2.0381E-02
1.8442E-02
1.5232E-02
1.0590E-02
5.1218E-03
1.9443E-04
-2.7883E-03
-3.1056E-03
-8.7858E-04
3.1759E-03
8.1213E-03
1.3152E-02
1.7760E-02
2.1724E-02
2.4883E-02
2.6942E-02
2.7364E-02
2.5673E-02
2.1762E-02
1.5808E-02
8.4053E-03
6.7341E-04
-5.9316E-03
-1.0071E-02
-1.1189E-02
-9.9702E-03
-8.0895E-03
-7.2192E-03
-8.0116E-03
-9.9195E-03
-1.1628E-02
-1.1653E-02
-9.0288E-03
-3.8338E-03
2.8558E-03
9.6568E-03
1.5395E-02
1.9382E-02
2.1519E-02
2.2091E-02
2.1619E-02
2.0788E-02
2.0199E-02
2.0107E-02
2.0573E-02
2.1596E-02
2.3071E-02
2.4721E-02
2.6142E-02
2.6881E-02
2.6548E-02
2.4911E-02
2.1817E-02
1.7320E-02
1.1976E-02
6.7795E-03
2.6823E-03
2.6997E-04
-1.0559E-04
1.6369E-03
5.2441E-03
1.0107E-02
1.5344E-02
1.9984E-02
2.3411E-02
2.5521E-02
2.6534E-02
2.6807E-02
2.6672E-02
2.6357E-02
2.5983E-02
2.5582E-02
2.5063E-02
2.4276E-02
2.3092E-02
2.1557E-02
1.9872E-02
1.8456E-02
1.7716E-02
1.7703E-02
1.8115E-02
1.8578E-02
1.8939E-02
1.9161E-02
1.9210E-02
1.9037E-02
1.8447E-02
1.7081E-02
1.4479E-02
1.0384E-02
5.1289E-03
-2.6997E-04
-4.4947E-03
-6.5857E-03
-6.4771E-03
-4.9633E-03
-3.2201E-03
-2.1961E-03
-2.2004E-03
-3.1223E-03
-4.6479E-03
-6.4827E-03
-8.5281E-03
-1.0746E-02
-1.2820E-02
-1.4229E-02
-1.4767E-02
-1.4714E-02
-1.4517E-02
-1.4558E-02
-1.5172E-02
-1.6700E-02
-1.9360E-02
-2.2920E-02
-2.6721E-02
-3.0142E-02
-3.2994E-02
-3.5456E-02
-3.7600E-02
-3.9277E-02
-4.0275E-02
-4.0259E-02
-3.8803E-02
-3.5649E-02
-3.1118E-02
-2.5945E-02
-2.0713E-02
-1.5391E-02
-9.5757E-03
-3.0182E-03
4.0190E-03
1.0645E-02
1.5545E-02
1.7582E-02
1.6491E-02
1.2982E-02
8.1260E-03
2.7716E-03
-2.5134E-03
-7.3179E-03
-1.1469E-02
-1.5094E-02
-1.8426E-02
-2.1501E-02
-2.4082E-02
-2.5796E-02
-2.6444E-02
-2.6102E-02
-2.5021E-02
-2.3591E-02
-2.2228E-02
-2.1142E-02
-2.0130E-02
-1.8727E-02
-1.6620E-02
-1.4037E-02
-1.1755E-02
-1.0561E-02
-1.0702E-02
-1.2074E-02
-1.4597E-02
-1.8230E-02
-2.2674E-02
-2.7254E-02
-3.1039E-02
-3.2786E-02
-3.1101E-02
-2.4883E-02
-1.4066E-02
-2.5594E-04
1.4033E-02
2.6743E-02
3.6885E-02
4.4316E-02
4.9436E-02
5.3019E-02
5.5803E-02
5.8110E-02
5.9725E-02
6.0061E-02
5.8673E-02
5.5706E-02
5.1842E-02
4.8033E-02
4.5142E-02
4.3711E-02
4.3710E-02
4.4666E-02
4.6106E-02
4.7838E-02
4.9985E-02
5.2634E-02
5.5594E-02
5.8479E-02
6.1046E-02
6.3255E-02
6.5098E-02
6.6574E-02
6.7779E-02
6.8814E-02
6.9661E-02
7.0111E-02
6.9888E-02
6.8892E-02
6.7241E-02
6.5083E-02
6.2512E-02
5.9628E-02
5.6535E-02
5.3070E-02
4.8750E-02
4.2907E-02
3.4901E-02
2.4598E-02
1.2531E-02
-2.4449E-04
-1.2515E-02
-2.2980E-02
-3.0305E-02
-3.3547E-02
-3.2696E-02
-2.8738E-02
-2.3044E-02
-1.6691E-02
-1.0390E-02
-4.7989E-03
-6.5420E-04
1.4887E-03
1.6380E-03
3.9598E-04
-1.3887E-03
-2.9420E-03
-3.8041E-03
-3.9315E-03
-3.5766E-03
-3.0740E-03
-2.8203E-03
-3.1835E-03
-4.3751E-03
-6.5988E-03
-9.9777E-03
-1.4379E-02
-1.9338E-02
-2.4198E-02
-2.8321E-02
-3.1160E-02
-3.2221E-02
-3.0957E-02
-2.6936E-02
-2.0434E-02
-1.2665E-02
-5.1404E-03
1.1116E-03
5.7888E-03
9.1016E-03
1.1603E-02
1.3832E-02
1.5983E-02
1.7735E-02
1.8189E-02
1.6445E-02
1.2230E-02
6.0569E-03
-1.2489E-03
-9.1110E-03
-1.7233E-02
-2.5360E-02
-3.2891E-02
-3.8964E-02
-4.2853E-02
-4.4309E-02
-4.3764E-02
-4.2353E-02
-4.1386E-02
-4.1788E-02
-4.3861E-02
-4.7476E-02
-5.2235E-02
-5.7468E-02
-6.2295E-02
-6.5715E-02
-6.6854E-02
-6.5242E-02
-6.1022E-02
-5.4972E-02
-4.8444E-02
-4.3051E-02
-3.9829E-02
-3.8799E-02
-3.9307E-02
-4.0540E-02
-4.1926E-02
-4.3253E-02
-4.3836E-02
-4.2168E-02
-3.6484E-02
-2.5984E-02
-1.1735E-02
3.6318E-03
1.6964E-02
2.5971E-02
2.9781E-02
2.8674E-02
2.3597E-02
1.5655E-02
5.8708E-03
-4.7395E-03
-1.4864E-02
-2.3126E-02
-2.8743E-02
-3.1738E-02
-3.2552E-02
-3.1692E-02
-2.9595E-02
-2.6609E-02
-2.3004E-02
-1.8953E-02
-1.4712E-02
-1.0824E-02
-8.2171E-03
-7.7447E-03
-9.5552E-03
-1.3156E-02
-1.7806E-02
-2.2764E-02
-2.7259E-02
-3.0710E-02
-3.2841E-02
-3.3635E-02
-3.3265E-02
-3.2025E-02
-3.0282E-02
-2.8432E-02
-2.6930E-02
-2.6039E-02
-2.5624E-02
-2.5155E-02
-2.4020E-02
-2.1842E-02
-1.8697E-02
-1.4949E-02
-1.0891E-02
-6.6171E-03
-2.0804E-03
2.7743E-03
8.0200E-03
1.3642E-02
1.9546E-02
2.5600E-02
3.1624E-02
3.7505E-02
4.3146E-02
4.8358E-02
5.2932E-02
5.6817E-02
6.0106E-02
6.2829E-02
6.4813E-02
6.5740E-02
6.5404E-02
6.3980E-02
6.1889E-02
5.9398E-02
5.6404E-02
5.2497E-02
4.7220E-02
4.0239E-02
3.1616E-02
2.1873E-02
1.1872E-02
2.7990E-03
-4.1201E-03
-7.9852E-03
-8.5126E-03
-5.9635E-03
-1.0413E-03
5.1230E-03
1.1348E-02
1.6810E-02
2.1143E-02
2.4329E-02
2.6573E-02
2.8189E-02
2.9427E-02
3.0419E-02
3.1186E-02
3.1736E-02
3.2234E-02
3.2975E-02
3.4019E-02
3.5281E-02
3.6764E-02
3.8601E-02
4.0856E-02
4.3399E-02
4.6097E-02
4.8920E-02
5.1983E-02
5.5264E-02
5.8500E-02
6.1327E-02
6.3353E-02
6.4185E-02
6.3411E-02
6.0870E-02
5.6824E-02
5.1935E-02
4.7115E-02
4.3134E-02
4.0242E-02
3.8115E-02
3.6188E-02
3.4055E-02
3.1560E-02
2.8804E-02
2.6104E-02
2.3747E-02
2.1932E-02
2.0737E-02
2.0060E-02
1.9686E-02
1.9290E-02
1.8466E-02
1.6812E-02
1.4111E-02
1.0421E-02
6.0084E-03
1.3733E-03
-3.0155E-03
-6.9462E-03
-1.0464E-02
-1.3599E-02
-1.6246E-02
-1.8336E-02
-1.9950E-02
-2.1295E-02
-2.2587E-02
-2.3852E-02
-2.4908E-02
-2.5388E-02
-2.4942E-02
-2.3512E-02
-2.1450E-02
-1.9363E-02
-1.7759E-02
-1.6961E-02
-1.7253E-02
-1.8996E-02
-2.2551E-02
-2.8057E-02
-3.5245E-02
-4.3365E-02
-5.1298E-02
-5.7801E-02
-6.1756E-02
-6.2475E-02
-6.0191E-02
-5.5920E-02
-5.0975E-02
-4.6569E-02
-4.3498E-02
-4.2052E-02
-4.2068E-02
-4.3184E-02
-4.4937E-02
-4.6898E-02
-4.8687E-02
-4.9560E-02
-4.8225E-02
-4.3167E-02
-3.3722E-02
-2.1123E-02
-8.2442E-03
1.8826E-03
7.5622E-03
8.5636E-03
5.7464E-03
5.0280E-04
-6.0252E-03
-1.3411E-02
-2.1631E-02
-3.0549E-02
-3.9706E-02
-4.8524E-02
-5.6555E-02
-6.3424E-02
-6.8672E-02
-7.1771E-02
-7.2380E-02
-7.0389E-02
-6.5812E-02
-5.8774E-02
-4.9618E-02
-3.9022E-02
-2.7878E-02
-1.7138E-02
-7.7207E-03
-2.6547E-04
4.9486E-03
8.0496E-03
9.5555E-03
1.0216E-02
1.0719E-02
1.1554E-02
1.2968E-02
1.4933E-02
1.7144E-02
1.9217E-02
2.0933E-02
2.2365E-02
2.3643E-02
2.4690E-02
2.5173E-02
2.4620E-02
2.2619E-02
1.8927E-02
1.3616E-02
7.3286E-03
1.1815E-03
-3.6556E-03
-6.4386E-03
-6.8523E-03
-4.9417E-03
-1.1441E-03
3.7489E-03
8.8491E-03
1.3478E-02
1.7458E-02
2.0971E-02
2.4243E-02
2.7443E-02
3.0636E-02
3.3732E-02
3.6423E-02
3.8299E-02
3.8972E-02
3.8096E-02
3.5413E-02
3.0972E-02
2.5320E-02
1.9444E-02
1.4563E-02
1.1583E-02
1.0772E-02
1.1739E-02
1.3494E-02
1.4781E-02
1.4729E-02
1.3392E-02
1.1493E-02
9.7852E-03
8.7428E-03
8.5050E-03
8.8904E-03
9.7228E-03
1.1004E-02
1.2941E-02
1.5930E-02
2.0092E-02
2.5051E-02
3.0132E-02
3.4674E-02
3.8179E-02
4.0318E-02
4.0945E-02
3.9965E-02
3.7117E-02
3.2055E-02
2.4737E-02
1.5703E-02
6.0382E-03
-3.1214E-03
-1.1195E-02
-1.8196E-02
-2.4295E-02
-2.9476E-02
-3.3504E-02
-3.6091E-02
-3.7009E-02
-3.6083E-02
-3.3497E-02
-2.9902E-02
-2.6346E-02
-2.3800E-02
-2.2645E-02
-2.2865E-02
-2.4405E-02
-2.7143E-02
-3.0778E-02
-3.4862E-02
-3.8893E-02
-4.2588E-02
-4.5832E-02
-4.8418E-02
-4.9978E-02
-5.0268E-02
-4.9469E-02
-4.8034E-02
-4.6440E-02
-4.5129E-02
-4.4436E-02
-4.4596E-02
-4.5770E-02
-4.8023E-02
-5.1140E-02
-5.4653E-02
-5.7818E-02
-5.9702E-02
-5.9528E-02
-5.7160E-02
-5.3127E-02
-4.8295E-02
-4.3514E-02
-3.9279E-02
-3.5569E-02
-3.1939E-02
-2.7949E-02
-2.3476E-02
-1.8782E-02
-1.4339E-02
-1.0601E-02
-7.8579E-03
-6.2009E-03
-5.6417E-03
-6.0597E-03
-7.3298E-03
-9.4445E-03
-1.2457E-02
-1.6264E-02
-2.0504E-02
-2.4676E-02
-2.8307E-02
-3.1157E-02
-3.3275E-02
-3.4851E-02
-3.6160E-02
-3.7551E-02
-3.9178E-02
-4.0734E-02
-4.1662E-02
-4.1497E-02
-4.0075E-02
-3.7570E-02
-3.4455E-02
-3.1208E-02
-2.8052E-02
-2.4720E-02
-2.0497E-02
-1.4702E-02
-7.2303E-03
1.2318E-03
9.6996E-03
1.7532E-02
2.4538E-02
3.0693E-02
3.5926E-02
4.0118E-02
4.3222E-02
4.5389E-02
4.6833E-02
4.7740E-02
4.8253E-02
4.8465E-02
4.8241E-02
4.7405E-02
4.6002E-02
4.4194E-02
4.2139E-02
3.9834E-02
3.7140E-02
3.4095E-02
3.1171E-02
2.8987E-02
2.8060E-02
2.8582E-02
3.0351E-02
3.2878E-02
3.5489E-02
3.7540E-02
3.8579E-02
3.8515E-02
3.7452E-02
3.5431E-02
3.2488E-02
2.8779E-02
2.4557E-02
1.9972E-02
1.5025E-02
9.7036E-03
4.1362E-03
-1.3579E-03
-6.2817E-03
-1.0041E-02
-1.2075E-02
-1.2059E-02
-1.0208E-02
-7.2341E-03
-4.0845E-03
-1.6204E-03
-4.0217E-04
-5.9215E-04
-1.8767E-03
-3.6478E-03
-5.3125E-03
-6.5815E-03
-7.5514E-03
-8.4193E-03
-9.1715E-03
-9.6076E-03
-9.6624E-03
-9.4863E-03
-9.2173E-03
-8.8017E-03
-8.0961E-03
-7.0384E-03
-5.8320E-03
-5.0324E-03
-5.2906E-03
-7.0730E-03
-1.0457E-02
-1.4947E-02
-1.9457E-02
-2.2821E-02
-2.4373E-02
-2.4101E-02
-2.2394E-02
-1.9718E-02
-1.6449E-02
-1.2940E-02
-9.5505E-03
-6.4550E-03
-3.6911E-03
-1.3901E-03
1.3874E-04
6.0017E-04
-2.1780E-04
-2.3053E-03
-5.5283E-03
-9.6001E-03
-1.3978E-02
-1.8034E-02
-2.1256E-02
-2.3407E-02
-2.4366E-02
-2.3988E-02
-2.2200E-02
-1.9289E-02
-1.5718E-02
-1.1971E-02
-8.5460E-03
-5.8263E-03
-3.9488E-03
-2.7771E-03
-2.1417E-03
-1.9270E-03
-2.0671E-03
-2.4603E-03
-2.6704E-03
-2.0297E-03
-5.0263E-05
3.3812E-03
8.0647E-03
1.3498E-02
1.9075E-02
2.4316E-02
2.8880E-02
3.2627E-02
3.5650E-02
3.8208E-02
4.0470E-02
4.2296E-02
4.3347E-02
4.3200E-02
4.1502E-02
3.8106E-02
3.3099E-02
2.6813E-02
1.9866E-02
1.2940E-02
6.5406E-03
8.2664E-04
-4.2566E-03
-8.7568E-03
-1.2590E-02
-1.5643E-02
-1.7998E-02
-1.9870E-02
-2.1401E-02
-2.2471E-02
-2.2704E-02
-2.1757E-02
-1.9543E-02
-1.6282E-02
-1.2359E-02
-8.2403E-03
-4.3470E-03
-8.8860E-04
2.1794E-03
4.9719E-03
7.4575E-03
9.3376E-03
1.0130E-02
9.3658E-03
6.7120E-03
2.2215E-03
-3.5324E-03
-9.6103E-03
-1.5053E-02
-1.9232E-02
-2.2080E-02
-2.3952E-02
-2.5349E-02
-2.6832E-02
-2.8724E-02
-3.0879E-02
-3.3022E-02
-3.5134E-02
-3.7385E-02
-3.9758E-02
-4.1922E-02
-4.3424E-02
-4.4060E-02
-4.3894E-02
-4.3068E-02
-4.1583E-02
-3.9290E-02
-3.6001E-02
-3.1689E-02
-2.6631E-02
-2.1407E-02
-1.6808E-02
-1.3514E-02
-1.1786E-02
-1.1258E-02
-1.1159E-02
-1.0987E-02
-1.0753E-02
-1.0732E-02
-1.1093E-02
-1.1724E-02
-1.2091E-02
-1.1398E-02
-9.0187E-03
-4.9101E-03
5.0429E-04
6.6318E-03
1.3054E-02
1.9564E-02
2.6092E-02
3.2587E-02
3.8824E-02
4.4513E-02
4.9287E-02
5.2869E-02
5.5274E-02
5.6750E-02
5.7660E-02
5.8201E-02
5.8366E-02
5.7971E-02
5.6778E-02
5.4523E-02
5.0968E-02
4.6033E-02
3.9849E-02
3.2722E-02
2.5050E-02
1.7460E-02
1.0639E-02
4.9567E-03
2.7314E-04
-3.9029E-03
-8.1051E-03
-1.2529E-02
-1.6909E-02
-2.0863E-02
-2.4046E-02
-2.6068E-02
-2.6427E-02
-2.4658E-02
-2.0526E-02
-1.4194E-02
-6.2900E-03
2.3395E-03
1.0813E-02
1.8200E-02
2.3629E-02
2.6493E-02
2.6572E-02
2.4090E-02
1.9708E-02
1.4452E-02
9.3695E-03
5.1687E-03
2.0625E-03
-1.9395E-04
-2.0958E-03
-4.2198E-03
-7.0519E-03
-1.0787E-02
-1.5330E-02
-2.0446E-02
-2.6009E-02
-3.1902E-02
-3.7849E-02
-4.3460E-02
-4.8275E-02
-5.1992E-02
-5.4562E-02
-5.6136E-02
-5.6995E-02
-5.7458E-02
-5.7859E-02
-5.8537E-02
-5.9727E-02
-6.1505E-02
-6.3715E-02
-6.5997E-02
-6.7803E-02
-6.8307E-02
-6.5814E-02
-5.7105E-02
-3.8931E-02
-1.1675E-02
1.9402E-02
4.7644E-02
6.9011E-02
8.3016E-02
9.1729E-02
9.8273E-02
1.0518E-01
1.1334E-01
1.2206E-01
1.2991E-01
1.3558E-01
1.3829E-01
1.3802E-01
1.3522E-01
1.3038E-01
1.2383E-01
1.1601E-01
1.0768E-01
9.9648E-02
9.2410E-02
8.5924E-02
7.9568E-02
7.2285E-02
6.2907E-02
5.0764E-02
3.6056E-02
1.9746E-02
3.1908E-03
-1.2275E-02
-2.5422E-02
-3.5345E-02
-4.1599E-02
-4.4251E-02
-4.3869E-02
-4.1315E-02
-3.7429E-02
-3.2618E-02
-2.6622E-02
-1.8917E-02
-9.2467E-03
2.0685E-03
1.4187E-02
2.6243E-02
3.7708E-02
4.8351E-02
5.7958E-02
6.6330E-02
7.3242E-02
7.8484E-02
8.2067E-02
8.4222E-02
8.5277E-02
8.5589E-02
8.5551E-02
8.5424E-02
8.5351E-02
8.5448E-02
8.5918E-02
8.6878E-02
8.8097E-02
8.9169E-02
8.9700E-02
8.9379E-02
8.7983E-02
8.5389E-02
8.1520E-02
7.6326E-02
6.9749E-02
6.1657E-02
5.2048E-02
4.1211E-02
2.9799E-02
1.8686E-02
8.8285E-03
9.7199E-04
-4.6427E-03
-8.2345E-03
-1.0153E-02
-1.0654E-02
-9.9215E-03
-8.0899E-03
-5.3904E-03
-2.1321E-03
1.2277E-03
4.1062E-03
5.8317E-03
5.5701E-03
2.7136E-03
-2.7566E-03
-1.0157E-02
-1.8462E-02
-2.6690E-02
-3.4033E-02
-3.9831E-02
-4.3552E-02
-4.4807E-02
-4.3296E-02
-3.8941E-02
-3.2103E-02
-2.3601E-02
-1.4275E-02
-4.5726E-03
5.4255E-03
1.5740E-02
2.6183E-02
3.6210E-02
4.5186E-02
5.2721E-02
5.8598E-02
6.2751E-02
6.5283E-02
6.6323E-02
6.5891E-02
6.3922E-02
6.0363E-02
5.5271E-02
4.8956E-02
4.1891E-02
3.4580E-02
2.7546E-02
2.1174E-02
1.5584E-02
1.0692E-02
6.3185E-03
2.2309E-03
-1.8191E-03
-6.0792E-03
-1.0661E-02
-1.5489E-02
-2.0329E-02
-2.4916E-02
-2.9038E-02
-3.2529E-02
-3.5223E-02
-3.6934E-02
-3.7653E-02
-3.7586E-02
-3.6997E-02
-3.6181E-02
-3.5383E-02
-3.4824E-02
-3.4710E-02
-3.5144E-02
-3.6029E-02
-3.7137E-02
-3.8329E-02
-3.9647E-02
-4.1161E-02
-4.3013E-02
-4.5315E-02
-4.7973E-02
-5.0776E-02
-5.3546E-02
-5.6293E-02
-5.9160E-02
-6.2348E-02
-6.5967E-02
-6.9942E-02
-7.4148E-02
-7.8427E-02
-8.2610E-02
-8.6553E-02
-9.0159E-02
-9.3282E-02
-9.5644E-02
-9.6923E-02
-9.6711E-02
-9.4615E-02
-9.0486E-02
-8.4407E-02
-7.6676E-02
-6.7962E-02
-5.9118E-02
-5.0956E-02
-4.3946E-02
-3.8329E-02
-3.4303E-02
-3.1999E-02
-3.1373E-02
-3.2193E-02
-3.4109E-02
-3.6773E-02
-3.9892E-02
-4.3100E-02
-4.5934E-02
-4.8250E-02
-5.0201E-02
-5.1906E-02
-5.3368E-02
-5.4550E-02
-5.5500E-02
-5.6326E-02
-5.7170E-02
-5.8213E-02
-5.9454E-02
-6.0732E-02
-6.1734E-02
-6.2228E-02
-6.2285E-02
-6.1644E-02
-5.8834E-02
-5.1455E-02
-3.8088E-02
-1.9921E-02
-1.4019E-04
1.7873E-02
3.2147E-02
4.2446E-02
4.9572E-02
5.4479E-02
5.7717E-02
5.9224E-02
5.8585E-02
5.5510E-02
5.0198E-02
4.3260E-02
3.5460E-02
2.7527E-02
1.9870E-02
1.2649E-02
5.8701E-03
-5.7953E-04
-6.6263E-03
-1.1889E-02
-1.5625E-02
-1.7003E-02
-1.5288E-02
-1.0265E-02
-2.4479E-03
7.1454E-03
1.7393E-02
2.7566E-02
3.7376E-02
4.6711E-02
5.5428E-02
6.3203E-02
6.9720E-02
7.4869E-02
7.8602E-02
8.0858E-02
8.1669E-02
8.1216E-02
7.9666E-02
7.6986E-02
7.2946E-02
6.7191E-02
5.9408E-02
4.9398E-02
3.7144E-02
2.3050E-02
7.9594E-03
-7.0693E-03
-2.0992E-02
-3.2859E-02
-4.1919E-02
-4.7801E-02
-5.0552E-02
-5.0507E-02
-4.8181E-02
-4.4108E-02
-3.8779E-02
-3.2743E-02
-2.6526E-02
-2.0419E-02
-1.4409E-02
-8.4402E-03
-2.5360E-03
3.1234E-03
8.1517E-03
1.2078E-02
1.4572E-02
1.5810E-02
1.6053E-02
1.5473E-02
1.4282E-02
1.2669E-02
1.0944E-02
9.4526E-03
8.3140E-03
7.4026E-03
6.5773E-03
5.8231E-03
5.2676E-03
5.1724E-03
5.7533E-03
6.9789E-03
8.5867E-03
1.0113E-02
1.0960E-02
1.0625E-02
8.8637E-03
5.7006E-03
1.3816E-03
-3.5944E-03
-8.5198E-03
-1.2683E-02
-1.5436E-02
-1.6319E-02
-1.5144E-02
-1.2115E-02
-7.8498E-03
-3.3401E-03
2.4326E-04
1.8683E-03
9.8831E-04
-2.3503E-03
-7.5108E-03
-1.3463E-02
-1.9280E-02
-2.4341E-02
-2.8280E-02
-3.0912E-02
-3.2227E-02
-3.2446E-02
-3.1889E-02
-3.0921E-02
-2.9638E-02
-2.7881E-02
-2.5505E-02
-2.2479E-02
-1.8894E-02
-1.5040E-02
-1.1422E-02
-8.5860E-03
-6.8285E-03
-5.9920E-03
-5.5236E-03
-4.8559E-03
-3.7400E-03
-2.2289E-03
-5.0986E-04
1.2119E-03
2.7506E-03
3.9497E-03
4.6944E-03
4.8823E-03
4.5369E-03
3.8902E-03
3.2465E-03
2.7642E-03
2.4634E-03
2.2268E-03
1.8565E-03
1.3175E-03
7.6270E-04
4.6411E-04
5.9529E-04
1.0375E-03
1.5011E-03
1.8925E-03
2.4064E-03
3.0617E-03
3.6542E-03
3.8976E-03
3.5704E-03
2.5529E-03
9.7273E-04
-9.1841E-04
-2.9233E-03
-4.8237E-03
-6.4420E-03
-7.6381E-03
-8.1558E-03
-7.6115E-03
-5.8462E-03
-3.2251E-03
-3.3622E-04
2.4728E-03
5.1138E-03
7.5152E-03
9.5635E-03
1.1132E-02
1.2237E-02
1.3016E-02
1.3657E-02
1.4288E-02
1.5026E-02
1.5942E-02
1.6911E-02
1.7729E-02
1.8220E-02
1.8356E-02
1.8229E-02
1.7878E-02
1.7265E-02
1.6291E-02
1.5025E-02
1.3675E-02
1.2363E-02
1.1148E-02
1.0040E-02
8.9270E-03
7.6502E-03
6.1256E-03
4.4744E-03
2.9318E-03
1.6911E-03
7.6491E-04
4.1979E-05
-3.9988E-04
-3.5791E-04
2.4330E-04
1.2799E-03
2.4786E-03
3.4293E-03
3.7380E-03
3.4085E-03
2.8886E-03
2.7735E-03
3.4509E-03
5.0062E-03
7.2585E-03
9.7840E-03
1.2088E-02
1.3813E-02
1.4935E-02
1.5758E-02
1.6668E-02
1.7813E-02
1.9151E-02
2.0593E-02
2.2088E-02
2.3572E-02
2.4895E-02
2.5969E-02
2.6824E-02
2.7598E-02
2.8268E-02
2.8514E-02
2.7958E-02
2.6308E-02
2.3358E-02
1.8777E-02
1.2241E-02
3.8381E-03
-5.8029E-03
-1.5635E-02
-2.4508E-02
-3.1541E-02
-3.6171E-02
-3.8191E-02
-3.7761E-02
-3.5308E-02
-3.1248E-02
-2.5888E-02
-1.9691E-02
-1.3467E-02
-8.0535E-03
-3.9145E-03
-1.0149E-03
1.1133E-03
3.0084E-03
5.0806E-03
7.4939E-03
1.0159E-02
1.2725E-02
1.4900E-02
1.6631E-02
1.7997E-02
1.9028E-02
1.9655E-02
1.9787E-02
1.9366E-02
1.8231E-02
1.5926E-02
1.1800E-02
5.5199E-03
-2.4629E-03
-1.1092E-02
-1.9116E-02
-2.5646E-02
-3.0464E-02
-3.3998E-02
-3.6968E-02
-3.9975E-02
-4.3390E-02
-4.7400E-02
-5.1964E-02
-5.6820E-02
-6.1454E-02
-6.5261E-02
-6.7916E-02
-6.9467E-02
-7.0013E-02
-6.9636E-02
-6.8359E-02
-6.6037E-02
-6.2430E-02
-5.7428E-02
-5.1219E-02
-4.4344E-02
-3.7379E-02
-3.0633E-02
-2.4156E-02
-1.7955E-02
-1.2274E-02
-7.4706E-03
-3.9576E-03
-2.1578E-03
-2.3786E-03
-4.7759E-03
-9.1646E-03
-1.4952E-02
-2.1237E-02
-2.7122E-02
-3.1957E-02
-3.5429E-02
-3.7640E-02
-3.9063E-02
-4.0304E-02
-4.1753E-02
-4.3308E-02
-4.4596E-02
-4.5417E-02
-4.5803E-02
-4.5720E-02
-4.4738E-02
-4.2299E-02
-3.8343E-02
-3.3379E-02
-2.8246E-02
-2.3709E-02
-2.0342E-02
-1.8485E-02
-1.7896E-02
-1.7915E-02
-1.7848E-02
-1.7345E-02
-1.6529E-02
-1.5320E-02
-1.3383E-02
-1.0557E-02
-6.9452E-03
-2.8272E-03
1.4454E-03
5.4723E-03
8.8690E-03
1.1408E-02
1.3158E-02
1.4092E-02
1.3923E-02
1.2252E-02
8.9566E-03
4.4779E-03
-4.7081E-04
-5.1995E-03
-9.1559E-03
-1.2087E-02
-1.3872E-02
-1.4383E-02
-1.3333E-02
-1.0425E-02
-5.5007E-03
1.4405E-03
9.7081E-03
1.8039E-02
2.5269E-02
3.0669E-02
3.3999E-02
3.5401E-02
3.5179E-02
3.3715E-02
3.1499E-02
2.9121E-02
2.7088E-02
2.5759E-02
2.5299E-02
2.5624E-02
2.6603E-02
2.8137E-02
3.0153E-02
3.2505E-02
3.4971E-02
3.7396E-02
3.9684E-02
4.1727E-02
4.3353E-02
4.4304E-02
4.4214E-02
4.2778E-02
3.9903E-02
3.5703E-02
3.0577E-02
2.5234E-02
2.0446E-02
1.6858E-02
1.4966E-02
1.4931E-02
1.6471E-02
1.9007E-02
2.1878E-02
2.4435E-02
2.6155E-02
2.6802E-02
2.6326E-02
2.4809E-02
2.2536E-02
1.9944E-02
1.7406E-02
1.5209E-02
1.3654E-02
1.3027E-02
1.3487E-02
1.4991E-02
1.7290E-02
1.9974E-02
2.2683E-02
2.5095E-02
2.6979E-02
2.8183E-02
2.8678E-02
2.8530E-02
2.7783E-02
2.6479E-02
2.4599E-02
2.2001E-02
1.8408E-02
1.3599E-02
7.6577E-03
1.2723E-03
-4.4467E-03
-8.5979E-03
-1.0713E-02
-1.0699E-02
-8.7217E-03
-5.2041E-03
-6.9941E-04
4.2935E-03
9.3070E-03
1.3784E-02
1.7190E-02
1.9140E-02
1.9453E-02
1.8210E-02
1.5502E-02
1.1470E-02
6.3869E-03
6.5292E-04
-5.1496E-03
-1.0289E-02
-1.4099E-02
-1.6150E-02
-1.6323E-02
-1.4887E-02
-1.2438E-02
-9.6424E-03
-7.0211E-03
-4.8794E-03
-3.4668E-03
-2.9315E-03
-3.2194E-03
-4.1568E-03
-5.6684E-03
-7.6900E-03
-1.0186E-02
-1.2987E-02
-1.5760E-02
-1.8219E-02
-2.0233E-02
-2.1769E-02
-2.2833E-02
-2.3491E-02
-2.3866E-02
-2.4058E-02
-2.4098E-02
-2.4018E-02
-2.3887E-02
-2.3717E-02
-2.3458E-02
-2.2935E-02
-2.1895E-02
-2.0232E-02
-1.7970E-02
-1.5082E-02
-1.1509E-02
-7.3581E-03
-2.8996E-03
1.5219E-03
5.5712E-03
8.9411E-03
1.1455E-02
1.3014E-02
1.3649E-02
1.3542E-02
1.2921E-02
1.2103E-02
1.1510E-02
1.1434E-02
1.1810E-02
1.2294E-02
1.2586E-02
1.2651E-02
1.2651E-02
1.2691E-02
1.2738E-02
1.2794E-02
1.3011E-02
1.3419E-02
1.3770E-02
1.3672E-02
1.2841E-02
1.1087E-02
8.2550E-03
4.4766E-03
2.6359E-04
-3.6141E-03
-6.4028E-03
-7.6978E-03
-7.5438E-03
-6.2714E-03
-4.2439E-03
-1.8273E-03
6.2773E-04
2.9215E-03
4.9357E-03
6.5211E-03
7.6773E-03
8.4912E-03
8.9637E-03
9.2683E-03
9.7521E-03
1.0695E-02
1.2113E-02
1.3829E-02
1.5639E-02
1.7399E-02
1.9046E-02
2.0604E-02
2.2133E-02
2.3626E-02
2.4905E-02
2.5657E-02
2.5608E-02
2.4690E-02
2.3048E-02
2.0914E-02
1.8485E-02
1.5835E-02
1.2919E-02
9.6347E-03
5.8936E-03
1.6655E-03
-2.9734E-03
-7.7354E-03
-1.2282E-02
-1.6368E-02
-1.9829E-02
-2.2590E-02
-2.4571E-02
-2.5598E-02
-2.5390E-02
-2.3738E-02
-2.0456E-02
-1.5429E-02
-8.9105E-03
-1.5295E-03
5.7964E-03
1.2201E-02
1.7073E-02
2.0129E-02
2.1363E-02
2.0972E-02
1.9275E-02
1.6714E-02
1.3785E-02
1.0937E-02
8.4945E-03
6.6337E-03
5.3845E-03
4.6537E-03
4.4021E-03
4.5573E-03
4.8777E-03
4.9610E-03
4.2910E-03
2.5846E-03
-7.6658E-05
-3.3348E-03
-6.7163E-03
-9.6763E-03
-1.1675E-02
-1.2434E-02
-1.2081E-02
-1.0957E-02
-9.5050E-03
-8.1086E-03
-6.9911E-03
-6.3122E-03
-6.0768E-03
-6.1475E-03
-6.3181E-03
-6.5410E-03
-6.9363E-03
-7.4924E-03
-8.0748E-03
-8.5018E-03
-8.7300E-03
-8.8988E-03
-9.1453E-03
-9.3781E-03
-9.2322E-03
-8.3856E-03
-6.8432E-03
-4.8521E-03
-2.9261E-03
-1.6375E-03
-1.2386E-03
-1.5775E-03
-2.3246E-03
-3.2196E-03
-4.1549E-03
-5.1718E-03
-6.2799E-03
-7.2713E-03
-7.9115E-03
-8.0597E-03
-7.6215E-03
-6.5648E-03
-4.8553E-03
-2.4711E-03
5.9033E-04
4.1757E-03
8.0317E-03
1.1858E-02
1.5326E-02
1.8147E-02
2.0272E-02
2.1812E-02
2.2846E-02
2.3411E-02
2.3597E-02
2.3513E-02
2.3176E-02
2.2682E-02
2.2137E-02
2.1593E-02
2.1094E-02
2.0622E-02
2.0033E-02
1.9090E-02
1.7582E-02
1.5283E-02
1.2120E-02
8.2538E-03
3.9383E-03
-6.0180E-04
-5.2229E-03
-9.7447E-03
-1.3865E-02
-1.7158E-02
-1.9245E-02
-1.9988E-02
-1.9390E-02
-1.7367E-02
-1.3837E-02
-8.8252E-03
-2.6268E-03
4.1716E-03
1.0887E-02
1.6846E-02
2.1627E-02
2.5156E-02
2.7493E-02
2.8658E-02
2.8514E-02
2.6896E-02
2.3787E-02
1.9384E-02
1.3908E-02
7.6078E-03
1.0040E-03
-5.2013E-03
-1.0415E-02
-1.4377E-02
-1.7244E-02
-1.9466E-02
-2.1454E-02
-2.3450E-02
-2.5446E-02
-2.7153E-02
-2.8241E-02
-2.8518E-02
-2.7922E-02
-2.6467E-02
-2.4370E-02
-2.2012E-02
-1.9813E-02
-1.8048E-02
-1.6847E-02