2.1510E+03
2.0000E-02
-2.8974E-03
-1.6115E-03
-2.6461E-04
-2.6179E-03
-5.3339E-03
1.0651E-03
4.5237E-03
2.1619E-03
-5.0097E-04
2.0110E-03
5.9404E-03
1.9252E-03
2.6333E-03
5.2521E-03
3.6736E-03
8.3615E-05
-4.1607E-04
3.6424E-03
6.8272E-03
2.3875E-03
-5.4061E-03
-4.5582E-03
2.8768E-03
3.0732E-03
3.4301E-03
2.0064E-03
-1.3233E-03
-1.9088E-03
-2.1345E-04
3.4565E-03
-2.7522E-04
-3.8046E-03
-9.5967E-04
2.5192E-03
4.7882E-03
5.3164E-03
-2.5993E-03
-4.0273E-03
-2.2635E-03
-7.1302E-04
3.2596E-03
-2.2220E-03
-7.1352E-03
-7.3173E-05
6.4275E-03
4.1801E-03
-3.4520E-03
-6.2532E-03
4.2256E-03
8.5162E-03
2.0061E-03
1.6018E-03
4.4749E-03
-1.0361E-03
-4.5665E-03
-3.6837E-03
1.1031E-03
7.9262E-03
3.7716E-03
-2.0244E-03
2.0368E-03
2.3462E-03
1.0840E-03
-4.2931E-04
6.4944E-03
7.3452E-03
-4.0924E-03
-2.9221E-03
-2.3548E-03
4.8136E-03
5.4616E-03
-2.5110E-03
1.0661E-03
6.6995E-03
6.7454E-03
-2.9930E-03
-5.3604E-03
-3.7522E-03
-3.0394E-03
-4.1588E-03
6.7568E-03
6.2036E-03
2.6685E-03
3.3647E-04
-6.3837E-03
2.5056E-03
1.3759E-03
-1.7133E-03
-4.3513E-03
4.5824E-03
6.5204E-03
1.3425E-02
9.7075E-03
-1.6876E-03
-1.4414E-03
1.4638E-03
-4.6656E-04
-7.9803E-04
4.9323E-04
2.1184E-03
9.3224E-03
9.0315E-03
4.9534E-03
-3.6103E-03
-2.9830E-03
-9.4779E-04
-6.0945E-04
-2.4633E-03
-2.6346E-03
-7.8285E-03
-4.2849E-03
4.3403E-03
1.7226E-02
9.0593E-03
-9.2273E-03
6.7702E-03
1.4328E-02
9.2914E-03
1.2710E-03
-1.2104E-02
-1.6702E-02
5.1579E-03
1.7092E-02
1.1941E-02
-4.2970E-05
-3.3500E-02
-2.9149E-02
1.3302E-02
2.2375E-02
7.8796E-03
-1.3569E-02
-1.0261E-02
-4.1711E-04
9.6393E-03
1.8359E-02
1.7128E-04
-2.1943E-02
-2.0887E-02
1.5538E-02
1.7844E-02
1.3962E-03
-6.1176E-03
-4.6414E-03
1.7893E-03
1.6417E-02
7.2531E-03
-3.8023E-02
-4.9830E-02
-1.4561E-02
2.5391E-02
1.9188E-02
-8.6011E-03
-3.0613E-02
-2.2956E-02
1.4807E-02
3.7598E-02
1.9987E-02
-7.6696E-03
-3.8081E-02
-2.3655E-02
3.4165E-02
3.0972E-02
-1.5464E-02
-3.3213E-02
2.0674E-03
2.5978E-02
1.7263E-02
-8.9985E-05
-5.7540E-03
-6.7559E-03
5.9186E-04
3.9357E-03
-2.7512E-03
-4.0479E-03
-1.8381E-03
1.4653E-02
4.5919E-03
-8.0644E-03
-4.6577E-03
1.2718E-02
1.5587E-02
-2.5632E-03
-4.3243E-03
-1.7097E-03
1.4613E-02
1.5441E-02
-5.1480E-03
9.5494E-03
1.9330E-02
4.2618E-03
-2.3747E-02
-1.3354E-02
7.0754E-03
4.1160E-03
1.2963E-02
-9.6373E-04
-3.7841E-03
-4.5360E-03
-9.3808E-04
1.4946E-02
1.2360E-02
-4.7240E-03
-1.0866E-02
-4.3768E-03
2.3813E-03
-5.5773E-03
5.6798E-03
2.3662E-02
1.3370E-02
1.2321E-02
6.7090E-03
-1.3777E-02
-1.6560E-02
-2.8809E-03
-6.3587E-03
-2.9046E-02
-1.4973E-02
-2.8953E-03
-1.2128E-02
-1.3728E-02
2.6561E-03
6.0739E-03
-4.9406E-03
-2.3153E-02
-3.4130E-02
-1.1174E-04
2.4247E-03
-2.4479E-03
-5.2222E-03
-1.7373E-04
9.5787E-03
1.6866E-03
-1.8668E-02
-2.2636E-02
-6.6087E-03
8.1837E-03
6.9734E-04
-2.1487E-03
8.8665E-03
-5.7326E-03
-1.7322E-02
-2.8821E-03
1.4388E-02
3.8707E-03
-1.0170E-02
9.0462E-03
2.0276E-02
7.9304E-03
-1.9842E-02
-6.4410E-04
3.2544E-02
2.3819E-02
2.1309E-02
7.1667E-03
-1.7895E-02
-2.5751E-02
1.2426E-02
1.7122E-02
-5.2447E-03
-1.6506E-03
9.2491E-03
7.8866E-03
6.2497E-03
1.1713E-02
-2.8460E-03
-1.2873E-02
-1.7047E-02
-1.5180E-02
3.7616E-03
1.3774E-02
7.9067E-03
-1.4463E-02
-1.2665E-02
-1.3302E-02
-1.7578E-02
2.1729E-03
5.2215E-04
-3.5194E-03
7.2671E-03
7.9595E-03
2.6908E-03
-1.9162E-02
-1.4398E-02
7.3020E-03
-2.5055E-03
-3.3764E-03
7.2392E-03
1.6892E-02
9.9847E-03
1.3237E-02
1.7629E-02
1.9553E-02
2.6953E-02
1.3159E-02
-1.3196E-02
-9.9757E-03
5.6405E-03
-5.3680E-03
-8.9238E-03
1.1651E-03
-1.3875E-02
-3.5324E-02
-2.2695E-02
-1.0945E-02
-1.2249E-02
3.9522E-03
1.3637E-02
1.1269E-02
6.3377E-03
6.7782E-03
-8.5462E-04
-1.1481E-02
-2.1270E-02
-2.8457E-02
-1.8912E-02
-1.1264E-02
4.9062E-03
1.2424E-02
2.4890E-02
1.5448E-02
-1.0060E-02
-3.7453E-03
8.7272E-03
7.5830E-03
-1.2208E-02
-3.6954E-02
-5.0115E-02
-3.8276E-03
3.3752E-02
9.0387E-03
-2.6992E-02
-1.4905E-02
1.0751E-02
5.6547E-03
9.6108E-03
-1.5157E-03
-6.7229E-03
-8.6661E-03
-1.7089E-02
-2.8062E-02
-6.1211E-04
2.7456E-03
-2.0245E-02
-1.8264E-02
-1.0705E-02
1.3074E-02
4.7525E-03
-2.2556E-02
-2.1891E-02
1.2615E-03
-9.7529E-03
-1.8736E-02
-4.4626E-03
1.6737E-02
3.5892E-02
9.1189E-03
-3.2924E-02
-1.8461E-02
4.0323E-02
3.1839E-02
-2.2427E-02
-3.5331E-02
-3.9269E-04
2.8089E-02
8.1385E-05
-2.0211E-02
-2.1180E-02
-1.5558E-02
-1.6133E-02
1.2882E-02
4.2434E-02
-1.1629E-02
-5.7959E-02
-2.6173E-02
2.9589E-02
5.8548E-02
3.2403E-02
-2.2641E-04
-3.8622E-03
2.7693E-03
1.7880E-02
2.0835E-03
1.5726E-02
1.5782E-02
-7.4180E-04
-1.2078E-04
-6.8331E-03
-6.3731E-03
-3.8210E-02
2.4474E-03
3.3447E-02
5.1460E-03
-1.2132E-02
-4.3885E-02
-7.0342E-02
-4.8191E-02
-9.9419E-03
1.6927E-02
-8.9451E-03
-1.9283E-02
1.1514E-02
2.8543E-02
4.4992E-02
6.8560E-03
-2.5303E-02
-1.8688E-02
-1.3230E-02
-7.5063E-03
1.9810E-02
1.9981E-02
1.1904E-02
2.1101E-02
6.5747E-03
-2.0744E-02
-4.7435E-02
-2.5695E-02
-1.7889E-03
-2.3145E-02
-3.0673E-04
4.4082E-02
4.5795E-02
2.5365E-03
-1.8153E-02
1.0456E-02
2.0948E-02
9.8779E-03
-4.5417E-03
-1.3068E-02
-1.5247E-02
-2.9024E-02
5.3128E-03
1.3172E-02
-2.7872E-02
-4.9455E-02
-2.9787E-02
2.7639E-03
-2.2392E-02
-3.0227E-02
-4.0678E-02
-1.5995E-02
3.8550E-02
5.9363E-02
3.5876E-02
9.4652E-04
-1.9147E-02
-2.2127E-02
4.0581E-03
-2.6690E-03
-3.1376E-02
-6.3710E-03
3.2597E-02
1.3214E-02
-5.8800E-03
3.4743E-03
2.3730E-02
2.4968E-02
6.2969E-03
-6.2296E-03
-1.4225E-02
-1.4752E-02
-1.3310E-02
-1.2446E-02
-7.5964E-03
-2.3902E-02
-1.3901E-02
4.3133E-03
-1.7545E-03
2.3534E-03
-1.9919E-03
-1.2996E-02
8.6468E-03
1.7045E-02
-1.0360E-02
-2.4525E-02
-1.7604E-02
-5.9020E-03
-2.6913E-02
-1.7142E-02
-2.3334E-02
-1.2634E-02
2.3626E-02
5.6325E-04
-2.8035E-02
1.4304E-02
6.4291E-02
4.5918E-02
6.3393E-04
-8.6134E-03
1.5145E-02
1.4611E-02
1.6892E-02
2.2071E-02
-2.2383E-03
-5.7690E-03
8.8801E-04
-1.7037E-02
-3.3576E-02
-2.8786E-02
-2.1843E-02
-4.3318E-02
-2.4538E-02
3.1255E-03
-1.6949E-02
-1.8439E-02
4.2200E-03
1.6172E-02
2.3303E-02
2.5052E-02
8.6448E-03
-1.6840E-02
-3.0100E-02
-3.7930E-03
3.9544E-02
6.5562E-02
3.6480E-02
-3.1967E-02
-4.7972E-02
-5.8838E-03
1.3032E-02
-1.5342E-02
-1.5188E-02
1.0765E-02
8.7154E-03
1.2565E-02
3.7940E-02
6.0671E-02
4.7674E-02
-1.5092E-02
-6.4504E-02
-6.1469E-02
-3.7913E-02
-4.4545E-03
8.7277E-03
-1.2442E-02
2.4280E-02
6.8590E-02
7.1309E-02
1.0039E-02
6.3822E-04
5.1629E-04
-1.9154E-02
-1.9035E-02
-3.8822E-02
-4.6798E-02
-5.3649E-02
-5.4218E-02
-2.5058E-02
3.3430E-02
4.0211E-02
9.2972E-03
-2.1021E-02
9.7501E-03
2.0648E-02
3.1951E-02
1.3053E-02
3.6386E-02
6.4848E-02
6.3434E-02
1.5610E-02
-4.5896E-02
-3.5686E-02
-2.9711E-02
-6.0620E-03
-2.1588E-02
1.2372E-02
2.2631E-02
-2.7125E-02
-3.4743E-02
-2.7805E-02
-1.0433E-02
8.9754E-03
-2.3377E-02
-3.8782E-02
-1.8541E-03
2.6770E-02
-1.4044E-02
1.4603E-03
2.7938E-02
-2.0917E-02
-4.3934E-02
-6.3829E-02
-1.9717E-02
-1.0080E-02
-5.2626E-02
-5.2871E-02
-2.0605E-02
-2.8870E-02
-6.1969E-02
-7.6806E-02
-3.9218E-02
-9.8060E-03
-8.6678E-03
3.0476E-02
6.9433E-02
6.9921E-02
9.2841E-02
4.0692E-02
-3.1480E-02
1.3921E-02
3.1942E-02
5.4802E-02
4.7587E-02
4.6225E-02
6.3206E-02
8.6545E-02
4.3906E-02
9.8668E-03
5.2110E-02
5.4778E-02
-3.2426E-03
-4.5647E-02
-3.6225E-02
-4.5109E-02
-6.8288E-02
-1.1758E-01
-9.9774E-02
3.8592E-03
9.7617E-02
8.3262E-02
5.7274E-02
6.3906E-02
4.1006E-02
1.7078E-03
-3.1245E-02
-1.9135E-02
-1.4576E-02
9.6571E-03
7.1281E-02
5.7492E-02
5.4648E-03
-3.0410E-02
-7.2731E-02
-3.3155E-02
4.9345E-02
1.1192E-01
1.1898E-01
6.6342E-02
2.9385E-02
1.0685E-02
6.6705E-03
2.1925E-02
3.4596E-02
4.9285E-02
9.7987E-02
9.5601E-02
5.7658E-02
8.2795E-02
1.1157E-01
1.1185E-01
1.2575E-01
1.5248E-01
1.5971E-01
1.4445E-01
1.2482E-01
1.0873E-01
6.4798E-02
-1.6718E-02
-6.9883E-02
-6.0234E-02
-2.4469E-02
5.1165E-03
2.2316E-02
5.2995E-02
9.0523E-02
1.0537E-01
8.8241E-02
5.5403E-02
2.2780E-02
-2.4929E-02
-7.2310E-02
-7.9571E-02
-7.5322E-02
-5.4186E-02
-2.7879E-03
2.1178E-02
-1.7010E-02
-1.0278E-01
-1.5317E-01
-1.6039E-01
-1.4837E-01
-1.2011E-01
-1.2421E-01
-1.4137E-01
-1.5589E-01
-1.5719E-01
-1.3477E-01
-8.8460E-02
-2.5680E-02
8.4974E-03
-2.2135E-02
-5.6170E-02
-1.8526E-02
8.3721E-02
2.0241E-01
2.7239E-01
2.7536E-01
1.6366E-01
4.2697E-02
-1.0912E-02
5.2707E-03
8.5366E-02
1.4697E-01
2.1691E-01
2.6998E-01
2.8506E-01
2.9033E-01
2.3700E-01
1.7437E-01
9.7571E-02
1.0617E-02
-1.7209E-03
7.2677E-03
-3.5893E-02
-1.3060E-01
-2.0775E-01
-2.3106E-01
-2.1508E-01
-9.8528E-02
2.9588E-02
2.1419E-02
-5.3159E-02
-9.4637E-02
-1.9137E-02
1.0794E-01
1.6732E-01
1.7958E-01
1.5509E-01
1.2048E-01
1.0692E-01
1.3135E-01
2.0377E-01
2.3371E-01
1.6100E-01
1.7693E-02
-1.0737E-01
-1.7536E-01
-2.0942E-01
-2.2468E-01
-2.3938E-01
-2.5595E-01
-2.4324E-01
-2.2143E-01
-2.3663E-01
-2.4308E-01
-1.9056E-01
-1.5040E-01
-1.9660E-01
-2.7367E-01
-2.9746E-01
-2.2623E-01
-6.5811E-02
1.0073E-01
1.8662E-01
1.5666E-01
6.6000E-02
1.3824E-02
-5.6789E-03
-1.8359E-02
-4.0950E-03
4.2081E-02
1.3380E-01
1.6112E-01
8.9049E-02
1.6714E-02
-5.1472E-02
-4.8356E-02
2.9954E-02
1.0215E-01
1.4006E-01
1.7210E-01
2.0467E-01
1.6245E-01
4.5572E-02
-2.6286E-02
-2.0107E-02
-2.2159E-02
-4.5831E-02
7.3696E-03
1.4575E-01
2.0565E-01
1.6424E-01
1.3940E-01
1.3638E-01
1.2862E-01
1.3441E-01
8.2291E-02
2.9157E-02
4.9072E-02
8.7534E-02
7.6939E-02
5.8171E-02
8.5502E-02
1.3460E-01
1.8831E-01
1.9496E-01
1.8447E-01
1.3187E-01
8.7111E-02
7.6003E-02
7.3169E-02
4.3326E-02
-3.0239E-02
-2.8856E-02
1.2336E-02
3.8547E-02
7.2887E-02
7.2664E-02
-3.1594E-04
-1.2485E-01
-2.3455E-01
-3.0054E-01
-3.5187E-01
-3.9726E-01
-4.3321E-01
-4.4815E-01
-4.6982E-01
-4.7682E-01
-4.3983E-01
-3.8772E-01
-3.5256E-01
-3.3036E-01
-2.9004E-01
-2.3272E-01
-1.8347E-01
-1.4302E-01
-9.8850E-02
-9.4272E-02
-1.0238E-01
-1.1321E-01
-1.2982E-01
-1.4310E-01
-1.4472E-01
-1.1298E-01
-6.9850E-02
-3.0455E-02
5.4082E-03
4.1812E-02
8.4722E-02
1.3042E-01
1.7635E-01
2.1893E-01
2.7158E-01
3.0776E-01
3.2949E-01
3.2846E-01
2.6691E-01
1.7349E-01
7.8559E-02
5.1484E-02
5.6314E-02
2.8496E-02
1.6038E-02
2.5238E-02
5.8594E-02
1.1275E-01
1.3846E-01
1.5437E-01
1.5696E-01
1.1768E-01
5.7364E-02
1.1112E-02
-1.8826E-02
-4.1628E-02
-9.0006E-02
-1.3682E-01
-1.5208E-01
-1.5757E-01
-1.7440E-01
-2.1898E-01
-2.4420E-01
-2.5912E-01
-2.3587E-01
-1.9139E-01
-1.8075E-01
-1.9193E-01
-2.1692E-01
-2.1819E-01
-2.0725E-01
-1.9917E-01
-1.9126E-01
-1.6594E-01
-1.3067E-01
-7.3807E-02
-8.6361E-03
3.7288E-02
5.2191E-02
3.3044E-02
4.2827E-04
-2.3249E-02
-2.3502E-02
-4.0851E-02
-5.8663E-02
-8.8025E-02
-1.3147E-01
-1.6620E-01
-1.4347E-01
-4.7207E-02
2.2671E-02
4.1499E-02
2.9419E-02
1.5574E-02
4.0672E-03
-1.9629E-02
-6.4265E-02
-1.2608E-01
-1.3696E-01
-1.2318E-01
-1.3666E-01
-1.5667E-01
-1.5501E-01
-1.3554E-01
-1.4492E-01
-1.6012E-01
-1.7290E-01
-1.6789E-01
-1.0398E-01
-8.3779E-03
7.2185E-02
1.0435E-01
1.3039E-01
1.8570E-01
2.2078E-01
2.4956E-01
2.7202E-01
2.8441E-01
2.7348E-01
2.2595E-01
1.7619E-01
1.3654E-01
1.1573E-01
8.4192E-02
3.4819E-02
-1.5793E-02
-5.8473E-02
-8.5372E-02
-1.0382E-01
-1.0980E-01
-9.4166E-02
-6.7502E-02
-4.5835E-02
-2.0893E-02
2.8969E-02
9.0946E-02
1.4507E-01
1.5654E-01
1.2407E-01
7.1591E-02
2.3931E-02
-2.2274E-02
-3.9873E-02
-1.1790E-02
2.9780E-03
-1.9647E-02
-5.2862E-02
-6.8828E-02
-7.9045E-02
-8.3758E-02
-7.8268E-02
-7.0104E-02
-4.0150E-02
-6.0152E-03
2.9633E-02
7.4405E-02
1.0129E-01
1.1609E-01
1.0958E-01
9.6678E-02
1.0027E-01
1.1893E-01
1.2577E-01
1.2208E-01
1.1727E-01
8.9878E-02
4.4731E-02
3.8073E-02
7.6392E-02
1.0003E-01
9.9600E-02
8.9646E-02
8.1335E-02
7.9895E-02
8.9302E-02
9.3398E-02
8.3864E-02
6.2018E-02
5.4351E-02
5.7429E-02
6.9292E-02
9.3297E-02
1.2840E-01
1.5502E-01
1.4851E-01
1.4252E-01
1.5153E-01
1.4304E-01
1.2587E-01
1.1215E-01
1.0038E-01
1.2143E-01
1.5396E-01
1.5624E-01
1.2053E-01
5.2382E-02
-4.0193E-02
-1.1565E-01
-1.5173E-01
-1.5506E-01
-1.1857E-01
-6.1546E-02
-3.8686E-02
-3.7945E-02
-2.9871E-02
-1.1250E-02
-2.5155E-03
1.4109E-02
4.2962E-02
6.3413E-02
5.6790E-02
2.8008E-02
1.0030E-02
-7.6162E-03
-2.7396E-02
-4.1874E-02
-3.3647E-02
-2.9979E-02
-3.4000E-02
-1.6618E-02
3.0127E-02
7.1650E-02
5.8976E-02
1.4598E-02
-4.9817E-02
-9.1107E-02
-6.0138E-02
-1.7859E-02
-3.4983E-02
-6.9866E-02
-7.8659E-02
-1.4945E-02
9.5745E-02
1.3781E-01
1.3413E-01
1.3434E-01
1.5193E-01
1.5780E-01
1.4304E-01
1.5073E-01
1.6629E-01
1.6958E-01
1.3940E-01
8.2511E-02
3.6641E-02
2.2187E-02
3.3397E-02
4.3171E-02
2.9086E-02
-9.0547E-03
-5.1005E-02
-9.6024E-02
-1.2763E-01
-1.4758E-01
-1.4612E-01
-1.0586E-01
-4.3039E-02
2.7548E-02
7.9620E-02
8.6522E-02
6.9070E-02
4.7973E-02
3.5193E-02
5.0075E-02
8.6117E-02
1.2721E-01
1.3115E-01
6.9893E-02
1.0077E-02
-2.0925E-02
-4.2196E-02
-2.7060E-02
1.3369E-03
2.4435E-02
6.1896E-03
-1.1576E-02
2.1570E-02
6.3673E-02
8.9862E-02
6.5747E-02
9.4731E-04
-3.9684E-02
-5.3956E-02
-3.1013E-02
6.9711E-03
-6.9561E-03
-5.2389E-02
-9.4843E-02
-1.2420E-01
-1.4092E-01
-1.3328E-01
-1.1478E-01
-1.1711E-01
-1.3075E-01
-1.1725E-01
-1.0095E-01
-1.0219E-01
-1.0258E-01
-9.4720E-02
-9.7204E-02
-1.0209E-01
-1.0070E-01
-1.1423E-01
-1.4431E-01
-1.5152E-01
-1.2329E-01
-7.7879E-02
-3.3336E-03
3.7108E-02
3.8202E-02
3.8250E-02
3.5779E-02
2.0690E-02
2.2013E-02
6.0715E-02
1.1340E-01
1.4799E-01
1.4904E-01
1.2701E-01
1.0414E-01
1.0380E-01
1.1340E-01
1.0048E-01
6.2628E-02
1.5833E-02
-1.2680E-02
5.2172E-03
4.2109E-02
6.7025E-02
5.7613E-02
3.6271E-02
2.4697E-03
-5.3240E-02
-8.8623E-02
-1.1798E-01
-1.4157E-01
-1.4552E-01
-1.2569E-01
-7.5657E-02
-3.1032E-02
-7.9177E-03
6.4091E-04
-5.2426E-03
-5.8234E-03
-2.2609E-02
-4.3344E-02
-2.5405E-02
-4.9344E-03
1.6614E-02
3.6843E-02
1.8488E-02
-1.8477E-02
-3.5829E-02
-5.0989E-02
-6.7604E-02
-6.5314E-02
-5.4478E-02
-1.2035E-02
2.2247E-03
3.6768E-03
2.2897E-02
-3.3799E-03
-3.4525E-02
-2.9658E-02
4.5568E-03
2.2490E-02
-3.9239E-03
1.1402E-02
7.0089E-02
6.4916E-02
2.1753E-02
-1.3973E-02
-4.4114E-02
-8.7022E-02
-8.7038E-02
-7.5830E-02
-8.7785E-02
-4.6712E-02
-9.5909E-03
-3.4922E-03
1.4793E-02
3.5676E-03
-4.0439E-02
-9.5504E-02
-9.5754E-02
-6.4741E-02
-7.2213E-02
-7.9245E-02
-8.7068E-02
-6.7879E-02
-2.6336E-02
-2.3114E-02
-5.5802E-02
-8.2914E-02
-8.7798E-02
-4.9467E-02
-4.3824E-02
-6.2532E-02
-4.2708E-02
-1.2787E-02
1.5085E-02
4.8653E-02
6.2849E-02
2.5120E-02
-5.8237E-03
-4.0506E-03
4.1825E-02
7.6742E-02
8.3971E-02
8.8491E-02
7.0955E-02
3.5210E-02
-1.1149E-02
-4.0565E-02
-2.5960E-03
6.5866E-02
9.6305E-02
8.3797E-02
6.8052E-02
7.5144E-02
6.4693E-02
3.2560E-02
2.1162E-02
5.5308E-02
7.4656E-02
1.8753E-02
-3.5623E-02
-2.4469E-02
1.6181E-02
3.0495E-02
2.2835E-02
1.3258E-02
-1.7540E-03
1.3433E-02
3.1706E-02
3.3641E-02
2.4712E-02
-5.5514E-03
-9.0962E-03
8.5140E-03
3.2680E-02
6.4679E-02
8.0306E-02
7.4577E-02
4.3764E-02
1.3777E-02
2.9100E-02
5.6813E-02
6.6199E-02
5.4207E-02
1.3546E-02
-5.5010E-03
3.6225E-03
1.4850E-02
2.0815E-02
1.1614E-02
-8.8923E-03
-4.4110E-03
2.6810E-02
3.8599E-02
3.4017E-02
5.9683E-02
1.0099E-01
1.2015E-01
1.1573E-01
1.1352E-01
1.3154E-01
1.3067E-01
8.8822E-02
4.5462E-02
3.1912E-02
4.2587E-02
5.8422E-02
5.1567E-02
1.5912E-02
1.7152E-02
4.2119E-02
3.3881E-02
1.2347E-02
-1.3971E-02
-5.4061E-02
-1.0566E-01
-1.3355E-01
-1.3927E-01
-1.4035E-01
-1.2389E-01
-9.4108E-02
-7.8136E-02
-7.7455E-02
-8.1139E-02
-9.2338E-02
-1.0039E-01
-8.9536E-02
-6.1126E-02
-3.6783E-02
-2.9448E-02
-2.4355E-02
-1.4224E-02
-1.5560E-02
-2.0571E-02
-6.5806E-03
1.1318E-02
1.6634E-02
1.2989E-02
1.0974E-02
4.8851E-03
-9.6331E-03
-1.2844E-02
1.7889E-03
9.1657E-03
4.1909E-03
-6.4075E-04
-5.3987E-03
-1.0328E-02
-2.5148E-02
-3.4592E-02
-4.8823E-02
-7.4581E-02
-7.4028E-02
-6.7238E-02
-7.2919E-02
-8.0946E-02
-7.5751E-02
-4.9345E-02
-3.6611E-02
-3.6888E-02
-3.4413E-02
-3.2760E-02
-2.8517E-02
-2.6604E-02
-3.6632E-02
-6.0430E-02
-7.9904E-02
-7.3022E-02
-3.8423E-02
-1.1965E-02
-1.9073E-02
-3.2971E-02
-2.8704E-02
-1.3136E-02
-4.1809E-03
-7.6909E-03
-1.5250E-02
-1.8315E-02
-3.4823E-02
-5.3996E-02
-6.8489E-02
-7.6217E-02
-6.0138E-02
-3.3381E-02
-1.2945E-02
-1.4131E-02
-2.9720E-02
-3.8310E-02
-4.6089E-02
-7.9963E-02
-1.1955E-01
-1.3548E-01
-1.0895E-01
-7.3872E-02
-3.6732E-02
2.8616E-02
7.1110E-02
5.3049E-02
8.1130E-03
6.5568E-04
1.8186E-02
3.0511E-02
5.0894E-02
7.1343E-02
8.7960E-02
8.7142E-02
9.0016E-02
1.1308E-01
1.2070E-01
1.0958E-01
9.4411E-02
8.3859E-02
7.1139E-02
5.8578E-02
6.2009E-02
6.8163E-02
7.4269E-02
9.1520E-02
1.0867E-01
1.1996E-01
1.2625E-01
1.3396E-01
1.2521E-01
1.0189E-01
9.3937E-02
8.6035E-02
7.4012E-02
4.9524E-02
1.0931E-02
-9.8334E-03
1.1399E-04
2.5675E-02
4.1311E-02
3.6212E-02
2.5336E-02
2.2908E-02
3.4167E-02
3.3555E-02
2.0567E-02
1.2558E-02
-1.2254E-02
-3.6153E-02
-2.8377E-02
8.2906E-03
2.6107E-02
2.0226E-02
1.3966E-02
4.1787E-03
5.8166E-03
1.7218E-02
1.8868E-02
2.4984E-02
4.8117E-02
6.6176E-02
5.1198E-02
1.4914E-02
-8.4818E-03
-2.3981E-02
-4.6851E-02
-5.5389E-02
-4.8205E-02
-4.9073E-02
-6.7428E-02
-8.7353E-02
-9.0279E-02
-8.9854E-02
-9.2711E-02
-8.9746E-02
-7.3892E-02
-5.8366E-02
-4.8629E-02
-5.5515E-02
-5.6629E-02
-4.9521E-02
-3.7146E-02
-1.8145E-02
-1.1261E-02
-1.5144E-02
-4.5041E-02
-7.0447E-02
-7.1909E-02
-5.2114E-02
-3.6887E-02
-3.8902E-02
-3.7778E-02
-3.1163E-02
-1.6353E-02
-1.2323E-03
-9.6557E-03
-4.1183E-02
-4.2943E-02
-1.4411E-02
1.5506E-02
2.7223E-02
1.6254E-02
1.7362E-03
-1.5266E-02
-2.0813E-02
4.6687E-03
3.8514E-02
3.8196E-02
-7.5469E-03
-7.8717E-02
-1.3098E-01
-1.1481E-01
-5.9846E-02
-2.4187E-02
9.6445E-03
5.9766E-02
1.1527E-01
1.3407E-01
7.2541E-02
-2.1272E-02
-6.9514E-02
-2.8875E-02
4.2446E-02
7.1376E-02
7.2526E-02
2.1159E-02
-4.4354E-02
-9.7069E-02
-1.3408E-01
-8.5979E-02
-2.5145E-02
6.1209E-03
3.8473E-02
5.3037E-02
-1.5998E-03
-3.6496E-02
-4.3509E-03
-2.5521E-02
-5.9582E-02
-6.4247E-02
-4.7363E-02
2.5572E-02
8.0006E-02
5.1674E-02
-5.8648E-03
-1.9510E-02
2.2739E-02
6.0137E-02
7.5760E-02
8.6790E-02
8.8985E-02
6.3438E-02
2.8408E-02
-1.6741E-03
-2.3810E-02
-1.5231E-02
9.6449E-03
4.5215E-02
7.7409E-02
9.2614E-02
9.2191E-02
5.3566E-02
4.3177E-03
-2.0309E-02
-6.5993E-03
3.7152E-02
7.2273E-02
8.4652E-02
7.6892E-02
5.3801E-02
1.2628E-02
-1.2615E-02
-7.0362E-03
2.0891E-02
2.8116E-02
1.2422E-02
9.7326E-03
1.1363E-02
1.8628E-02
2.5579E-02
5.0422E-03
-3.8635E-02
-6.1409E-02
-4.2737E-02
-1.4840E-02
-1.9001E-03
2.4334E-03
-3.5660E-03
-4.7798E-03
-8.5634E-03
-2.0975E-02
-2.8661E-02
-4.3880E-02
-6.0470E-02
-7.8372E-02
-1.0750E-01
-1.3246E-01
-1.3022E-01
-1.1598E-01
-9.7695E-02
-6.5492E-02
-3.5956E-02
-1.8469E-02
-6.9969E-03
-1.1219E-03
-8.3265E-03
-2.4842E-02
-3.8318E-02
-3.8901E-02
-2.4306E-02
-1.8290E-02
-3.5115E-02
-4.8275E-02
-4.2595E-02
-2.7131E-02
-1.9935E-02
-1.0430E-02
4.9045E-03
1.1879E-02
9.6492E-03
8.1093E-03
1.3445E-02
1.6110E-02
1.5889E-02
1.2946E-02
1.4861E-02
2.1086E-02
2.2932E-02
3.9643E-02
5.5474E-02
4.7279E-02
2.6390E-02
-4.9212E-03
-1.7494E-02
1.0480E-02
4.8468E-02
6.7271E-02
5.7701E-02
3.4772E-02
2.5502E-02
2.7099E-02
2.1358E-02
1.6985E-02
2.8505E-02
5.5376E-02
7.4489E-02
8.3320E-02
6.0097E-02
8.3348E-03
-3.6835E-03
1.6689E-02
3.8565E-02
5.5397E-02
8.0372E-02
1.1039E-01
1.2762E-01
1.3577E-01
1.2821E-01
9.8016E-02
4.9068E-02
6.0811E-03
5.6048E-03
2.8909E-02
4.9257E-02
4.6474E-02
1.2417E-02
-3.1244E-02
-6.3961E-02
-7.8356E-02
-6.9691E-02
-5.7058E-02
-3.3667E-02
-5.5433E-03
2.1351E-03
3.4983E-03
2.6598E-03
-1.3920E-02
-4.1316E-02
-3.8119E-02
-1.4250E-02
-9.9888E-03
-3.0708E-02
-4.9998E-02
-6.1480E-02
-6.5585E-02
-4.7282E-02
-3.2240E-02
-3.3473E-02
-2.5184E-02
-1.0569E-02
-8.0323E-03
-1.4970E-02
-1.9544E-02
-1.6254E-02
-4.5999E-03
-1.4045E-02
-4.0417E-02
-5.6713E-02
-5.1607E-02
-2.8632E-02
-1.9725E-02
-1.2063E-02
-8.3936E-03
-2.0157E-02
-3.6305E-02
-3.3459E-02
-1.1425E-02
1.0345E-02
1.0720E-02
8.9256E-04
3.5914E-03
-1.4737E-02
-4.2783E-02
-3.8962E-02
-1.3173E-02
-1.7004E-02
-2.0861E-02
-9.2591E-04
1.0392E-04
-1.9242E-02
-2.3761E-02
-4.9657E-03
1.3812E-02
2.6171E-02
2.7216E-02
2.1231E-02
1.8095E-02
2.3520E-02
2.3629E-02
2.0372E-02
2.3245E-02
1.7596E-02
1.7820E-03
-2.1928E-02
-4.7084E-02
-6.5951E-02
-7.7981E-02
-7.1196E-02
-5.6121E-02
-4.0964E-02
-3.3841E-02
-2.7256E-02
-2.1072E-02
-3.0135E-02
-3.0177E-02
-3.5511E-02
-4.5179E-02
-4.8194E-02
-4.2734E-02
-2.8590E-02
-6.8021E-03
2.3912E-03
4.8188E-04
1.7165E-04
-6.7878E-03
-1.2661E-02
-9.0773E-03
1.0560E-02
2.9585E-02
3.3650E-02
2.1373E-02
8.8703E-03
5.8387E-03
1.2404E-02
2.0964E-02
2.4379E-02
3.1336E-02
4.0041E-02
4.4830E-02
5.1711E-02
5.1086E-02
5.2020E-02
5.3548E-02
4.9171E-02
5.2868E-02
6.2054E-02
7.2346E-02
8.1707E-02
8.9360E-02
9.0886E-02
7.7385E-02
5.0246E-02
3.1944E-02
3.4232E-02
3.5286E-02
3.4246E-02
4.1160E-02
4.1055E-02
3.1317E-02
2.0957E-02
1.6804E-02
1.4272E-02
1.1776E-02
2.1144E-02
3.1138E-02
2.5577E-02
2.4073E-02
2.5445E-02
7.7865E-03
-1.3188E-02
-1.3161E-02
-2.3031E-03
3.4763E-03
9.2573E-04
-8.3716E-03
-2.3300E-02
-3.5823E-02
-3.0906E-02
-3.0714E-02
-3.7968E-02
-3.8928E-02
-3.5496E-02
-3.3817E-02
-3.2744E-02
-2.5040E-02
-2.2685E-02
-1.8768E-02
-7.5831E-03
2.6666E-03
-2.8645E-03
-1.4464E-02
-6.5317E-03
-3.0926E-03
-4.9224E-03
-5.3302E-03
-4.6719E-03
-1.1419E-02
-2.5211E-02
-2.4909E-02
-2.5547E-02
-3.9743E-02
-4.6972E-02
-4.1308E-02
-4.0540E-02
-4.5126E-02
-5.1040E-02
-5.3189E-02
-4.5613E-02
-2.8775E-02
-1.3553E-02
-1.0524E-02
-1.2387E-02
-1.0984E-02
-3.1130E-03
1.1141E-02
1.4869E-02
8.0251E-03
1.0989E-02
1.9986E-02
2.9486E-02
3.7502E-02
3.7207E-02
3.5376E-02
3.2062E-02
2.3875E-02
9.7671E-03
8.6929E-03
1.2901E-02
9.0046E-03
2.0091E-04
-8.3483E-03
-9.6496E-03
-1.9203E-02
-3.3256E-02
-4.1873E-02
-3.2456E-02
-1.1155E-02
6.8068E-03
2.0043E-02
2.4891E-02
2.3151E-02
2.9284E-02
4.2430E-02
5.1926E-02
4.9586E-02
3.7006E-02
2.6866E-02
2.0279E-02
2.1377E-02
1.7441E-02
9.0596E-03
5.6386E-03
4.0952E-03
4.6938E-03
9.1251E-03
1.8342E-02
2.2598E-02
1.1688E-02
7.4272E-03
9.1711E-03
5.2084E-03
8.6388E-03
1.1693E-02
2.1339E-02
2.4745E-02
1.2898E-02
8.5968E-03
1.2355E-02
8.8014E-03
7.6467E-04
3.1462E-03
9.9711E-03
1.4455E-02
1.2936E-02
-3.4730E-03
-2.0011E-02
-2.5506E-02
-2.8229E-02
-3.0488E-02
-2.7960E-02
-1.8887E-02
-1.1631E-02
-8.1660E-03
3.0081E-03
1.4914E-02
1.0769E-02
-1.9913E-04
-1.0578E-02
-1.2110E-02
-1.6228E-02
-2.5899E-02
-2.3963E-02
-1.5948E-02
-1.6090E-02
-2.7360E-02
-3.4939E-02
-3.1124E-02
-1.7641E-02
-1.7424E-03
7.4236E-03
1.0971E-02
9.7521E-03
2.4033E-03
-3.2755E-05
1.8791E-03
-1.0901E-03
-1.0679E-03
-2.7046E-03
-3.5836E-03
-4.8763E-03
-7.7007E-03
9.4947E-04
-3.1658E-03
-1.9167E-02
-2.5737E-02
-2.2567E-02
-1.2000E-02
-1.3237E-02
-1.7807E-02
-1.7638E-02
-1.3460E-02
-1.0548E-02
-1.1937E-02
-9.0362E-03
-1.2711E-02
-1.5707E-02
-1.5402E-02
-1.2890E-02
-8.3584E-03
-8.7712E-03
-7.3661E-03
-6.9217E-03
-7.0722E-03
2.5195E-03
1.4627E-02
2.2665E-02
2.7712E-02
3.1436E-02
3.0102E-02
2.9601E-02
3.2971E-02
2.7768E-02
2.5670E-02
2.5479E-02
2.8665E-02
3.2039E-02
3.0322E-02
3.4316E-02
3.5442E-02
4.0460E-02
4.5892E-02
4.2940E-02
3.2203E-02
2.7601E-02
3.2376E-02
2.8775E-02
2.5565E-02
2.3858E-02
2.3189E-02
2.3405E-02
1.6863E-02
8.1267E-03
2.9348E-03
3.3916E-03
4.3974E-03
8.3249E-03
1.5610E-02
1.4581E-02
6.2202E-03
-5.1557E-03
-1.5957E-02
-1.8502E-02
-8.0306E-03
7.3951E-03
7.4200E-03
-4.4972E-03
-1.4763E-02
-1.9107E-02
-1.9484E-02
-1.9160E-02
-2.2290E-02
-2.8561E-02
-2.7237E-02
-2.1984E-02
-2.4022E-02
-3.0228E-02
-3.1266E-02
-3.2892E-02
-3.5421E-02
-3.1217E-02
-2.1586E-02
-1.2074E-02
-1.5974E-02
-2.8058E-02
-3.0151E-02
-2.0951E-02
-1.2761E-02
-6.6738E-03
4.1349E-03
1.1949E-02
1.1404E-02
-5.6688E-04
-1.2203E-02
-1.3047E-02
-1.1216E-02
-8.2445E-03
-5.8922E-03
-7.2300E-03
-7.1149E-03
-7.1761E-03
-6.8195E-03
-3.4170E-03
1.1500E-03
7.0400E-03
7.1020E-03
-5.6230E-03
-1.8048E-02
-1.9851E-02
-1.5594E-02
-1.9452E-03
7.1653E-03
6.5268E-04
-9.5851E-03
-1.5686E-02
-1.5802E-02
-1.8154E-02
-2.5883E-02
-2.7303E-02
-1.4653E-02
-9.0215E-04
8.0574E-04
1.2020E-03
3.9828E-03
1.5214E-03
-2.3622E-03
-3.0700E-03
-2.9978E-03
2.4497E-04
7.6200E-03
1.3036E-02
1.5424E-02
1.8997E-02
1.8137E-02
1.0814E-02
6.0398E-03
5.0317E-03
6.7127E-03
9.5284E-03
1.1808E-02
1.3215E-02
1.1437E-02
1.0398E-02
1.1253E-02
1.4107E-02
1.5375E-02
1.2310E-02
8.7341E-03
8.2383E-03
8.8878E-03
8.4688E-03
8.4246E-03
9.3015E-03
1.0169E-02
5.6310E-03
2.8958E-05
-4.8546E-03
-6.1303E-03
-4.1994E-03
-6.5447E-03
-1.1181E-02
-1.4933E-02
-1.5080E-02
-1.3657E-02
-1.4806E-02
-1.7018E-02
-1.7530E-02
-1.5311E-02
-1.4442E-02
-1.5463E-02
-1.2900E-02
-1.0989E-02
-1.0101E-02
-1.2572E-02
-1.4551E-02
-1.3418E-02
-1.2789E-02
-1.1493E-02
-1.1271E-02
-1.0520E-02
-9.9259E-03
-1.1128E-02
-1.0928E-02
-1.0012E-02
-8.9310E-03
-6.6933E-03
-5.5010E-03
-4.1451E-03
-3.2114E-03
-2.9483E-03
-2.6601E-03
-1.5623E-03
-8.8717E-04
-1.8403E-03
-3.4322E-03
-3.4018E-03
-2.2860E-03
-2.1023E-03
-2.1261E-03
-6.1404E-04
1.5391E-03
2.1770E-03
2.0322E-03
1.5876E-03
1.6877E-03
2.5168E-03
2.8796E-03
3.2339E-03
4.2354E-03
4.9373E-03
4.7771E-03
3.9039E-03
3.2101E-03
3.7731E-03
4.2670E-03
4.0113E-03
4.2113E-03
4.7010E-03
5.1881E-03
5.5176E-03
5.8964E-03
5.8768E-03
5.6843E-03
5.2504E-03
4.8857E-03
4.9893E-03
4.6889E-03
4.4458E-03
4.3466E-03
4.2213E-03
4.2528E-03
4.1618E-03
3.9010E-03
3.5985E-03
3.3925E-03
3.2895E-03
3.3043E-03
3.1869E-03
2.9750E-03
2.8923E-03
2.8338E-03
2.7667E-03
2.5988E-03
2.3606E-03
2.1555E-03
2.0098E-03