5.4010E+03
5.0000E-03
-1.0834E-03
-1.0722E-03
-1.0606E-03
-1.0490E-03
-1.0373E-03
-1.0257E-03
-1.0138E-03
-1.0018E-03
-9.9014E-04
-9.7918E-04
-9.6854E-04
-9.5723E-04
-9.4459E-04
-9.3079E-04
-9.1643E-04
-9.0301E-04
-8.9315E-04
-8.8846E-04
-8.8773E-04
-8.8759E-04
-8.8401E-04
-8.7468E-04
-8.6068E-04
-8.4582E-04
-8.3110E-04
-8.1306E-04
-7.9157E-04
-7.7045E-04
-7.5115E-04
-7.3399E-04
-7.2097E-04
-7.1431E-04
-7.1300E-04
-7.0860E-04
-6.8998E-04
-6.5408E-04
-6.0568E-04
-5.5445E-04
-5.1496E-04
-5.0022E-04
-5.0859E-04
-5.2953E-04
-5.5978E-04
-5.9680E-04
-6.3182E-04
-6.5644E-04
-6.6754E-04
-6.6764E-04
-6.6061E-04
-6.4569E-04
-6.1999E-04
-5.8352E-04
-5.4369E-04
-5.1373E-04
-5.0365E-04
-5.1072E-04
-5.1363E-04
-4.8387E-04
-4.0436E-04
-2.8619E-04
-1.6104E-04
-5.1307E-05
3.4360E-05
9.9566E-05
1.6172E-04
2.4423E-04
3.5837E-04
4.9512E-04
6.2903E-04
7.3346E-04
7.9849E-04
8.3355E-04
8.5954E-04
8.9181E-04
9.2660E-04
9.3716E-04
9.0719E-04
8.5264E-04
7.8706E-04
7.1079E-04
6.3552E-04
5.7491E-04
5.2186E-04
4.6293E-04
3.8714E-04
2.6354E-04
3.9018E-05
-3.3149E-04
-8.2448E-04
-1.3127E-03
-1.6575E-03
-1.7951E-03
-1.7310E-03
-1.5292E-03
-1.2859E-03
-1.0736E-03
-8.9249E-04
-7.3608E-04
-6.3278E-04
-5.9948E-04
-6.1671E-04
-6.3813E-04
-6.3677E-04
-6.3257E-04
-6.2583E-04
-5.8278E-04
-5.1150E-04
-4.4163E-04
-3.5604E-04
-2.4635E-04
-1.4477E-04
-2.2924E-05
1.9765E-04
4.9022E-04
7.1159E-04
6.9925E-04
3.7930E-04
-1.8492E-04
-8.7936E-04
-1.5617E-03
-2.0356E-03
-2.2155E-03
-2.2730E-03
-2.3690E-03
-2.4710E-03
-2.5231E-03
-2.5136E-03
-2.4263E-03
-2.2588E-03
-2.0492E-03
-1.8707E-03
-1.7954E-03
-1.8317E-03
-1.9081E-03
-1.9226E-03
-1.8793E-03
-1.9353E-03
-2.2059E-03
-2.6633E-03
-3.1813E-03
-3.5472E-03
-3.5161E-03
-2.9732E-03
-2.0228E-03
-9.0520E-04
1.3830E-04
1.0242E-03
1.7398E-03
2.2389E-03
2.5199E-03
2.6732E-03
2.8409E-03
3.1560E-03
3.6648E-03
4.3130E-03
4.9764E-03
5.5280E-03
5.8770E-03
5.9768E-03
5.8582E-03
5.6213E-03
5.3232E-03
4.9347E-03
4.4445E-03
3.8778E-03
3.2467E-03
2.6093E-03
2.0796E-03
1.6636E-03
1.2096E-03
5.4906E-04
-3.8964E-04
-1.5046E-03
-2.5663E-03
-3.3275E-03
-3.6371E-03
-3.4765E-03
-2.9117E-03
-2.0800E-03
-1.1511E-03
-2.7934E-04
4.5884E-04
1.1233E-03
1.8081E-03
2.4725E-03
3.0578E-03
3.5945E-03
4.0507E-03
4.2961E-03
4.2378E-03
3.8419E-03
3.0927E-03
2.0470E-03
8.5841E-04
-2.8881E-04
-1.2657E-03
-2.1018E-03
-2.9745E-03
-4.0714E-03
-5.3199E-03
-6.4005E-03
-7.1717E-03
-7.7169E-03
-8.1007E-03
-8.3047E-03
-8.2590E-03
-7.9772E-03
-7.5588E-03
-7.0376E-03
-6.4981E-03
-6.2104E-03
-6.3517E-03
-6.8062E-03
-7.3294E-03
-7.6418E-03
-7.4591E-03
-6.6306E-03
-5.2811E-03
-3.7840E-03
-2.6100E-03
-2.0867E-03
-2.2678E-03
-2.9281E-03
-3.7243E-03
-4.4252E-03
-5.0676E-03
-5.7575E-03
-6.3587E-03
-6.7226E-03
-6.8790E-03
-6.8326E-03
-6.5301E-03
-5.9595E-03
-5.0808E-03
-3.8126E-03
-2.2473E-03
-6.1972E-04
9.8057E-04
2.6059E-03
4.3272E-03
6.0955E-03
7.7376E-03
9.1024E-03
1.0098E-02
1.0639E-02
1.0529E-02
9.5972E-03
8.0540E-03
6.3805E-03
4.9644E-03
3.9176E-03
3.1834E-03
2.8776E-03
3.1653E-03
4.0277E-03
5.4441E-03
7.4327E-03
9.8046E-03
1.2171E-02
1.4172E-02
1.5584E-02
1.6302E-02
1.6200E-02
1.5266E-02
1.3792E-02
1.2200E-02
1.0814E-02
9.7969E-03
9.2214E-03
9.1799E-03
9.7242E-03
1.0798E-02
1.2247E-02
1.3823E-02
1.5238E-02
1.6147E-02
1.6223E-02
1.5325E-02
1.3535E-02
1.1025E-02
8.0774E-03
5.0479E-03
2.2076E-03
-3.6674E-04
-2.8036E-03
-5.1545E-03
-7.1680E-03
-8.5429E-03
-9.1828E-03
-9.2334E-03
-8.8516E-03
-7.9774E-03
-6.6515E-03
-5.1778E-03
-3.8891E-03
-2.9995E-03
-2.5286E-03
-2.3572E-03
-2.2723E-03
-1.9672E-03
-1.2305E-03
-1.6992E-04
9.6632E-04
1.9910E-03
2.7851E-03
3.2745E-03
3.4155E-03
3.2247E-03
2.7234E-03
1.7709E-03
1.6149E-04
-2.0892E-03
-4.6248E-03
-6.9065E-03
-8.6607E-03
-9.9412E-03
-1.0822E-02
-1.1308E-02
-1.1341E-02
-1.0883E-02
-9.9553E-03
-8.5771E-03
-6.7718E-03
-4.5926E-03
-2.2007E-03
1.5391E-04
2.3141E-03
4.3978E-03
6.7688E-03
9.6045E-03
1.2663E-02
1.5413E-02
1.7456E-02
1.8754E-02
1.9252E-02
1.8858E-02
1.7703E-02
1.6102E-02
1.4377E-02
1.2712E-02
1.1230E-02
1.0132E-02
9.5886E-03
9.6264E-03
1.0168E-02
1.1053E-02
1.2049E-02
1.2805E-02
1.2944E-02
1.2327E-02
1.1044E-02
9.2045E-03
6.9140E-03
4.2845E-03
1.4285E-03
-1.4669E-03
-4.1016E-03
-6.1551E-03
-7.4112E-03
-7.8163E-03
-7.4267E-03
-6.2837E-03
-4.4581E-03
-2.1115E-03
5.1237E-04
3.1464E-03
5.5572E-03
7.3426E-03
8.0218E-03
7.5248E-03
6.1908E-03
4.4112E-03
2.4219E-03
3.2038E-04
-1.7126E-03
-3.4075E-03
-4.5777E-03
-5.2579E-03
-5.6154E-03
-5.6389E-03
-5.2420E-03
-4.4780E-03
-3.5226E-03
-2.5923E-03
-1.8417E-03
-1.3455E-03
-1.0875E-03
-9.3522E-04
-6.8833E-04
-2.0948E-04
5.5170E-04
1.6014E-03
2.9770E-03
4.7426E-03
6.8966E-03
9.2803E-03
1.1566E-02
1.3365E-02
1.4397E-02
1.4650E-02
1.4297E-02
1.3527E-02
1.2474E-02
1.1197E-02
9.6604E-03
7.8316E-03
5.7392E-03
3.4546E-03
1.1756E-03
-6.7692E-04
-1.6936E-03
-1.7347E-03
-9.2768E-04
4.3223E-04
2.0901E-03
3.9385E-03
6.0051E-03
8.2458E-03
1.0483E-02
1.2536E-02
1.4315E-02
1.5800E-02
1.6849E-02
1.7262E-02
1.7009E-02
1.6264E-02
1.5282E-02
1.4234E-02
1.3173E-02
1.2093E-02
1.0977E-02
9.8117E-03
8.6018E-03
7.3129E-03
5.8165E-03
4.0949E-03
2.3689E-03
8.6213E-04
-3.5138E-04
-1.3311E-03
-2.1902E-03
-3.0116E-03
-3.8482E-03
-4.6779E-03
-5.3399E-03
-5.7319E-03
-5.9634E-03
-6.1468E-03
-6.2611E-03
-6.1799E-03
-5.7226E-03
-4.7222E-03
-3.1162E-03
-9.8494E-04
1.4999E-03
4.0987E-03
6.5417E-03
8.5363E-03
9.8674E-03
1.0592E-02
1.1046E-02
1.1672E-02
1.2796E-02
1.4472E-02
1.6496E-02
1.8565E-02
2.0489E-02
2.2190E-02
2.3666E-02
2.4954E-02
2.6034E-02
2.6728E-02
2.6742E-02
2.5797E-02
2.3745E-02
2.0596E-02
1.6451E-02
1.1572E-02
6.3271E-03
9.5429E-04
-4.4159E-03
-9.6348E-03
-1.4486E-02
-1.8699E-02
-2.2022E-02
-2.4336E-02
-2.5702E-02
-2.6251E-02
-2.6085E-02
-2.5309E-02
-2.4098E-02
-2.2685E-02
-2.1338E-02
-2.0271E-02
-1.9527E-02
-1.8998E-02
-1.8526E-02
-1.7900E-02
-1.6892E-02
-1.5398E-02
-1.3450E-02
-1.1100E-02
-8.3827E-03
-5.3400E-03
-2.0982E-03
1.1149E-03
4.0562E-03
6.4738E-03
8.1386E-03
8.9349E-03
8.9094E-03
8.1965E-03
6.8890E-03
5.0036E-03
2.7600E-03
6.9787E-04
-5.3826E-04
-5.6647E-04
5.1446E-04
2.4104E-03
4.7298E-03
6.9087E-03
8.4161E-03
8.9965E-03
8.6110E-03
7.3609E-03
5.3947E-03
2.7711E-03
-5.6557E-04
-4.4915E-03
-8.6570E-03
-1.2730E-02
-1.6269E-02
-1.8665E-02
-1.9418E-02
-1.8417E-02
-1.6032E-02
-1.2845E-02
-9.3030E-03
-5.6267E-03
-1.8492E-03
2.1229E-03
6.2897E-03
1.0426E-02
1.4181E-02
1.7179E-02
1.9124E-02
1.9953E-02
1.9839E-02
1.8986E-02
1.7600E-02
1.5906E-02
1.4159E-02
1.2584E-02
1.1282E-02
1.0203E-02
9.1832E-03
8.0497E-03
6.6969E-03
5.0932E-03
3.2811E-03
1.3534E-03
-6.3844E-04
-2.7268E-03
-4.9629E-03
-7.2819E-03
-9.4431E-03
-1.1238E-02
-1.2617E-02
-1.3576E-02
-1.4091E-02
-1.4108E-02
-1.3636E-02
-1.2804E-02
-1.1797E-02
-1.0817E-02
-1.0024E-02
-9.5473E-03
-9.5279E-03
-1.0126E-02
-1.1276E-02
-1.2541E-02
-1.3498E-02
-1.3948E-02
-1.3783E-02
-1.2981E-02
-1.1610E-02
-9.7004E-03
-7.2426E-03
-4.3106E-03
-1.1099E-03
2.0754E-03
4.9557E-03
7.3409E-03
9.2209E-03
1.0568E-02
1.1221E-02
1.1217E-02
1.0860E-02
1.0378E-02
9.9473E-03
9.7292E-03
9.7659E-03
9.9896E-03
1.0342E-02
1.0757E-02
1.1111E-02
1.1225E-02
1.0943E-02
1.0249E-02
9.1508E-03
7.6089E-03
5.7435E-03
3.8884E-03
2.4060E-03
1.4594E-03
9.2018E-04
5.8206E-04
3.1096E-04
8.1158E-05
-1.5688E-04
-5.4775E-04
-1.2039E-03
-2.1308E-03
-3.2374E-03
-4.4087E-03
-5.5667E-03
-6.6522E-03
-7.6120E-03
-8.4117E-03
-9.0645E-03
-9.6616E-03
-1.0392E-02
-1.1523E-02
-1.3305E-02
-1.5780E-02
-1.8701E-02
-2.1695E-02
-2.4394E-02
-2.6532E-02
-2.7960E-02
-2.8590E-02
-2.8275E-02
-2.6944E-02
-2.4797E-02
-2.2103E-02
-1.9046E-02
-1.5924E-02
-1.3007E-02
-1.0165E-02
-7.1776E-03
-4.1129E-03
-1.2962E-03
9.2752E-04
2.5140E-03
3.7106E-03
4.8311E-03
5.9491E-03
6.9551E-03
7.8122E-03
8.4289E-03
8.5669E-03
8.0537E-03
6.9375E-03
5.4641E-03
3.8450E-03
2.1073E-03
2.6268E-04
-1.6422E-03
-3.6159E-03
-5.6762E-03
-7.7380E-03
-9.5041E-03
-1.0613E-02
-1.0929E-02
-1.0471E-02
-9.2787E-03
-7.4164E-03
-5.0102E-03
-2.2221E-03
7.5466E-04
3.7514E-03
6.7198E-03
9.7677E-03
1.3092E-02
1.6653E-02
2.0111E-02
2.3280E-02
2.6140E-02
2.8514E-02
3.0284E-02
3.1578E-02
3.2554E-02
3.3200E-02
3.3245E-02
3.2449E-02
3.0788E-02
2.8248E-02
2.4835E-02
2.0675E-02
1.5909E-02
1.0645E-02
5.1757E-03
-9.5646E-05
-4.9897E-03
-9.4881E-03
-1.3618E-02
-1.7476E-02
-2.1177E-02
-2.4722E-02
-2.7917E-02
-3.0383E-02
-3.1691E-02
-3.1559E-02
-3.0016E-02
-2.7407E-02
-2.4181E-02
-2.0555E-02
-1.6447E-02
-1.1635E-02
-6.1174E-03
-2.4028E-04
5.7368E-03
1.1754E-02
1.7677E-02
2.3364E-02
2.8871E-02
3.4347E-02
3.9796E-02
4.4864E-02
4.8948E-02
5.1596E-02
5.2669E-02
5.2298E-02
5.0713E-02
4.8083E-02
4.4523E-02
4.0141E-02
3.5008E-02
2.9261E-02
2.3151E-02
1.6966E-02
1.0986E-02
5.4987E-03
7.1677E-04
-3.3567E-03
-6.7728E-03
-9.4485E-03
-1.1313E-02
-1.2449E-02
-1.3102E-02
-1.3549E-02
-1.3862E-02
-1.4055E-02
-1.4236E-02
-1.4527E-02
-1.4983E-02
-1.5574E-02
-1.6168E-02
-1.6551E-02
-1.6532E-02
-1.6030E-02
-1.5029E-02
-1.3581E-02
-1.1861E-02
-1.0067E-02
-8.2409E-03
-6.3096E-03
-4.2204E-03
-2.0842E-03
-1.1341E-04
1.6309E-03
3.2068E-03
4.6266E-03
5.7826E-03
6.4804E-03
6.6192E-03
6.2004E-03
5.1652E-03
3.4928E-03
1.3323E-03
-9.9679E-04
-3.1154E-03
-4.7896E-03
-5.9427E-03
-6.5271E-03
-6.4997E-03
-5.8479E-03
-4.6989E-03
-3.3230E-03
-1.9575E-03
-7.1485E-04
4.6032E-04
1.6770E-03
2.9702E-03
4.3011E-03
5.6346E-03
7.0594E-03
8.7417E-03
1.0770E-02
1.3064E-02
1.5413E-02
1.7688E-02
1.9891E-02
2.1996E-02
2.3908E-02
2.5528E-02
2.6862E-02
2.7986E-02
2.8767E-02
2.8920E-02
2.8374E-02
2.7295E-02
2.5943E-02
2.4711E-02
2.4004E-02
2.3865E-02
2.4006E-02
2.4192E-02
2.4271E-02
2.4113E-02
2.3614E-02
2.2716E-02
2.1443E-02
1.9882E-02
1.8095E-02
1.6097E-02
1.3874E-02
1.1547E-02
9.4194E-03
7.7581E-03
6.7135E-03
6.3996E-03
6.8961E-03
8.2349E-03
1.0339E-02
1.2980E-02
1.5787E-02
1.8436E-02
2.1023E-02
2.3787E-02
2.6557E-02
2.8876E-02
3.0298E-02
3.0514E-02
2.9444E-02
2.7255E-02
2.4274E-02
2.0732E-02
1.6794E-02
1.2605E-02
8.3210E-03
4.1609E-03
4.5305E-04
-2.4462E-03
-4.3423E-03
-5.2053E-03
-5.0788E-03
-4.0800E-03
-2.4199E-03
-4.3803E-04
1.5059E-03
3.2833E-03
4.7277E-03
5.3651E-03
4.9036E-03
3.5818E-03
1.8546E-03
1.2913E-04
-1.3789E-03
-2.6158E-03
-3.5938E-03
-4.2856E-03
-4.5536E-03
-4.2089E-03
-3.0655E-03
-9.6321E-04
2.0807E-03
5.7519E-03
9.5736E-03
1.3205E-02
1.6661E-02
2.0170E-02
2.3668E-02
2.6762E-02
2.9050E-02
3.0196E-02
2.9986E-02
2.8525E-02
2.6212E-02
2.3349E-02
2.0123E-02
1.6778E-02
1.3640E-02
1.1003E-02
8.9888E-03
7.4674E-03
6.1069E-03
4.5211E-03
2.5082E-03
8.9256E-05
-2.5934E-03
-5.4994E-03
-8.7120E-03
-1.2021E-02
-1.4816E-02
-1.6415E-02
-1.6361E-02
-1.4655E-02
-1.1704E-02
-8.0607E-03
-4.1531E-03
-1.2098E-04
4.2056E-03
9.0322E-03
1.4237E-02
1.9408E-02
2.4012E-02
2.7489E-02
2.9460E-02
3.0011E-02
2.9551E-02
2.8348E-02
2.6563E-02
2.4308E-02
2.1568E-02
1.8298E-02
1.4593E-02
1.0730E-02
7.0589E-03
3.8851E-03
1.3126E-03
-8.7586E-04
-2.9655E-03
-4.9003E-03
-6.4302E-03
-7.4104E-03
-8.0029E-03
-8.5778E-03
-9.3599E-03
-1.0474E-02
-1.2018E-02
-1.3907E-02
-1.5880E-02
-1.7733E-02
-1.9355E-02
-2.0696E-02
-2.1747E-02
-2.2451E-02
-2.2536E-02
-2.1684E-02
-1.9882E-02
-1.7327E-02
-1.4222E-02
-1.0782E-02
-7.2481E-03
-3.7873E-03
-3.7149E-04
3.2518E-03
7.1923E-03
1.1216E-02
1.4968E-02
1.8116E-02
2.0421E-02
2.1822E-02
2.2390E-02
2.2115E-02
2.0917E-02
1.8818E-02
1.5895E-02
1.2196E-02
7.9888E-03
3.7676E-03
-1.8887E-04
-3.8904E-03
-7.4322E-03
-1.0707E-02
-1.3352E-02
-1.5167E-02
-1.6197E-02
-1.6409E-02
-1.5702E-02
-1.3993E-02
-1.1302E-02
-7.7688E-03
-3.5678E-03
1.1248E-03
6.1813E-03
1.1410E-02
1.6491E-02
2.1066E-02
2.4880E-02
2.7899E-02
3.0188E-02
3.1801E-02
3.3007E-02
3.4241E-02
3.5689E-02
3.7383E-02
3.9487E-02
4.2226E-02
4.5635E-02
4.9239E-02
5.2305E-02
5.4490E-02
5.5758E-02
5.6093E-02
5.5422E-02
5.3700E-02
5.1098E-02
4.8017E-02
4.4896E-02
4.1966E-02
3.9181E-02
3.6420E-02
3.3631E-02
3.0828E-02
2.7831E-02
2.4214E-02
1.9831E-02
1.4996E-02
1.0147E-02
5.5326E-03
1.0650E-03
-3.3768E-03
-7.7735E-03
-1.2071E-02
-1.6039E-02
-1.9138E-02
-2.0774E-02
-2.0656E-02
-1.9018E-02
-1.6553E-02
-1.4065E-02
-1.2310E-02
-1.1763E-02
-1.2341E-02
-1.3553E-02
-1.4970E-02
-1.6291E-02
-1.7313E-02
-1.7911E-02
-1.8042E-02
-1.7784E-02
-1.7393E-02
-1.7270E-02
-1.7822E-02
-1.9262E-02
-2.1417E-02
-2.3813E-02
-2.5928E-02
-2.7391E-02
-2.7988E-02
-2.7489E-02
-2.5841E-02
-2.3368E-02
-2.0585E-02
-1.7901E-02
-1.5439E-02
-1.3268E-02
-1.1736E-02
-1.1220E-02
-1.1846E-02
-1.3469E-02
-1.5762E-02
-1.8430E-02
-2.1169E-02
-2.3634E-02
-2.5483E-02
-2.6288E-02
-2.5452E-02
-2.2608E-02
-1.7952E-02
-1.2059E-02
-5.5580E-03
1.2892E-03
8.4549E-03
1.5952E-02
2.3852E-02
3.2056E-02
3.9903E-02
4.6535E-02
5.1486E-02
5.4546E-02
5.5755E-02
5.5710E-02
5.5195E-02
5.4399E-02
5.3040E-02
5.0756E-02
4.7427E-02
4.3264E-02
3.8608E-02
3.3742E-02
2.8783E-02
2.3832E-02
1.8951E-02
1.4007E-02
8.8741E-03
3.6813E-03
-1.2139E-03
-5.4953E-03
-9.2465E-03
-1.2690E-02
-1.5864E-02
-1.8899E-02
-2.2042E-02
-2.5288E-02
-2.8496E-02
-3.1656E-02
-3.4783E-02
-3.7739E-02
-4.0147E-02
-4.1535E-02
-4.1624E-02
-4.0503E-02
-3.8588E-02
-3.6300E-02
-3.3966E-02
-3.1798E-02
-2.9939E-02
-2.8439E-02
-2.7135E-02
-2.5729E-02
-2.4051E-02
-2.2035E-02
-1.9659E-02
-1.7086E-02
-1.4691E-02
-1.2872E-02
-1.1783E-02
-1.1171E-02
-1.0690E-02
-1.0176E-02
-9.5039E-03
-8.5597E-03
-7.3379E-03
-5.8101E-03
-3.8488E-03
-1.5057E-03
9.0175E-04
3.0430E-03
4.7271E-03
5.9783E-03
6.9588E-03
7.8346E-03
8.6686E-03
9.3948E-03
9.8130E-03
9.5198E-03
8.0289E-03
5.3089E-03
1.9369E-03
-1.2992E-03
-3.5024E-03
-3.8107E-03
-1.8627E-03
1.8636E-03
6.1124E-03
9.3468E-03
1.0694E-02
1.0464E-02
9.9936E-03
1.0514E-02
1.2559E-02
1.6131E-02
2.0691E-02
2.5199E-02
2.8369E-02
2.9206E-02
2.7687E-02
2.4613E-02
2.0854E-02
1.7182E-02
1.4240E-02
1.2563E-02
1.2477E-02
1.3899E-02
1.6495E-02
1.9963E-02
2.4001E-02
2.8190E-02
3.1949E-02
3.4554E-02
3.5284E-02
3.3600E-02
2.9416E-02
2.3462E-02
1.6963E-02
1.0596E-02
4.4024E-03
-1.9379E-03
-8.6213E-03
-1.5430E-02
-2.1848E-02
-2.7250E-02
-3.1169E-02
-3.3516E-02
-3.4618E-02
-3.4973E-02
-3.5107E-02
-3.5390E-02
-3.5909E-02
-3.6464E-02
-3.6855E-02
-3.7018E-02
-3.6891E-02
-3.6416E-02
-3.5591E-02
-3.4503E-02
-3.3294E-02
-3.2049E-02
-3.0768E-02
-2.9354E-02
-2.7553E-02
-2.4950E-02
-2.1134E-02
-1.6030E-02
-1.0192E-02
-4.3507E-03
1.2180E-03
6.4533E-03
1.1326E-02
1.5989E-02
2.0517E-02
2.4478E-02
2.7176E-02
2.8026E-02
2.6729E-02
2.3286E-02
1.7825E-02
1.0824E-02
3.0699E-03
-4.9276E-03
-1.3052E-02
-2.1060E-02
-2.8650E-02
-3.5824E-02
-4.2601E-02
-4.8705E-02
-5.3593E-02
-5.6785E-02
-5.8264E-02
-5.8235E-02
-5.6773E-02
-5.3998E-02
-5.0244E-02
-4.5974E-02
-4.1581E-02
-3.7103E-02
-3.2394E-02
-2.7438E-02
-2.2618E-02
-1.8547E-02
-1.5611E-02
-1.3941E-02
-1.3468E-02
-1.3818E-02
-1.4363E-02
-1.4487E-02
-1.3635E-02
-1.1381E-02
-7.6910E-03
-3.0286E-03
1.8588E-03
6.4183E-03
1.0830E-02
1.5491E-02
2.0419E-02
2.5276E-02
2.9532E-02
3.2672E-02
3.4390E-02
3.4717E-02
3.4034E-02
3.2898E-02
3.1698E-02
3.0655E-02
2.9923E-02
2.9619E-02
2.9780E-02
3.0302E-02
3.0930E-02
3.1330E-02
3.1093E-02
2.9809E-02
2.7294E-02
2.3684E-02
1.9304E-02
1.4514E-02
9.5049E-03
4.3257E-03
-1.0129E-03
-6.4043E-03
-1.1501E-02
-1.5664E-02
-1.8292E-02
-1.9191E-02
-1.8660E-02
-1.7429E-02
-1.6449E-02
-1.6712E-02
-1.8957E-02
-2.3363E-02
-2.9460E-02
-3.6372E-02
-4.3207E-02
-4.9610E-02
-5.5786E-02
-6.2199E-02
-6.9038E-02
-7.5966E-02
-8.2300E-02
-8.7227E-02
-9.0130E-02
-9.0901E-02
-8.9975E-02
-8.7959E-02
-8.5390E-02
-8.2507E-02
-7.9410E-02
-7.6219E-02
-7.3054E-02
-6.9986E-02
-6.6975E-02
-6.3980E-02
-6.1117E-02
-5.8718E-02
-5.7143E-02
-5.6431E-02
-5.6368E-02
-5.6711E-02
-5.7123E-02
-5.7210E-02
-5.6780E-02
-5.5933E-02
-5.4956E-02
-5.4052E-02
-5.3233E-02
-5.2596E-02
-5.2370E-02
-5.2760E-02
-5.3901E-02
-5.5942E-02
-5.9190E-02
-6.3981E-02
-7.0333E-02
-7.7911E-02
-8.6210E-02
-9.4668E-02
-1.0286E-01
-1.1073E-01
-1.1834E-01
-1.2540E-01
-1.3120E-01
-1.3503E-01
-1.3668E-01
-1.3674E-01
-1.3637E-01
-1.3675E-01
-1.3845E-01
-1.4127E-01
-1.4432E-01
-1.4620E-01
-1.4517E-01
-1.3956E-01
-1.2821E-01
-1.1099E-01
-8.8895E-02
-6.3309E-02
-3.4900E-02
-4.4419E-03
2.6561E-02
5.6243E-02
8.2814E-02
1.0499E-01
1.2171E-01
1.3208E-01
1.3602E-01
1.3428E-01
1.2741E-01
1.1620E-01
1.0172E-01
8.4558E-02
6.4677E-02
4.1847E-02
1.6710E-02
-8.7704E-03
-3.2487E-02
-5.3258E-02
-7.1213E-02
-8.7341E-02
-1.0246E-01
-1.1643E-01
-1.2828E-01
-1.3727E-01
-1.4351E-01
-1.4780E-01
-1.5101E-01
-1.5357E-01
-1.5573E-01
-1.5758E-01
-1.5883E-01
-1.5907E-01
-1.5807E-01
-1.5586E-01
-1.5275E-01
-1.4914E-01
-1.4533E-01
-1.4143E-01
-1.3784E-01
-1.3533E-01
-1.3438E-01
-1.3504E-01
-1.3700E-01
-1.3952E-01
-1.4156E-01
-1.4229E-01
-1.4118E-01
-1.3805E-01
-1.3315E-01
-1.2705E-01
-1.2023E-01
-1.1290E-01
-1.0500E-01
-9.6489E-02
-8.7477E-02
-7.7958E-02
-6.7895E-02
-5.7702E-02
-4.8017E-02
-3.9149E-02
-3.1050E-02
-2.3406E-02
-1.5664E-02
-7.1618E-03
2.5350E-03
1.3143E-02
2.3691E-02
3.3532E-02
4.2707E-02
5.1434E-02
5.9828E-02
6.7777E-02
7.5180E-02
8.1905E-02
8.7330E-02
9.0381E-02
8.9985E-02
8.5903E-02
7.8950E-02
7.0103E-02
6.0114E-02
4.9415E-02
3.8360E-02
2.7351E-02
1.6680E-02
6.5717E-03
-2.5706E-03
-1.0043E-02
-1.4853E-02
-1.6059E-02
-1.3277E-02
-7.1068E-03
1.1806E-03
1.0636E-02
2.0736E-02
3.1225E-02
4.1842E-02
5.2188E-02
6.1883E-02
7.0589E-02
7.7826E-02
8.2514E-02
8.3170E-02
7.8810E-02
6.9515E-02
5.6256E-02
3.9997E-02
2.1181E-02
1.0500E-04
-2.2591E-02
-4.5831E-02
-6.8281E-02
-8.8818E-02
-1.0701E-01
-1.2289E-01
-1.3618E-01
-1.4654E-01
-1.5401E-01
-1.5897E-01
-1.6212E-01
-1.6431E-01
-1.6639E-01
-1.6880E-01
-1.7162E-01
-1.7466E-01
-1.7761E-01
-1.8014E-01
-1.8208E-01
-1.8332E-01
-1.8381E-01
-1.8361E-01
-1.8302E-01
-1.8247E-01
-1.8235E-01
-1.8290E-01
-1.8408E-01
-1.8574E-01
-1.8786E-01
-1.9056E-01
-1.9411E-01
-1.9862E-01
-2.0392E-01
-2.0975E-01
-2.1595E-01
-2.2270E-01
-2.3044E-01
-2.3966E-01
-2.5049E-01
-2.6241E-01
-2.7435E-01
-2.8531E-01
-2.9489E-01
-3.0263E-01
-3.0724E-01
-3.0657E-01
-2.9834E-01
-2.8115E-01
-2.5473E-01
-2.1984E-01
-1.7826E-01
-1.3276E-01
-8.6215E-02
-4.1930E-02
-3.1349E-03
2.9051E-02
5.5829E-02
7.8540E-02
9.8129E-02
1.1520E-01
1.2988E-01
1.4204E-01
1.5194E-01
1.6027E-01
1.6737E-01
1.7336E-01
1.7829E-01
1.8189E-01
1.8373E-01
1.8378E-01
1.8236E-01
1.7981E-01
1.7626E-01
1.7160E-01
1.6556E-01
1.5796E-01
1.4869E-01
1.3765E-01
1.2465E-01
1.0996E-01
9.4374E-02
7.8737E-02
6.3436E-02
4.8038E-02
3.2048E-02
1.5607E-02
-4.4665E-04
-1.5151E-02
-2.8173E-02
-3.9312E-02
-4.8036E-02
-5.3987E-02
-5.7255E-02
-5.8172E-02
-5.7375E-02
-5.5646E-02
-5.3516E-02
-5.1078E-02
-4.8174E-02
-4.4746E-02
-4.1219E-02
-3.8691E-02
-3.8453E-02
-4.0698E-02
-4.4544E-02
-4.9366E-02
-5.4891E-02
-6.0997E-02
-6.7599E-02
-7.4482E-02
-8.1233E-02
-8.7427E-02
-9.2935E-02
-9.7697E-02
-1.0145E-01
-1.0361E-01
-1.0353E-01
-1.0086E-01
-9.5796E-02
-8.9010E-02
-8.1315E-02
-7.3246E-02
-6.4694E-02
-5.5190E-02
-4.4441E-02
-3.2669E-02
-2.0506E-02
-8.3349E-03
3.8470E-03
1.6142E-02
2.8305E-02
3.9767E-02
5.0603E-02
6.1741E-02
7.4138E-02
8.8313E-02
1.0413E-01
1.2101E-01
1.3821E-01
1.5513E-01
1.7142E-01
1.8702E-01
2.0189E-01
2.1583E-01
2.2867E-01
2.4040E-01
2.5099E-01
2.6026E-01
2.6778E-01
2.7325E-01
2.7684E-01
2.7927E-01
2.8169E-01
2.8517E-01
2.9021E-01
2.9640E-01
3.0249E-01
3.0732E-01
3.1113E-01
3.1492E-01
3.1917E-01
3.2372E-01
3.2813E-01
3.3232E-01
3.3637E-01
3.4011E-01
3.4313E-01
3.4505E-01
3.4568E-01
3.4497E-01
3.4278E-01
3.3894E-01
3.3335E-01
3.2590E-01
3.1641E-01
3.0438E-01
2.8938E-01
2.7153E-01
2.5147E-01
2.3015E-01
2.0861E-01
1.8783E-01
1.6848E-01
1.5094E-01
1.3547E-01
1.2182E-01
1.0939E-01
9.8071E-02
8.8298E-02
8.0646E-02
7.5438E-02
7.2611E-02
7.1853E-02
7.2815E-02
7.5384E-02
7.9558E-02
8.5271E-02
9.2288E-02
1.0025E-01
1.0887E-01
1.1804E-01
1.2785E-01
1.3834E-01
1.4935E-01
1.6072E-01
1.7229E-01
1.8378E-01
1.9494E-01
2.0575E-01
2.1621E-01
2.2606E-01
2.3499E-01
2.4269E-01
2.4874E-01
2.5278E-01
2.5472E-01
2.5480E-01
2.5359E-01
2.5188E-01
2.5049E-01
2.4993E-01
2.5029E-01
2.5118E-01
2.5137E-01
2.4891E-01
2.4157E-01
2.2750E-01
2.0556E-01
1.7528E-01
1.3687E-01
9.1781E-02
4.3383E-02
-3.3944E-03
-4.3982E-02
-7.6213E-02
-1.0073E-01
-1.1992E-01
-1.3574E-01
-1.4960E-01
-1.6250E-01
-1.7480E-01
-1.8641E-01
-1.9744E-01
-2.0854E-01
-2.2056E-01
-2.3390E-01
-2.4831E-01
-2.6351E-01
-2.7964E-01
-2.9705E-01
-3.1573E-01
-3.3495E-01
-3.5403E-01
-3.7262E-01
-3.9013E-01
-4.0582E-01
-4.1929E-01
-4.3079E-01
-4.4125E-01
-4.5178E-01
-4.6297E-01
-4.7397E-01
-4.8356E-01
-4.9124E-01
-4.9657E-01
-4.9906E-01
-4.9870E-01
-4.9581E-01
-4.9044E-01
-4.8275E-01
-4.7319E-01
-4.6166E-01
-4.4733E-01
-4.2849E-01
-4.0281E-01
-3.6762E-01
-3.2049E-01
-2.6031E-01
-1.8841E-01
-1.0974E-01
-3.2002E-02
3.7872E-02
9.6142E-02
1.4182E-01
1.7634E-01
2.0285E-01
2.2466E-01
2.4365E-01
2.6011E-01
2.7376E-01
2.8464E-01
2.9314E-01
2.9936E-01
3.0332E-01
3.0525E-01
3.0562E-01
3.0504E-01
3.0396E-01
3.0274E-01
3.0163E-01
3.0068E-01
2.9980E-01
2.9895E-01
2.9822E-01
2.9775E-01
2.9772E-01
2.9825E-01
2.9935E-01
3.0103E-01
3.0339E-01
3.0631E-01
3.0923E-01
3.1147E-01
3.1209E-01
3.0960E-01
3.0245E-01
2.8973E-01
2.7132E-01
2.4767E-01
2.1924E-01
1.8677E-01
1.5141E-01
1.1467E-01
7.8416E-02
4.4849E-02
1.5979E-02
-7.4246E-03
-2.6042E-02
-4.1323E-02
-5.4238E-02
-6.5138E-02
-7.4605E-02
-8.3535E-02
-9.2684E-02
-1.0263E-01
-1.1368E-01
-1.2565E-01
-1.3785E-01
-1.4942E-01
-1.6011E-01
-1.7046E-01
-1.8069E-01
-1.9001E-01
-1.9663E-01
-1.9871E-01
-1.9557E-01
-1.8799E-01
-1.7784E-01
-1.6670E-01
-1.5545E-01
-1.4418E-01
-1.3250E-01
-1.2036E-01
-1.0861E-01
-9.8642E-02
-9.1531E-02
-8.7499E-02
-8.5914E-02
-8.5789E-02
-8.6083E-02
-8.6054E-02
-8.5380E-02
-8.4117E-02
-8.2539E-02
-8.1019E-02
-7.9998E-02
-8.0038E-02
-8.1722E-02
-8.5248E-02
-9.0328E-02
-9.6526E-02
-1.0354E-01
-1.1139E-01
-1.2012E-01
-1.2959E-01
-1.3941E-01
-1.4908E-01
-1.5822E-01
-1.6690E-01
-1.7557E-01
-1.8449E-01
-1.9349E-01
-2.0194E-01
-2.0949E-01
-2.1631E-01
-2.2272E-01
-2.2888E-01
-2.3465E-01
-2.3953E-01
-2.4283E-01
-2.4407E-01
-2.4307E-01
-2.3996E-01
-2.3496E-01
-2.2827E-01
-2.2006E-01
-2.1029E-01
-1.9821E-01
-1.8316E-01
-1.6533E-01
-1.4591E-01
-1.2624E-01
-1.0642E-01
-8.5827E-02
-6.4195E-02
-4.1848E-02
-1.9601E-02
1.6933E-03
2.1251E-02
3.8469E-02
5.3291E-02
6.6244E-02
7.7888E-02
8.8390E-02
9.7220E-02
1.0368E-01
1.0751E-01
1.0907E-01
1.0930E-01
1.0913E-01
1.0942E-01
1.1076E-01
1.1335E-01
1.1705E-01
1.2154E-01
1.2646E-01
1.3147E-01
1.3640E-01
1.4118E-01
1.4578E-01
1.4998E-01
1.5336E-01
1.5551E-01
1.5609E-01
1.5485E-01
1.5167E-01
1.4664E-01
1.4008E-01
1.3238E-01
1.2379E-01
1.1449E-01
1.0463E-01
9.4194E-02
8.3073E-02
7.1307E-02
5.9150E-02
4.6892E-02
3.4793E-02
2.3086E-02
1.2037E-02
1.7708E-03
-7.9610E-03
-1.7487E-02
-2.6878E-02
-3.6004E-02
-4.4666E-02
-5.2697E-02
-6.0080E-02
-6.6952E-02
-7.3459E-02
-7.9660E-02
-8.5489E-02
-9.0824E-02
-9.5593E-02
-9.9860E-02
-1.0378E-01
-1.0737E-01
-1.1055E-01
-1.1307E-01
-1.1446E-01
-1.1414E-01
-1.1172E-01
-1.0725E-01
-1.0101E-01
-9.3147E-02
-8.3503E-02
-7.1815E-02
-5.8061E-02
-4.2737E-02
-2.6948E-02
-1.1792E-02
2.8861E-03
1.7771E-02
3.2540E-02
4.6569E-02
5.9739E-02
7.2135E-02
8.3896E-02
9.5161E-02
1.0602E-01
1.1644E-01
1.2622E-01
1.3519E-01
1.4336E-01
1.5069E-01
1.5701E-01
1.6234E-01
1.6702E-01
1.7125E-01
1.7487E-01
1.7730E-01
1.7786E-01
1.7603E-01
1.7159E-01
1.6453E-01
1.5490E-01
1.4284E-01
1.2862E-01
1.1234E-01
9.4099E-02
7.4361E-02
5.3965E-02
3.4017E-02
1.5490E-02
-9.7208E-04
-1.5094E-02
-2.6706E-02
-3.5566E-02
-4.1425E-02
-4.4208E-02
-4.4053E-02
-4.1496E-02
-3.7328E-02
-3.2066E-02
-2.5930E-02
-1.9068E-02
-1.1908E-02
-5.1622E-03
7.2332E-04
5.6143E-03
9.3683E-03
1.1976E-02
1.3664E-02
1.4699E-02
1.5256E-02
1.5338E-02
1.4912E-02
1.3992E-02
1.2561E-02
1.0650E-02
8.5245E-03
6.5014E-03
4.7406E-03
3.4223E-03
2.7183E-03
2.4935E-03
2.4295E-03
2.3315E-03
2.1368E-03
1.8049E-03
1.1999E-03
2.7492E-04
-6.7769E-04
-1.2271E-03
-1.0529E-03
-2.5533E-05
1.7216E-03
3.8341E-03
6.0558E-03
8.4419E-03
1.1131E-02
1.4091E-02
1.7005E-02
1.9526E-02
2.1542E-02
2.3096E-02
2.4219E-02
2.4778E-02
2.4660E-02
2.3947E-02
2.2835E-02
2.1545E-02
2.0301E-02
1.9371E-02
1.9077E-02
1.9722E-02
2.1451E-02
2.4124E-02
2.7382E-02
3.0874E-02
3.4242E-02
3.7083E-02
3.8943E-02
3.9401E-02
3.8231E-02
3.5526E-02
3.1678E-02
2.7138E-02
2.2311E-02
1.7464E-02
1.2719E-02
8.2186E-03
4.5922E-03
2.7619E-03
3.1475E-03
5.7829E-03
1.0675E-02
1.7547E-02
2.5832E-02
3.5155E-02
4.5375E-02
5.6467E-02
6.8166E-02
7.9938E-02
9.1424E-02
1.0225E-01
1.1175E-01
1.1959E-01
1.2612E-01
1.3175E-01
1.3666E-01
1.4072E-01
1.4375E-01
1.4580E-01
1.4694E-01
1.4727E-01
1.4691E-01
1.4599E-01
1.4455E-01
1.4254E-01
1.3994E-01
1.3683E-01
1.3331E-01
1.2943E-01
1.2523E-01
1.2083E-01
1.1625E-01
1.1144E-01
1.0631E-01
1.0095E-01
9.5681E-02
9.0583E-02
8.5450E-02
7.9901E-02
7.3673E-02
6.6833E-02
5.9756E-02
5.2876E-02
4.6376E-02
4.0320E-02
3.4728E-02
2.9307E-02
2.3529E-02
1.7098E-02
1.0146E-02
3.1654E-03
-3.3535E-03
-9.2564E-03
-1.4843E-02
-2.0616E-02
-2.6887E-02
-3.3720E-02
-4.1037E-02
-4.8785E-02
-5.6851E-02
-6.4943E-02
-7.2775E-02
-8.0308E-02
-8.7837E-02
-9.5753E-02
-1.0413E-01
-1.1283E-01
-1.2166E-01
-1.3033E-01
-1.3854E-01
-1.4606E-01
-1.5271E-01
-1.5827E-01
-1.6233E-01
-1.6455E-01
-1.6486E-01
-1.6326E-01
-1.5942E-01
-1.5306E-01
-1.4438E-01
-1.3406E-01
-1.2294E-01
-1.1146E-01
-9.9737E-02
-8.7666E-02
-7.5031E-02
-6.1684E-02
-4.7765E-02
-3.3568E-02
-1.9416E-02
-5.8653E-03
6.4170E-03
1.7187E-02
2.6681E-02
3.5348E-02
4.3526E-02
5.1191E-02
5.7893E-02
6.3040E-02
6.6277E-02
6.7624E-02
6.7472E-02
6.6444E-02
6.5133E-02
6.3682E-02
6.2003E-02
6.0088E-02
5.8100E-02
5.6292E-02
5.4802E-02
5.3775E-02
5.3474E-02
5.4066E-02
5.5510E-02
5.7689E-02
6.0405E-02
6.3408E-02
6.6511E-02
6.9637E-02
7.2749E-02
7.5788E-02
7.8649E-02
8.1185E-02
8.3245E-02
8.4721E-02
8.5553E-02
8.5659E-02
8.4932E-02
8.3205E-02
8.0199E-02
7.5648E-02
6.9489E-02
6.1821E-02
5.2783E-02
4.2761E-02
3.2232E-02
2.1131E-02
9.1844E-03
-3.5131E-03
-1.6772E-02
-3.0517E-02
-4.4496E-02
-5.8138E-02
-7.0718E-02
-8.1849E-02
-9.1649E-02
-1.0017E-01
-1.0724E-01
-1.1264E-01
-1.1637E-01
-1.1872E-01
-1.2018E-01
-1.2130E-01
-1.2227E-01
-1.2317E-01
-1.2401E-01
-1.2486E-01
-1.2576E-01
-1.2661E-01
-1.2730E-01
-1.2777E-01
-1.2797E-01
-1.2781E-01
-1.2703E-01
-1.2525E-01
-1.2207E-01
-1.1718E-01
-1.1039E-01
-1.0167E-01
-9.1249E-02
-7.9577E-02
-6.6981E-02
-5.3688E-02
-3.9974E-02
-2.6234E-02
-1.2883E-02
-1.1416E-04
1.1917E-02
2.2721E-02
3.1813E-02
3.9054E-02
4.4566E-02
4.8682E-02
5.1822E-02
5.4419E-02
5.6801E-02
5.9101E-02
6.1334E-02
6.3536E-02
6.5888E-02
6.8660E-02
7.1882E-02
7.5226E-02
7.8163E-02
8.0177E-02
8.0887E-02
7.9951E-02
7.7116E-02
7.2357E-02
6.5981E-02
5.8515E-02
5.0357E-02
4.1689E-02
3.2542E-02
2.3098E-02
1.3797E-02
5.0570E-03
-2.7459E-03
-9.1451E-03
-1.3862E-02
-1.7027E-02
-1.9037E-02
-2.0343E-02
-2.1176E-02
-2.1678E-02
-2.2005E-02
-2.2180E-02
-2.2090E-02
-2.1588E-02
-2.0584E-02
-1.9067E-02
-1.7085E-02
-1.4777E-02
-1.2422E-02
-1.0362E-02
-8.8493E-03
-7.8947E-03
-7.3359E-03
-7.0420E-03
-6.8842E-03
-6.7010E-03
-6.3855E-03
-5.8956E-03
-5.1995E-03
-4.1844E-03
-2.6712E-03
-5.9764E-04
1.9322E-03
4.8165E-03
8.1641E-03
1.2265E-02
1.7132E-02
2.2529E-02
2.8404E-02
3.4839E-02
4.1904E-02
4.9651E-02
5.8025E-02
6.6822E-02
7.5868E-02
8.5189E-02
9.4883E-02
1.0483E-01
1.1448E-01
1.2316E-01
1.3061E-01
1.3693E-01
1.4226E-01
1.4637E-01
1.4885E-01
1.4957E-01
1.4878E-01
1.4698E-01
1.4465E-01
1.4217E-01
1.3975E-01
1.3744E-01
1.3515E-01
1.3284E-01
1.3050E-01
1.2803E-01
1.2538E-01
1.2260E-01
1.1986E-01
1.1731E-01
1.1489E-01
1.1236E-01
1.0937E-01
1.0566E-01
1.0120E-01
9.6143E-02
9.0641E-02
8.4693E-02
7.8262E-02
7.1424E-02
6.4420E-02
5.7527E-02
5.0932E-02
4.4744E-02
3.9079E-02
3.4133E-02
3.0107E-02
2.7145E-02
2.5393E-02
2.4952E-02
2.5804E-02
2.7754E-02
3.0519E-02
3.3870E-02
3.7673E-02
4.1849E-02
4.6252E-02
5.0663E-02
5.4968E-02
5.9252E-02
6.3710E-02
6.8405E-02
7.3087E-02
7.7371E-02
8.0872E-02
8.3157E-02
8.3847E-02
8.2733E-02
7.9729E-02
7.4837E-02
6.8193E-02
6.0039E-02
5.0508E-02
3.9645E-02
2.7482E-02
1.4170E-02
2.8238E-04
-1.3143E-02
-2.5358E-02
-3.6337E-02
-4.6087E-02
-5.4525E-02
-6.1817E-02
-6.8239E-02
-7.3898E-02
-7.8713E-02
-8.2573E-02
-8.5502E-02
-8.7612E-02
-8.8980E-02
-8.9709E-02
-8.9858E-02
-8.9225E-02
-8.7531E-02
-8.4622E-02
-8.0366E-02
-7.4669E-02
-6.7599E-02
-5.9342E-02
-4.9988E-02
-3.9493E-02
-2.7843E-02
-1.5422E-02
-2.9297E-03
9.1849E-03
2.0735E-02
3.1642E-02
4.1810E-02
5.1144E-02
5.9789E-02
6.8034E-02
7.5956E-02
8.3627E-02
9.1270E-02
9.8829E-02
1.0595E-01
1.1261E-01
1.1906E-01
1.2522E-01
1.3085E-01
1.3592E-01
1.4066E-01
1.4537E-01
1.5004E-01
1.5440E-01
1.5837E-01
1.6203E-01
1.6529E-01
1.6796E-01
1.6977E-01
1.7066E-01
1.7073E-01
1.6999E-01
1.6852E-01
1.6649E-01
1.6404E-01
1.6119E-01
1.5800E-01
1.5458E-01
1.5108E-01
1.4773E-01
1.4475E-01
1.4215E-01
1.3978E-01
1.3780E-01
1.3649E-01
1.3579E-01
1.3547E-01
1.3538E-01
1.3551E-01
1.3594E-01
1.3670E-01
1.3774E-01
1.3886E-01
1.3978E-01
1.4032E-01
1.4052E-01
1.4059E-01
1.4071E-01
1.4095E-01
1.4130E-01
1.4169E-01
1.4203E-01
1.4233E-01
1.4265E-01
1.4299E-01
1.4318E-01
1.4296E-01
1.4201E-01
1.4005E-01
1.3705E-01
1.3328E-01
1.2924E-01
1.2537E-01
1.2158E-01
1.1760E-01
1.1337E-01
1.0894E-01
1.0455E-01
1.0056E-01
9.7345E-02
9.5181E-02
9.4223E-02
9.4558E-02
9.6088E-02
9.8468E-02
1.0122E-01
1.0393E-01
1.0647E-01
1.0889E-01
1.1126E-01
1.1366E-01
1.1620E-01
1.1880E-01
1.2134E-01
1.2370E-01
1.2579E-01
1.2751E-01
1.2891E-01
1.3017E-01
1.3141E-01
1.3265E-01
1.3399E-01
1.3532E-01
1.3634E-01
1.3682E-01
1.3671E-01
1.3606E-01
1.3496E-01
1.3351E-01
1.3174E-01
1.2962E-01
1.2696E-01
1.2353E-01
1.1920E-01
1.1397E-01
1.0798E-01
1.0141E-01
9.4465E-02
8.7287E-02
7.9928E-02
7.2210E-02
6.3928E-02
5.5118E-02
4.6157E-02
3.7594E-02
2.9729E-02
2.2606E-02
1.6230E-02
1.0482E-02
5.0889E-03
-2.2099E-04
-5.5250E-03
-1.0570E-02
-1.4989E-02
-1.8652E-02
-2.1707E-02
-2.4460E-02
-2.7202E-02
-3.0069E-02
-3.2958E-02
-3.5635E-02
-3.7907E-02
-3.9699E-02
-4.1055E-02
-4.2098E-02
-4.2965E-02
-4.3738E-02
-4.4471E-02
-4.5242E-02
-4.6153E-02
-4.7268E-02
-4.8491E-02
-4.9651E-02
-5.0710E-02
-5.1620E-02
-5.2174E-02
-5.2248E-02
-5.1890E-02
-5.1129E-02
-4.9952E-02
-4.8353E-02
-4.6256E-02
-4.3491E-02
-4.0029E-02
-3.6082E-02
-3.1941E-02
-2.7896E-02
-2.4141E-02
-2.0684E-02
-1.7368E-02
-1.4095E-02
-1.0931E-02
-8.0566E-03
-5.6107E-03
-3.5765E-03
-1.8907E-03
-5.5585E-04
4.2994E-04
1.0940E-03
1.4319E-03
1.4490E-03
1.2035E-03
7.4899E-04
5.3670E-05
-1.0535E-03
-2.7686E-03
-5.1178E-03
-8.0033E-03
-1.1370E-02
-1.5199E-02
-1.9446E-02
-2.3946E-02
-2.8417E-02
-3.2612E-02
-3.6506E-02
-4.0353E-02
-4.4372E-02
-4.8555E-02
-5.2796E-02
-5.6935E-02
-6.0766E-02
-6.4082E-02
-6.6740E-02
-6.8745E-02
-7.0206E-02
-7.1174E-02
-7.1708E-02
-7.1934E-02
-7.1938E-02
-7.1779E-02
-7.1663E-02
-7.1851E-02
-7.2433E-02
-7.3378E-02
-7.4657E-02
-7.6288E-02
-7.8304E-02
-8.0684E-02
-8.3354E-02
-8.6210E-02
-8.9094E-02
-9.1873E-02
-9.4652E-02
-9.7630E-02
-1.0085E-01
-1.0424E-01
-1.0769E-01
-1.1106E-01
-1.1420E-01
-1.1714E-01
-1.1992E-01
-1.2251E-01
-1.2468E-01
-1.2616E-01
-1.2684E-01
-1.2683E-01
-1.2644E-01
-1.2598E-01
-1.2571E-01
-1.2565E-01
-1.2574E-01
-1.2594E-01
-1.2621E-01
-1.2650E-01
-1.2672E-01
-1.2672E-01
-1.2635E-01
-1.2549E-01
-1.2418E-01
-1.2275E-01
-1.2172E-01
-1.2124E-01
-1.2111E-01
-1.2107E-01
-1.2093E-01
-1.2069E-01
-1.2061E-01
-1.2095E-01
-1.2159E-01
-1.2219E-01
-1.2250E-01
-1.2243E-01
-1.2194E-01
-1.2098E-01
-1.1951E-01
-1.1752E-01
-1.1493E-01
-1.1167E-01
-1.0769E-01
-1.0323E-01
-9.8695E-02
-9.4426E-02
-9.0379E-02
-8.6364E-02
-8.2229E-02
-7.7886E-02
-7.3331E-02
-6.8673E-02
-6.4146E-02
-6.0024E-02
-5.6465E-02
-5.3471E-02
-5.0991E-02
-4.8946E-02
-4.7283E-02
-4.6000E-02
-4.5115E-02
-4.4612E-02
-4.4516E-02
-4.4979E-02
-4.6085E-02
-4.7758E-02
-4.9929E-02
-5.2579E-02
-5.5745E-02
-5.9410E-02
-6.3479E-02
-6.7895E-02
-7.2589E-02
-7.7325E-02
-8.1897E-02
-8.6358E-02
-9.0808E-02
-9.5207E-02
-9.9415E-02
-1.0332E-01
-1.0696E-01
-1.1047E-01
-1.1396E-01
-1.1740E-01
-1.2058E-01
-1.2325E-01
-1.2528E-01
-1.2671E-01
-1.2773E-01
-1.2845E-01
-1.2893E-01
-1.2921E-01
-1.2933E-01
-1.2932E-01
-1.2912E-01
-1.2868E-01
-1.2797E-01
-1.2703E-01
-1.2590E-01
-1.2458E-01
-1.2306E-01
-1.2136E-01
-1.1958E-01
-1.1783E-01
-1.1614E-01
-1.1444E-01
-1.1272E-01
-1.1108E-01
-1.0972E-01
-1.0876E-01
-1.0817E-01
-1.0786E-01
-1.0781E-01
-1.0819E-01
-1.0915E-01
-1.1068E-01
-1.1250E-01
-1.1433E-01
-1.1612E-01
-1.1808E-01
-1.2042E-01
-1.2295E-01
-1.2536E-01
-1.2750E-01
-1.2940E-01
-1.3114E-01
-1.3263E-01
-1.3387E-01
-1.3505E-01
-1.3643E-01
-1.3808E-01
-1.3978E-01
-1.4128E-01
-1.4264E-01
-1.4402E-01
-1.4548E-01
-1.4698E-01
-1.4843E-01
-1.4985E-01
-1.5121E-01
-1.5237E-01
-1.5313E-01
-1.5334E-01
-1.5308E-01
-1.5260E-01
-1.5205E-01
-1.5145E-01
-1.5068E-01
-1.4964E-01
-1.4830E-01
-1.4655E-01
-1.4420E-01
-1.4108E-01
-1.3723E-01
-1.3298E-01
-1.2875E-01
-1.2485E-01
-1.2134E-01
-1.1813E-01
-1.1514E-01
-1.1237E-01
-1.0994E-01
-1.0798E-01
-1.0657E-01
-1.0573E-01
-1.0550E-01
-1.0591E-01
-1.0687E-01
-1.0816E-01
-1.0954E-01
-1.1089E-01
-1.1227E-01
-1.1374E-01
-1.1536E-01
-1.1728E-01
-1.1957E-01
-1.2215E-01
-1.2483E-01
-1.2745E-01
-1.2997E-01
-1.3249E-01
-1.3506E-01
-1.3755E-01
-1.3960E-01
-1.4110E-01
-1.4207E-01
-1.4242E-01
-1.4209E-01
-1.4117E-01
-1.3979E-01
-1.3792E-01
-1.3524E-01
-1.3143E-01
-1.2654E-01
-1.2090E-01
-1.1492E-01
-1.0881E-01
-1.0263E-01
-9.6337E-02
-8.9897E-02
-8.3324E-02
-7.6716E-02
-7.0197E-02
-6.3786E-02
-5.7361E-02
-5.0728E-02
-4.3864E-02
-3.6983E-02
-3.0298E-02
-2.3904E-02
-1.7777E-02
-1.1789E-02
-5.8505E-03
-2.1082E-04
4.6219E-03
8.3788E-03
1.1118E-02
1.3042E-02
1.4423E-02
1.5490E-02
1.6298E-02
1.6773E-02
1.6844E-02
1.6547E-02
1.6025E-02
1.5384E-02
1.4680E-02
1.4066E-02
1.3749E-02
1.3825E-02
1.4236E-02
1.4848E-02
1.5634E-02
1.6637E-02
1.7793E-02
1.8956E-02
2.0028E-02
2.1037E-02
2.2039E-02
2.2871E-02
2.3203E-02
2.2804E-02
2.1731E-02
2.0291E-02
1.8656E-02
1.6802E-02
1.4738E-02
1.2512E-02
1.0156E-02
7.7182E-03
5.2594E-03
2.7725E-03
3.0916E-04
-1.8911E-03
-3.7231E-03
-5.4497E-03
-7.4736E-03
-1.0103E-02
-1.3385E-02
-1.7125E-02
-2.1063E-02
-2.5118E-02
-2.9333E-02
-3.3493E-02
-3.7282E-02
-4.0711E-02
-4.3881E-02
-4.6679E-02
-4.8849E-02
-5.0131E-02
-5.0404E-02
-4.9764E-02
-4.8472E-02
-4.6792E-02
-4.4906E-02
-4.3002E-02
-4.1208E-02
-3.9448E-02
-3.7640E-02
-3.5890E-02
-3.4370E-02
-3.3194E-02
-3.2381E-02
-3.1864E-02
-3.1540E-02
-3.1224E-02
-3.0676E-02
-2.9731E-02
-2.8382E-02
-2.6770E-02
-2.5052E-02
-2.3283E-02
-2.1551E-02
-2.0029E-02
-1.8849E-02
-1.8046E-02
-1.7608E-02
-1.7604E-02
-1.8240E-02
-1.9631E-02
-2.1731E-02
-2.4473E-02
-2.7754E-02
-3.1421E-02
-3.5264E-02
-3.9056E-02
-4.2620E-02
-4.5812E-02
-4.8493E-02
-5.0700E-02
-5.2700E-02
-5.4651E-02
-5.6519E-02
-5.8361E-02
-6.0274E-02
-6.2176E-02
-6.3902E-02
-6.5348E-02
-6.6495E-02
-6.7369E-02
-6.7946E-02
-6.8197E-02
-6.8160E-02
-6.7980E-02
-6.7827E-02
-6.7681E-02
-6.7365E-02
-6.6731E-02
-6.5722E-02
-6.4371E-02
-6.2728E-02
-6.0847E-02
-5.8791E-02
-5.6522E-02
-5.3804E-02
-5.0467E-02
-4.6558E-02
-4.2114E-02
-3.7260E-02
-3.2466E-02
-2.8168E-02
-2.4378E-02
-2.1034E-02
-1.8153E-02
-1.5533E-02
-1.2851E-02
-1.0004E-02
-7.0378E-03
-4.0543E-03
-1.2912E-03
9.9216E-04
2.7831E-03
4.1856E-03
5.2008E-03
5.9687E-03
6.8297E-03
7.9686E-03
9.2815E-03
1.0504E-02
1.1511E-02
1.2493E-02
1.3626E-02
1.4888E-02
1.6175E-02
1.7346E-02
1.8254E-02
1.8864E-02
1.9269E-02
1.9499E-02
1.9515E-02
1.9373E-02
1.9181E-02
1.8950E-02
1.8509E-02
1.7562E-02
1.5901E-02
1.3547E-02
1.0741E-02
7.7267E-03
4.5457E-03
1.0933E-03
-2.7700E-03
-7.1444E-03
-1.2063E-02
-1.7485E-02
-2.3204E-02
-2.8876E-02
-3.4237E-02
-3.9166E-02
-4.3626E-02
-4.7523E-02
-5.0655E-02
-5.2941E-02
-5.4508E-02
-5.5514E-02
-5.6079E-02
-5.6212E-02
-5.5934E-02
-5.5348E-02
-5.4595E-02
-5.3798E-02
-5.2977E-02
-5.2072E-02
-5.0990E-02
-4.9657E-02
-4.8112E-02
-4.6604E-02
-4.5356E-02
-4.4273E-02
-4.3128E-02
-4.1827E-02
-4.0503E-02
-3.9326E-02
-3.8180E-02
-3.6911E-02
-3.5640E-02
-3.4639E-02
-3.4140E-02
-3.4174E-02
-3.4647E-02
-3.5503E-02
-3.6656E-02
-3.7953E-02
-3.9236E-02
-4.0424E-02
-4.1549E-02
-4.2571E-02
-4.3272E-02
-4.3516E-02
-4.3394E-02
-4.3113E-02
-4.2838E-02
-4.2544E-02
-4.2149E-02
-4.1664E-02
-4.1218E-02
-4.0980E-02
-4.1032E-02
-4.1403E-02
-4.2132E-02
-4.3191E-02
-4.4467E-02
-4.5804E-02
-4.6991E-02
-4.7726E-02
-4.7661E-02
-4.6505E-02
-4.4170E-02
-4.0806E-02
-3.6668E-02
-3.2058E-02
-2.7197E-02
-2.2106E-02
-1.6600E-02
-1.0397E-02
-3.2233E-03
5.1006E-03
1.4381E-02
2.4063E-02
3.3694E-02
4.3117E-02
5.2329E-02
6.1272E-02
6.9712E-02
7.7513E-02
8.4761E-02
9.1615E-02
9.8245E-02
1.0482E-01
1.1156E-01
1.1870E-01
1.2636E-01
1.3442E-01
1.4256E-01
1.5050E-01
1.5826E-01
1.6604E-01
1.7398E-01
1.8205E-01
1.8992E-01
1.9716E-01
2.0357E-01
2.0931E-01
2.1447E-01
2.1892E-01
2.2260E-01
2.2561E-01
2.2810E-01
2.3011E-01
2.3151E-01
2.3230E-01
2.3258E-01
2.3240E-01
2.3172E-01
2.3049E-01
2.2870E-01
2.2637E-01
2.2339E-01
2.1961E-01
2.1497E-01
2.0952E-01
2.0334E-01
1.9638E-01
1.8853E-01
1.7996E-01
1.7097E-01
1.6187E-01
1.5292E-01
1.4435E-01
1.3642E-01
1.2942E-01
1.2370E-01
1.1946E-01
1.1667E-01
1.1519E-01
1.1479E-01
1.1521E-01
1.1626E-01
1.1791E-01
1.2029E-01
1.2354E-01
1.2774E-01
1.3279E-01
1.3849E-01
1.4458E-01
1.5079E-01
1.5695E-01
1.6291E-01
1.6853E-01
1.7372E-01
1.7847E-01
1.8290E-01
1.8715E-01
1.9122E-01
1.9496E-01
1.9812E-01
2.0052E-01
2.0208E-01
2.0281E-01
2.0278E-01
2.0190E-01
2.0003E-01
1.9702E-01
1.9276E-01
1.8722E-01
1.8028E-01
1.7184E-01
1.6194E-01
1.5077E-01
1.3860E-01
1.2578E-01
1.1259E-01
9.9039E-02
8.5179E-02
7.1509E-02
5.8667E-02
4.7094E-02
3.6912E-02
2.7897E-02
1.9624E-02
1.1632E-02
3.6448E-03
-4.2885E-03
-1.1870E-02
-1.8784E-02
-2.4773E-02
-2.9669E-02
-3.3548E-02
-3.6719E-02
-3.9470E-02
-4.1995E-02
-4.4363E-02
-4.6516E-02
-4.8331E-02
-4.9803E-02
-5.1032E-02
-5.2005E-02
-5.2602E-02
-5.2705E-02
-5.2275E-02
-5.1393E-02
-5.0213E-02
-4.8924E-02
-4.7690E-02
-4.6659E-02
-4.5928E-02
-4.5425E-02
-4.4974E-02
-4.4535E-02
-4.4151E-02
-4.3836E-02
-4.3644E-02
-4.3726E-02
-4.4249E-02
-4.5247E-02
-4.6508E-02
-4.7792E-02
-4.9035E-02
-5.0213E-02
-5.1227E-02
-5.1918E-02
-5.2107E-02
-5.1675E-02
-5.0642E-02
-4.9165E-02
-4.7384E-02
-4.5421E-02
-4.3399E-02
-4.1321E-02
-3.9023E-02
-3.6421E-02
-3.3570E-02
-3.0420E-02
-2.6845E-02
-2.2816E-02
-1.8540E-02
-1.4357E-02
-1.0314E-02
-6.2416E-03
-2.2068E-03
1.5244E-03
4.6674E-03
7.0048E-03
8.4423E-03
9.0262E-03
8.9909E-03
8.7229E-03
8.6315E-03
8.9802E-03
9.7695E-03
1.0777E-02
1.1746E-02
1.2584E-02
1.3437E-02
1.4468E-02
1.5718E-02
1.7221E-02
1.9062E-02
2.1341E-02
2.3931E-02
2.6467E-02
2.8791E-02
3.1004E-02
3.3143E-02
3.5137E-02
3.6853E-02
3.8139E-02
3.8905E-02
3.9197E-02
3.9192E-02
3.9089E-02
3.8966E-02
3.8772E-02
3.8581E-02
3.8582E-02
3.8794E-02
3.9094E-02
3.9345E-02
3.9406E-02
3.9198E-02
3.8830E-02
3.8494E-02
3.8249E-02
3.8103E-02
3.8134E-02
3.8471E-02
3.9234E-02
4.0468E-02
4.2072E-02
4.3804E-02
4.5442E-02
4.6903E-02
4.8247E-02
4.9563E-02
5.0811E-02
5.1833E-02
5.2460E-02
5.2677E-02
5.2581E-02
5.2168E-02
5.1388E-02
5.0251E-02
4.8882E-02
4.7440E-02
4.5913E-02
4.4220E-02
4.2354E-02
4.0341E-02
3.8268E-02
3.6399E-02
3.5036E-02
3.4289E-02
3.4191E-02
3.4779E-02
3.5997E-02
3.7713E-02
3.9848E-02
4.2298E-02
4.4909E-02
4.7621E-02
5.0441E-02
5.3264E-02
5.5936E-02
5.8383E-02
6.0638E-02
6.2802E-02
6.4961E-02
6.7255E-02
6.9908E-02
7.2981E-02
7.6294E-02
7.9649E-02
8.2895E-02
8.5923E-02
8.8755E-02
9.1498E-02
9.4110E-02
9.6388E-02
9.8134E-02
9.9169E-02
9.9329E-02
9.8606E-02
9.7144E-02
9.5058E-02
9.2352E-02
8.8897E-02
8.4576E-02
7.9415E-02
7.3537E-02
6.6986E-02
5.9572E-02
5.1347E-02
4.2803E-02
3.4447E-02
2.6576E-02
1.9198E-02
1.2049E-02
4.8771E-03
-2.0376E-03
-8.1653E-03
-1.3571E-02
-1.8647E-02
-2.3608E-02
-2.8531E-02
-3.3401E-02
-3.8060E-02
-4.2417E-02
-4.6593E-02
-5.0661E-02
-5.4556E-02
-5.8351E-02
-6.2175E-02
-6.5999E-02
-6.9719E-02
-7.3231E-02
-7.6379E-02
-7.9100E-02
-8.1625E-02
-8.4156E-02
-8.6606E-02
-8.8879E-02
-9.1044E-02
-9.3299E-02
-9.5778E-02
-9.8426E-02
-1.0119E-01
-1.0406E-01
-1.0694E-01
-1.0967E-01
-1.1216E-01
-1.1438E-01
-1.1634E-01
-1.1796E-01
-1.1911E-01
-1.1966E-01
-1.1947E-01
-1.1850E-01
-1.1689E-01
-1.1492E-01
-1.1282E-01
-1.1062E-01
-1.0817E-01
-1.0546E-01
-1.0264E-01
-9.9772E-02
-9.6857E-02
-9.3920E-02
-9.1137E-02
-8.8740E-02
-8.6776E-02
-8.5262E-02
-8.4373E-02
-8.4140E-02
-8.4374E-02
-8.4953E-02
-8.5822E-02
-8.6897E-02
-8.8070E-02
-8.9216E-02
-9.0146E-02
-9.0594E-02
-9.0273E-02
-8.8968E-02
-8.6578E-02
-8.3071E-02
-7.8588E-02
-7.3530E-02
-6.8312E-02
-6.3080E-02
-5.7741E-02
-5.2069E-02
-4.5857E-02
-3.9153E-02
-3.2345E-02
-2.5839E-02
-1.9841E-02
-1.4341E-02
-9.1794E-03
-4.1633E-03
8.2721E-04
5.7343E-03
1.0252E-02
1.3983E-02
1.6708E-02
1.8525E-02
1.9751E-02
2.0569E-02
2.1076E-02
2.1490E-02
2.2041E-02
2.2872E-02
2.4132E-02
2.5855E-02
2.7764E-02
2.9608E-02
3.1466E-02
3.3570E-02
3.5999E-02
3.8474E-02
4.0684E-02
4.2639E-02
4.4467E-02
4.6251E-02
4.8024E-02
4.9698E-02
5.1035E-02
5.1813E-02
5.1991E-02
5.1734E-02
5.1232E-02
5.0469E-02
4.9390E-02
4.8094E-02
4.6838E-02
4.5817E-02
4.4907E-02
4.3955E-02
4.3022E-02
4.2250E-02
4.1750E-02
4.1565E-02
4.1615E-02
4.1717E-02
4.1687E-02
4.1466E-02
4.1200E-02
4.1051E-02
4.1016E-02
4.1023E-02
4.1015E-02
4.0945E-02
4.0791E-02
4.0569E-02
4.0340E-02
4.0215E-02
4.0312E-02
4.0653E-02
4.1095E-02
4.1508E-02
4.1886E-02
4.2231E-02
4.2559E-02
4.2991E-02
4.3637E-02
4.4452E-02
4.5217E-02
4.5642E-02
4.5550E-02
4.4968E-02
4.4124E-02
4.3360E-02
4.2943E-02
4.2825E-02
4.2767E-02
4.2599E-02
4.2257E-02
4.1777E-02
4.1290E-02
4.0944E-02
4.0794E-02
4.0879E-02
4.1279E-02
4.2062E-02
4.3223E-02
4.4645E-02
4.6152E-02
4.7621E-02
4.9066E-02
5.0587E-02
5.2222E-02
5.3969E-02
5.5837E-02
5.7722E-02
5.9391E-02
6.0651E-02
6.1441E-02
6.1840E-02
6.2014E-02
6.2121E-02
6.2209E-02
6.2203E-02
6.1954E-02
6.1275E-02
6.0010E-02
5.8100E-02
5.5526E-02
5.2151E-02
4.7840E-02
4.2575E-02
3.6434E-02
2.9636E-02
2.2629E-02
1.5836E-02
9.3132E-03
2.8883E-03
-3.6297E-03
-1.0342E-02
-1.7198E-02
-2.4005E-02
-3.0532E-02
-3.6590E-02
-4.1982E-02
-4.6628E-02
-5.0708E-02
-5.4467E-02
-5.7943E-02
-6.0954E-02
-6.3293E-02
-6.5008E-02
-6.6277E-02
-6.7202E-02
-6.7934E-02
-6.8673E-02
-6.9463E-02
-7.0244E-02
-7.1010E-02
-7.1815E-02
-7.2687E-02
-7.3507E-02
-7.4063E-02
-7.4217E-02
-7.3968E-02
-7.3438E-02
-7.2790E-02
-7.2145E-02
-7.1509E-02
-7.0883E-02
-7.0334E-02
-6.9887E-02
-6.9452E-02
-6.8871E-02
-6.8043E-02
-6.7057E-02
-6.6201E-02
-6.5786E-02
-6.5870E-02
-6.6295E-02
-6.6894E-02
-6.7464E-02
-6.7783E-02
-6.7724E-02
-6.7243E-02
-6.6288E-02
-6.4863E-02
-6.3057E-02
-6.0999E-02
-5.8807E-02
-5.6522E-02
-5.4157E-02
-5.1748E-02
-4.9357E-02
-4.7011E-02
-4.4581E-02
-4.1877E-02
-3.8760E-02
-3.5107E-02
-3.0901E-02
-2.6412E-02
-2.2096E-02
-1.8317E-02
-1.5179E-02
-1.2504E-02
-9.9496E-03
-7.2111E-03
-4.2449E-03
-1.2678E-03
1.3997E-03
3.5737E-03
5.2690E-03
6.6170E-03
7.8599E-03
9.2909E-03
1.1123E-02
1.3413E-02
1.6057E-02
1.8860E-02
2.1655E-02
2.4402E-02
2.7208E-02
3.0237E-02
3.3566E-02
3.7061E-02
4.0471E-02
4.3561E-02
4.6244E-02
4.8548E-02
5.0485E-02
5.1995E-02
5.2961E-02
5.3288E-02
5.2941E-02
5.1914E-02
5.0243E-02
4.7967E-02
4.5045E-02
4.1510E-02
3.7649E-02
3.3811E-02
3.0178E-02
2.6788E-02
2.3576E-02
2.0429E-02
1.7360E-02
1.4568E-02
1.2159E-02
1.0021E-02
7.9305E-03
5.7443E-03
3.5083E-03
1.2580E-03
-9.9701E-04
-3.0390E-03
-4.5893E-03
-5.5392E-03
-5.8475E-03
-5.5407E-03
-4.9017E-03
-4.3292E-03
-4.0066E-03
-3.8997E-03
-3.8746E-03
-3.8375E-03
-3.7881E-03
-3.8058E-03
-4.0249E-03
-4.5853E-03
-5.5657E-03
-6.9134E-03
-8.4415E-03
-9.9729E-03
-1.1453E-02
-1.2833E-02
-1.4057E-02
-1.5195E-02
-1.6371E-02
-1.7640E-02
-1.8989E-02
-2.0352E-02
-2.1665E-02
-2.2972E-02
-2.4499E-02
-2.6480E-02
-2.8994E-02
-3.1950E-02
-3.5195E-02
-3.8673E-02
-4.2369E-02
-4.6196E-02
-4.9965E-02
-5.3427E-02
-5.6417E-02
-5.8878E-02
-6.0802E-02
-6.2062E-02
-6.2449E-02
-6.1822E-02
-6.0206E-02
-5.7794E-02
-5.4878E-02
-5.1749E-02
-4.8556E-02
-4.5375E-02
-4.2302E-02
-3.9485E-02
-3.7110E-02
-3.5347E-02
-3.4261E-02
-3.3795E-02
-3.3869E-02
-3.4469E-02
-3.5640E-02
-3.7383E-02
-3.9592E-02
-4.2155E-02
-4.5024E-02
-4.8147E-02
-5.1472E-02
-5.5079E-02
-5.9251E-02
-6.4240E-02
-6.9601E-02
-7.4475E-02
-7.8603E-02
-8.2087E-02
-8.4884E-02
-8.6790E-02
-8.7623E-02
-8.7438E-02
-8.6363E-02
-8.4359E-02
-8.1391E-02
-7.7492E-02
-7.2564E-02
-6.6481E-02
-5.9309E-02
-5.1580E-02
-4.4049E-02
-3.6878E-02
-2.9819E-02
-2.2830E-02
-1.5878E-02
-8.8158E-03
-1.6832E-03
5.2842E-03
1.1886E-02
1.8046E-02
2.3867E-02
2.9644E-02
3.5654E-02
4.1795E-02
4.7767E-02
5.3390E-02
5.8747E-02
6.4023E-02
6.9167E-02
7.4021E-02
7.8527E-02
8.2573E-02
8.5981E-02
8.8713E-02
9.0844E-02
9.2399E-02
9.3364E-02
9.3771E-02
9.3791E-02
9.3667E-02
9.3512E-02
9.3259E-02
9.2786E-02
9.2184E-02
9.1714E-02
9.1503E-02
9.1493E-02
9.1499E-02
9.1318E-02
9.0799E-02
8.9882E-02
8.8633E-02
8.7247E-02
8.5946E-02
8.4847E-02
8.3850E-02
8.2709E-02
8.1196E-02
7.9178E-02
7.6672E-02
7.3899E-02
7.1165E-02
6.8622E-02
6.6257E-02
6.3981E-02
6.1749E-02
5.9605E-02
5.7632E-02
5.5833E-02
5.4084E-02
5.2315E-02
5.0578E-02
4.8891E-02
4.7180E-02
4.5343E-02
4.3359E-02
4.1331E-02
3.9365E-02
3.7505E-02
3.5737E-02
3.3975E-02
3.2066E-02
2.9827E-02
2.7161E-02
2.4200E-02
2.1194E-02
1.8291E-02
1.5543E-02
1.2932E-02
1.0389E-02
7.8792E-03
5.4877E-03
3.3167E-03
1.4156E-03
-1.3899E-04
-1.2420E-03
-1.8161E-03
-1.8101E-03
-1.1660E-03
1.6345E-04
2.1218E-03
4.4547E-03
6.7892E-03
8.8493E-03
1.0561E-02
1.2047E-02
1.3487E-02
1.5010E-02
1.6614E-02
1.8266E-02
1.9959E-02
2.1614E-02
2.3122E-02
2.4512E-02
2.5962E-02
2.7677E-02
2.9643E-02
3.1679E-02
3.3770E-02
3.5975E-02
3.8205E-02
4.0391E-02
4.2533E-02
4.4474E-02
4.5994E-02
4.7103E-02
4.7994E-02
4.8841E-02
4.9579E-02
4.9918E-02
4.9555E-02
4.8296E-02
4.6036E-02
4.2619E-02
3.7919E-02
3.2136E-02
2.5654E-02
1.8731E-02
1.1783E-02
5.3858E-03
-3.4196E-04
-5.6421E-03
-1.0589E-02
-1.5290E-02
-2.0060E-02
-2.5084E-02
-3.0232E-02
-3.5114E-02
-3.9253E-02
-4.2284E-02
-4.4095E-02
-4.4780E-02
-4.4428E-02
-4.3225E-02
-4.1503E-02
-3.9454E-02
-3.6996E-02
-3.3941E-02
-3.0188E-02
-2.5846E-02
-2.1240E-02
-1.6782E-02
-1.2734E-02
-9.1244E-03
-5.8074E-03
-2.6415E-03
3.6708E-04
3.1124E-03
5.4813E-03
7.4391E-03
9.1051E-03
1.0714E-02
1.2424E-02
1.4276E-02
1.6311E-02
1.8481E-02
2.0556E-02
2.2255E-02
2.3421E-02
2.4135E-02
2.4529E-02
2.4540E-02
2.4082E-02
2.3188E-02
2.1954E-02
2.0511E-02
1.8979E-02
1.7505E-02
1.6227E-02
1.5146E-02
1.4085E-02
1.2791E-02
1.1174E-02
9.4646E-03
8.0653E-03
7.2983E-03
7.1525E-03
7.4705E-03
8.1856E-03
9.2391E-03
1.0476E-02
1.1647E-02
1.2568E-02
1.3283E-02
1.3970E-02
1.4841E-02
1.6096E-02
1.7810E-02
1.9858E-02
2.2085E-02
2.4429E-02
2.6879E-02
2.9425E-02
3.2052E-02
3.4795E-02
3.7709E-02
4.0705E-02
4.3556E-02
4.6036E-02
4.7973E-02
4.9247E-02
4.9769E-02
4.9491E-02
4.8435E-02
4.6825E-02
4.5074E-02
4.3507E-02
4.2220E-02
4.1108E-02
3.9915E-02
3.8351E-02
3.6358E-02
3.4142E-02
3.1913E-02
2.9808E-02
2.7867E-02
2.5930E-02
2.3718E-02
2.1122E-02
1.8253E-02
1.5305E-02
1.2458E-02
9.8179E-03
7.4228E-03
5.3019E-03
3.5348E-03
2.1220E-03
9.4465E-04
-3.8197E-05
-7.4151E-04
-1.0479E-03
-8.9906E-04
-3.4176E-04
5.0187E-04
1.4170E-03
2.1116E-03
2.3952E-03
2.2811E-03
1.7847E-03
8.5212E-04
-5.8013E-04
-2.5648E-03
-5.1223E-03
-8.1293E-03
-1.1348E-02
-1.4617E-02
-1.7826E-02
-2.0841E-02
-2.3520E-02
-2.5749E-02
-2.7517E-02
-2.8976E-02
-3.0411E-02
-3.2033E-02
-3.3883E-02
-3.5863E-02
-3.7859E-02
-3.9845E-02
-4.1883E-02
-4.4081E-02
-4.6534E-02
-4.9197E-02
-5.1880E-02
-5.4540E-02
-5.7273E-02
-5.9946E-02
-6.2382E-02
-6.4651E-02
-6.6885E-02
-6.9099E-02
-7.1215E-02
-7.3101E-02
-7.4623E-02
-7.5712E-02
-7.6438E-02
-7.7031E-02
-7.7740E-02
-7.8654E-02
-7.9773E-02
-8.1033E-02
-8.2204E-02
-8.3032E-02
-8.3482E-02
-8.3678E-02
-8.3754E-02
-8.3747E-02
-8.3593E-02
-8.3177E-02
-8.2395E-02
-8.1220E-02
-7.9736E-02
-7.8047E-02
-7.6124E-02
-7.3954E-02
-7.1649E-02
-6.9356E-02
-6.7222E-02
-6.5356E-02
-6.3720E-02
-6.2134E-02
-6.0501E-02
-5.8821E-02
-5.7067E-02
-5.5267E-02
-5.3538E-02
-5.1954E-02
-5.0479E-02
-4.9008E-02
-4.7488E-02
-4.6007E-02
-4.4771E-02
-4.3973E-02
-4.3618E-02
-4.3545E-02
-4.3536E-02
-4.3401E-02
-4.3016E-02
-4.2325E-02
-4.1357E-02
-4.0207E-02
-3.8948E-02
-3.7609E-02
-3.6220E-02
-3.4830E-02
-3.3480E-02
-3.2108E-02
-3.0580E-02
-2.8866E-02
-2.7063E-02
-2.5309E-02
-2.3586E-02
-2.1761E-02
-1.9914E-02
-1.8177E-02
-1.6328E-02
-1.4169E-02
-1.1891E-02
-9.8624E-03
-8.3798E-03
-7.5328E-03
-7.2818E-03
-7.5992E-03
-8.3899E-03
-9.4882E-03
-1.0817E-02
-1.2381E-02
-1.4172E-02
-1.6108E-02
-1.8089E-02
-2.0180E-02
-2.2555E-02
-2.5219E-02
-2.8077E-02
-3.1143E-02
-3.4479E-02
-3.8052E-02
-4.1573E-02
-4.4608E-02
-4.6887E-02
-4.8396E-02
-4.9291E-02
-4.9654E-02
-4.9419E-02
-4.8494E-02
-4.6826E-02
-4.4374E-02
-4.1060E-02
-3.6819E-02
-3.1748E-02
-2.6084E-02
-1.9954E-02
-1.3472E-02
-6.8130E-03
-9.0373E-05
6.6338E-03
1.3182E-02
1.9307E-02
2.4831E-02
2.9645E-02
3.3732E-02
3.7272E-02
4.0537E-02
4.3609E-02
4.6501E-02
4.9282E-02
5.1912E-02
5.4213E-02
5.6054E-02
5.7377E-02
5.8140E-02
5.8375E-02
5.8166E-02
5.7484E-02
5.6130E-02
5.3787E-02
5.0295E-02
4.5840E-02
4.0814E-02
3.5614E-02
3.0489E-02
2.5496E-02
2.0526E-02
1.5543E-02
1.0738E-02
6.3735E-03
2.6456E-03
-4.2413E-04
-3.0714E-03
-5.6963E-03
-8.4805E-03
-1.1268E-02
-1.3871E-02
-1.6209E-02
-1.8301E-02
-2.0201E-02
-2.1951E-02
-2.3600E-02
-2.5231E-02
-2.6933E-02
-2.8702E-02
-3.0378E-02
-3.1746E-02
-3.2610E-02
-3.2754E-02
-3.2080E-02
-3.0772E-02
-2.9119E-02
-2.7275E-02
-2.5241E-02
-2.2994E-02
-2.0666E-02
-1.8448E-02
-1.6432E-02
-1.4704E-02
-1.3417E-02
-1.2735E-02
-1.2804E-02
-1.3740E-02
-1.5496E-02
-1.7844E-02
-2.0577E-02
-2.3565E-02
-2.6677E-02
-2.9861E-02
-3.3206E-02
-3.6709E-02
-4.0175E-02
-4.3475E-02
-4.6643E-02
-4.9816E-02
-5.3048E-02
-5.6239E-02
-5.9362E-02
-6.2544E-02
-6.5899E-02
-6.9466E-02
-7.3177E-02
-7.6834E-02
-8.0155E-02
-8.2918E-02
-8.4985E-02
-8.6259E-02
-8.6767E-02
-8.6658E-02
-8.5987E-02
-8.4670E-02
-8.2638E-02
-7.9923E-02
-7.6620E-02
-7.2831E-02
-6.8641E-02
-6.4216E-02
-5.9757E-02
-5.5318E-02
-5.0919E-02
-4.6698E-02
-4.2888E-02
-3.9681E-02
-3.7053E-02
-3.4815E-02
-3.2818E-02
-3.1004E-02
-2.9391E-02
-2.8023E-02
-2.6958E-02
-2.6306E-02
-2.6078E-02
-2.6092E-02
-2.6158E-02
-2.6252E-02
-2.6562E-02
-2.7286E-02
-2.8386E-02
-2.9697E-02
-3.1075E-02
-3.2377E-02
-3.3496E-02
-3.4474E-02
-3.5409E-02
-3.6297E-02
-3.6941E-02
-3.7079E-02
-3.6691E-02
-3.5983E-02
-3.5157E-02
-3.4331E-02
-3.3520E-02
-3.2679E-02
-3.1798E-02
-3.1002E-02
-3.0388E-02
-2.9866E-02
-2.9344E-02
-2.8824E-02
-2.8274E-02
-2.7658E-02
-2.7041E-02
-2.6506E-02
-2.6092E-02
-2.5887E-02
-2.5979E-02
-2.6304E-02
-2.6682E-02
-2.6972E-02
-2.7180E-02
-2.7444E-02
-2.7895E-02
-2.8582E-02
-2.9488E-02
-3.0589E-02
-3.1915E-02
-3.3499E-02
-3.5321E-02
-3.7274E-02
-3.9216E-02
-4.1057E-02
-4.2766E-02
-4.4352E-02
-4.5860E-02
-4.7317E-02
-4.8633E-02
-4.9720E-02
-5.0601E-02
-5.1351E-02
-5.2043E-02
-5.2762E-02
-5.3539E-02
-5.4299E-02
-5.5030E-02
-5.5803E-02
-5.6452E-02
-5.6620E-02
-5.6205E-02
-5.5325E-02
-5.4091E-02
-5.2567E-02
-5.0792E-02
-4.8847E-02
-4.6840E-02
-4.4826E-02
-4.2818E-02
-4.0830E-02
-3.8880E-02
-3.6987E-02
-3.5162E-02
-3.3397E-02
-3.1655E-02
-2.9880E-02
-2.8058E-02
-2.6331E-02
-2.4955E-02
-2.4106E-02
-2.3790E-02
-2.3873E-02
-2.4220E-02
-2.4773E-02
-2.5493E-02
-2.6362E-02
-2.7416E-02
-2.8620E-02
-2.9820E-02
-3.0939E-02
-3.2033E-02
-3.3133E-02
-3.4210E-02
-3.5188E-02
-3.5964E-02
-3.6446E-02
-3.6595E-02
-3.6472E-02
-3.6223E-02
-3.5932E-02
-3.5490E-02
-3.4745E-02
-3.3637E-02
-3.2230E-02
-3.0598E-02
-2.8676E-02
-2.6404E-02
-2.3867E-02
-2.1225E-02
-1.8631E-02
-1.6146E-02
-1.3815E-02
-1.1738E-02
-9.9402E-03
-8.3083E-03
-6.6937E-03
-5.0097E-03
-3.3044E-03
-1.6489E-03
-5.6922E-06
1.7714E-03
3.8393E-03
6.2138E-03
8.7798E-03
1.1422E-02
1.4089E-02
1.6787E-02
1.9443E-02
2.1918E-02
2.4163E-02
2.6249E-02
2.8283E-02
3.0226E-02
3.1906E-02
3.3290E-02
3.4475E-02
3.5484E-02
3.6355E-02
3.7209E-02
3.8055E-02
3.8732E-02
3.9076E-02
3.9028E-02
3.8647E-02
3.8069E-02
3.7401E-02
3.6656E-02
3.5782E-02
3.4802E-02
3.3726E-02
3.2398E-02
3.0700E-02
2.8744E-02
2.6713E-02
2.4743E-02
2.2957E-02
2.1477E-02
2.0428E-02
1.9966E-02
2.0229E-02
2.1142E-02
2.2422E-02
2.3891E-02
2.5565E-02
2.7622E-02
3.0199E-02
3.3232E-02
3.6486E-02
3.9697E-02
4.2780E-02
4.5786E-02
4.8748E-02
5.1664E-02
5.4510E-02
5.7251E-02
5.9847E-02
6.2260E-02
6.4416E-02
6.6163E-02
6.7422E-02
6.8270E-02
6.8788E-02
6.9013E-02
6.9001E-02
6.8815E-02
6.8467E-02
6.7950E-02
6.7251E-02
6.6299E-02
6.5027E-02
6.3535E-02
6.1996E-02
6.0475E-02
5.9024E-02
5.7743E-02
5.6661E-02
5.5722E-02
5.4902E-02
5.4205E-02
5.3620E-02
5.3100E-02
5.2581E-02
5.2076E-02
5.1638E-02
5.1224E-02
5.0743E-02
5.0153E-02
4.9397E-02
4.8394E-02
4.7192E-02
4.5990E-02
4.4985E-02
4.4257E-02
4.3732E-02
4.3344E-02
4.3126E-02
4.3062E-02
4.3061E-02
4.3068E-02
4.3065E-02
4.3043E-02
4.2998E-02
4.2925E-02
4.2830E-02
4.2738E-02
4.2695E-02
4.2771E-02
4.3038E-02
4.3541E-02
4.4261E-02
4.5083E-02
4.5847E-02
4.6470E-02
4.6962E-02
4.7363E-02
4.7643E-02
4.7716E-02
4.7576E-02
4.7252E-02
4.6669E-02
4.5594E-02
4.3743E-02
4.1029E-02
3.7633E-02
3.3870E-02
2.9954E-02
2.5962E-02
2.2010E-02
1.8184E-02
1.4480E-02
1.1118E-02
8.5107E-03
6.8122E-03
5.9472E-03
5.8364E-03
6.2843E-03
7.0171E-03
7.9587E-03
9.1303E-03
1.0504E-02
1.2136E-02
1.4161E-02
1.6564E-02
1.9094E-02
2.1397E-02
2.3353E-02
2.5151E-02
2.6964E-02
2.8716E-02
3.0112E-02
3.1105E-02
3.1969E-02
3.2793E-02
3.3478E-02
3.3946E-02
3.4181E-02
3.4194E-02
3.3934E-02
3.3327E-02
3.2358E-02
3.1137E-02
2.9874E-02
2.8742E-02
2.7784E-02
2.6897E-02
2.6039E-02
2.5229E-02
2.4315E-02
2.3100E-02
2.1582E-02
1.9877E-02
1.8093E-02
1.6252E-02
1.4386E-02
1.2634E-02
1.1126E-02
9.8874E-03
8.8402E-03
7.8772E-03
6.9555E-03
6.0868E-03
5.3129E-03
4.7100E-03
4.4383E-03
4.7408E-03
5.7441E-03
7.3410E-03
9.2774E-03
1.1290E-02
1.3254E-02
1.5160E-02
1.7040E-02
1.8926E-02
2.0749E-02
2.2334E-02
2.3644E-02
2.4823E-02
2.5947E-02
2.6991E-02
2.7889E-02
2.8573E-02
2.9024E-02
2.9314E-02
2.9615E-02
3.0112E-02
3.0778E-02
3.1374E-02
3.1750E-02
3.1932E-02
3.2073E-02
3.2341E-02
3.2839E-02
3.3593E-02
3.4538E-02
3.5592E-02
3.6835E-02
3.8466E-02
4.0497E-02
4.2786E-02
4.5217E-02
4.7667E-02
4.9946E-02
5.1821E-02
5.3139E-02
5.3944E-02
5.4372E-02
5.4540E-02
5.4573E-02
5.4587E-02
5.4635E-02
5.4725E-02
5.4846E-02
5.4971E-02
5.5056E-02
5.5038E-02
5.4838E-02
5.4383E-02
5.3637E-02
5.2633E-02
5.1462E-02
5.0130E-02
4.8536E-02
4.6751E-02
4.5043E-02
4.3592E-02
4.2447E-02
4.1578E-02
4.0953E-02
4.0553E-02
4.0340E-02
4.0284E-02
4.0371E-02
4.0466E-02
4.0358E-02
4.0022E-02
3.9593E-02
3.9195E-02
3.8835E-02
3.8429E-02
3.7959E-02
3.7516E-02
3.7247E-02
3.7223E-02
3.7393E-02
3.7675E-02
3.7971E-02
3.8135E-02
3.7994E-02
3.7436E-02
3.6556E-02
3.5571E-02
3.4581E-02
3.3566E-02
3.2444E-02
3.1109E-02
2.9485E-02
2.7576E-02
2.5507E-02
2.3450E-02
2.1423E-02
1.9356E-02
1.7371E-02
1.5699E-02
1.4461E-02
1.3527E-02
1.2645E-02
1.1821E-02
1.1231E-02
1.1016E-02
1.1214E-02
1.1758E-02
1.2545E-02
1.3420E-02
1.4215E-02
1.4947E-02
1.5792E-02
1.6801E-02
1.7890E-02
1.8959E-02
1.9900E-02
2.0601E-02
2.0983E-02
2.1041E-02
2.0858E-02
2.0539E-02
2.0169E-02
1.9819E-02
1.9491E-02
1.9055E-02
1.8381E-02
1.7471E-02
1.6469E-02
1.5519E-02
1.4584E-02
1.3621E-02
1.2753E-02
1.2136E-02
1.1784E-02
1.1459E-02
1.0863E-02
1.0003E-02
9.0713E-03
8.2023E-03
7.4640E-03
6.8686E-03
6.3720E-03
5.9318E-03
5.6056E-03
5.4626E-03
5.4611E-03
5.5103E-03
5.5452E-03
5.5142E-03
5.3725E-03
5.0955E-03
4.7007E-03
4.2681E-03
3.9428E-03
3.8794E-03
4.1106E-03
4.5119E-03
4.9173E-03
5.2232E-03
5.4777E-03
5.7890E-03
6.1919E-03
6.6367E-03
7.0489E-03
7.4408E-03
7.8903E-03
8.4155E-03
9.0221E-03
9.7750E-03
1.0685E-02
1.1638E-02
1.2494E-02
1.3158E-02
1.3596E-02
1.3854E-02
1.4045E-02
1.4275E-02
1.4552E-02
1.4797E-02
1.4924E-02
1.4955E-02
1.4927E-02
1.4685E-02
1.4068E-02
1.3119E-02
1.1947E-02
1.0608E-02
9.1654E-03
7.7408E-03
6.5173E-03
5.6497E-03
5.1545E-03
4.9614E-03
5.0095E-03
5.3019E-03
5.8875E-03
6.7795E-03
7.8887E-03
9.0295E-03
1.0073E-02
1.1078E-02
1.2172E-02
1.3437E-02
1.4880E-02
1.6411E-02
1.7852E-02
1.9025E-02
1.9847E-02
2.0286E-02
2.0327E-02
2.0038E-02
1.9568E-02
1.9043E-02
1.8510E-02
1.7902E-02
1.7158E-02
1.6305E-02
1.5372E-02
1.4340E-02
1.3175E-02
1.1854E-02
1.0398E-02
8.8857E-03
7.4294E-03
6.0802E-03
4.8154E-03
3.6477E-03
2.5958E-03
1.5775E-03
5.5434E-04
-3.3569E-04
-9.8961E-04
-1.4387E-03
-1.6542E-03
-1.5666E-03
-1.2482E-03
-8.7900E-04
-6.0496E-04
-4.3972E-04
-2.6547E-04
2.9719E-05
4.8333E-04
1.0684E-03
1.7568E-03
2.5554E-03
3.3907E-03
4.0778E-03
4.4651E-03
4.5165E-03
4.3215E-03
4.0397E-03
3.8227E-03
3.8036E-03
4.0395E-03
4.3927E-03
4.6388E-03
4.7227E-03
4.7083E-03
4.6575E-03
4.6336E-03
4.7102E-03
4.9620E-03
5.4481E-03
6.2085E-03
7.3020E-03
8.7965E-03
1.0603E-02
1.2460E-02
1.4151E-02
1.5574E-02
1.6734E-02
1.7732E-02
1.8694E-02
1.9577E-02
2.0186E-02
2.0458E-02
2.0441E-02
2.0081E-02
1.9270E-02
1.7966E-02
1.6264E-02
1.4350E-02
1.2312E-02
1.0129E-02
7.7539E-03
5.1686E-03
2.4357E-03
-2.8929E-04
-2.8737E-03
-5.4302E-03
-8.2018E-03
-1.1254E-02
-1.4432E-02
-1.7463E-02
-2.0193E-02
-2.2657E-02
-2.4958E-02
-2.7157E-02
-2.9195E-02
-3.0923E-02
-3.2228E-02
-3.3186E-02
-3.3985E-02
-3.4603E-02
-2.9264E-02
-2.9252E-02
-2.8838E-02
-2.8206E-02
-2.7489E-02
-2.6693E-02
-2.5748E-02
-2.4572E-02
-2.3115E-02
-2.1422E-02
-1.9622E-02
-1.7851E-02
-1.6206E-02
-1.4750E-02
-1.3504E-02
-1.2458E-02
-1.1621E-02
-1.1023E-02
-1.0563E-02
-1.0055E-02
-9.4596E-03
-8.8482E-03
-8.2812E-03
-7.8646E-03
-7.7118E-03
-7.6995E-03
-7.5591E-03
-7.2607E-03
-6.8897E-03
-6.4581E-03
-6.0171E-03
-5.6618E-03
-5.4040E-03
-5.2289E-03
-5.1455E-03
-5.0663E-03
-4.8195E-03
-4.3154E-03
-3.5897E-03
-2.7588E-03
-1.9194E-03
-1.1022E-03
-2.8962E-04
5.6564E-04
1.5197E-03
2.6104E-03
3.8265E-03
5.0842E-03
6.2255E-03
7.0849E-03
7.6308E-03
7.9790E-03
8.2446E-03
8.4569E-03
8.5539E-03
8.5172E-03
8.3937E-03
8.1768E-03
7.8170E-03
7.2728E-03
6.5464E-03
5.7130E-03
4.9093E-03
4.2396E-03
3.6758E-03
3.0701E-03
2.3119E-03
1.5217E-03
8.0490E-04
3.1914E-05
-9.2313E-04
-2.0245E-03
-3.1278E-03
-4.1534E-03
-5.1676E-03
-6.1557E-03
-6.9671E-03
-7.4874E-03
-7.6961E-03
-7.6489E-03
-7.4147E-03
-7.0652E-03
-6.6931E-03
-6.3596E-03
-6.0692E-03
-5.8795E-03
-5.8882E-03
-6.0964E-03
-6.4514E-03
-6.9224E-03
-7.4696E-03
-8.0122E-03
-8.4456E-03
-8.7287E-03
-8.9326E-03
-9.1354E-03
-9.3567E-03
-9.5660E-03
-9.6938E-03
-9.6500E-03
-9.3558E-03
-8.7832E-03
-7.9740E-03
-6.9975E-03
-5.9011E-03
-4.7459E-03
-3.6362E-03
-2.6973E-03
-1.9795E-03
-1.3976E-03
-8.2342E-04
-1.4962E-04
7.0155E-04
1.7451E-03
2.8625E-03
3.7145E-03
3.9279E-03
3.4762E-03
2.5478E-03
1.3100E-03
-4.2156E-05
-1.3340E-03
-2.5683E-03
-3.7580E-03
-4.7978E-03
-5.6660E-03
-6.4812E-03
-7.3436E-03
-8.2396E-03
-9.0359E-03
-9.6159E-03
-9.9733E-03
-1.0215E-02
-1.0494E-02
-1.0925E-02
-1.1576E-02
-1.2457E-02
-1.3519E-02
-1.4715E-02
-1.6048E-02
-1.7537E-02
-1.9175E-02
-2.0926E-02
-2.2775E-02
-2.4780E-02
-2.7022E-02
-2.9552E-02
-3.2333E-02
-3.5224E-02
-3.8083E-02
-4.1019E-02
-4.4239E-02
-4.7683E-02
-5.1062E-02
-5.4107E-02
-5.6855E-02
-5.9545E-02
-6.2272E-02
-6.4962E-02
-6.7462E-02
-6.9649E-02
-7.1436E-02
-7.2718E-02
-7.3439E-02
-7.3633E-02
-7.3383E-02
-7.2746E-02
-7.1700E-02
-7.0292E-02
-6.8657E-02
-6.6791E-02
-6.4617E-02
-6.2142E-02
-5.9448E-02
-5.6629E-02
-5.3741E-02
-5.0821E-02
-4.7931E-02
-4.5170E-02
-4.2626E-02
-4.0304E-02
-3.8212E-02
-3.6470E-02
-3.5179E-02
-3.4322E-02
-3.3811E-02
-3.3508E-02
-3.3278E-02
-3.3032E-02
-3.2745E-02
-3.2438E-02
-3.2163E-02
-3.1990E-02
-3.2000E-02
-3.2252E-02
-3.2755E-02
-3.3445E-02
-3.4224E-02
-3.5087E-02
-3.6118E-02
-3.7327E-02
-3.8599E-02
-3.9754E-02
-4.0699E-02
-4.1461E-02
-4.2069E-02
-4.2491E-02
-4.2648E-02
-4.2529E-02
-4.2175E-02
-4.1566E-02
-4.0710E-02
-3.9710E-02
-3.8639E-02
-3.7502E-02
-3.6270E-02
-3.4927E-02
-3.3490E-02
-3.2023E-02
-3.0590E-02
-2.9178E-02
-2.7699E-02
-2.6063E-02
-2.4278E-02
-2.2447E-02
-2.0681E-02
-1.9033E-02
-1.7498E-02
-1.6074E-02
-1.4805E-02
-1.3748E-02
-1.2947E-02
-1.2415E-02
-1.2153E-02
-1.2139E-02
-1.2291E-02
-1.2515E-02
-1.2801E-02
-1.3145E-02
-1.3483E-02
-1.3754E-02
-1.3932E-02
-1.4034E-02
-1.4116E-02
-1.4245E-02
-1.4417E-02
-1.4566E-02
-1.4678E-02
-1.4781E-02
-1.4857E-02
-1.4883E-02
-1.4877E-02
-1.4839E-02
-1.4761E-02
-1.4695E-02
-1.4711E-02
-1.4821E-02
-1.4968E-02
-1.5062E-02
-1.5054E-02
-1.4960E-02
-1.4843E-02
-1.4758E-02
-1.4701E-02
-1.4610E-02
-1.4417E-02
-1.4118E-02
-1.3752E-02
-1.3346E-02
-1.2916E-02
-1.2452E-02
-1.1883E-02
-1.1147E-02
-1.0312E-02
-9.4604E-03
-8.5705E-03
-7.5896E-03
-6.5030E-03
-5.3455E-03
-4.1764E-03
-3.0355E-03
-1.9481E-03
-9.3207E-04
5.3753E-06
8.7415E-04
1.7059E-03
2.5517E-03
3.4556E-03
4.4001E-03
5.3042E-03
6.0892E-03
6.7086E-03
7.1623E-03
7.5118E-03
7.8652E-03
8.3210E-03
8.9101E-03
9.5554E-03
1.0146E-02
1.0631E-02
1.1032E-02
1.1403E-02
1.1787E-02
1.2224E-02
1.2764E-02
1.3379E-02
1.3952E-02
1.4408E-02
1.4758E-02
1.5035E-02
1.5254E-02
1.5409E-02
1.5514E-02
1.5618E-02
1.5760E-02
1.5944E-02
1.6146E-02
1.6309E-02
1.6370E-02
1.6302E-02
1.6119E-02
1.5839E-02
1.5487E-02
1.5087E-02
1.4612E-02
1.4005E-02
1.3278E-02
1.2511E-02
1.1771E-02
1.1086E-02
1.0443E-02
9.8285E-03
9.2442E-03
8.6946E-03
8.1620E-03
7.5964E-03
6.9735E-03
6.3190E-03
5.6528E-03
4.9867E-03
4.3643E-03
3.8396E-03
3.4387E-03
3.1489E-03
2.9265E-03
2.7222E-03
2.5021E-03
2.2626E-03
2.0078E-03
1.7374E-03
1.4718E-03
1.2497E-03
1.0934E-03
9.9830E-04
9.4050E-04
8.9524E-04
8.5012E-04
8.0141E-04
7.4953E-04
6.9675E-04
6.4544E-04
5.9710E-04
5.5210E-04
5.1004E-04
4.7038E-04
4.3300E-04
3.9844E-04
3.6766E-04
3.4131E-04
3.1877E-04
2.9720E-04
2.7132E-04
2.3420E-04
1.7932E-04
1.0400E-04
1.2824E-05
-8.0847E-05
-1.6336E-04
-2.3420E-04
-2.9405E-04
-3.3526E-04
-3.5687E-04
-3.6750E-04
-3.6972E-04
-3.5882E-04
-3.3204E-04
-3.0128E-04
-2.9036E-04
-3.0611E-04
-3.3202E-04
-3.4735E-04
-3.3996E-04
-3.1277E-04
-2.7377E-04
-2.2774E-04
-1.7766E-04
-1.2636E-04
-7.6913E-05
-3.1963E-05
1.0330E-05
6.3538E-05
1.4429E-04
2.4947E-04
3.6266E-04
4.7416E-04
5.8062E-04
6.8119E-04
7.7636E-04
8.6691E-04
9.5326E-04
1.0350E-03
1.1110E-03
1.1800E-03
1.2410E-03
1.2944E-03
1.3420E-03
1.3858E-03
1.4239E-03
1.4491E-03
1.4573E-03
1.4509E-03
1.4340E-03
1.4134E-03
1.3990E-03
1.3991E-03
1.4145E-03
1.4347E-03
1.4474E-03
1.4544E-03
1.4659E-03
1.4875E-03
1.5165E-03
1.5454E-03
1.5712E-03
1.5959E-03
1.6226E-03
1.6546E-03
1.6949E-03
1.7428E-03
1.7947E-03
1.8487E-03
1.9048E-03
1.9643E-03
2.0275E-03
2.0944E-03
2.1697E-03
2.2581E-03
2.3566E-03
2.4588E-03
2.5613E-03
2.6636E-03
2.7660E-03
2.8694E-03
2.9746E-03
3.0817E-03
3.1894E-03
3.2961E-03
3.4010E-03
3.5037E-03
3.6031E-03
3.6981E-03
3.7895E-03
3.8789E-03
3.9677E-03
4.0578E-03
4.1495E-03
4.2410E-03
4.3309E-03
4.4198E-03
4.5079E-03
4.5945E-03
4.6808E-03
4.7684E-03
4.8579E-03
4.9492E-03
5.0413E-03
5.1331E-03
5.2240E-03
5.3151E-03
5.4076E-03
5.5012E-03
5.5954E-03
5.6893E-03
5.7827E-03
5.8757E-03
5.9686E-03
6.0616E-03
6.1544E-03
6.2467E-03
6.3382E-03
6.4285E-03
6.5176E-03
6.6057E-03
6.6928E-03
6.7791E-03
6.8644E-03
6.9486E-03
7.0318E-03
7.1140E-03
7.1950E-03
7.2749E-03
7.3536E-03
7.4311E-03
7.5075E-03
7.5828E-03
7.6568E-03
7.7295E-03