6.0010E+03
5.0000E-03
-2.2113E-03
-2.2060E-03
-2.2012E-03
-2.1959E-03
-2.1911E-03
-2.1858E-03
-2.1811E-03
-2.1759E-03
-2.1712E-03
-2.1659E-03
-2.1613E-03
-2.1562E-03
-2.1517E-03
-2.1467E-03
-2.1423E-03
-2.1374E-03
-2.1332E-03
-2.1285E-03
-2.1244E-03
-2.1199E-03
-2.1160E-03
-2.1116E-03
-2.1080E-03
-2.1039E-03
-2.1005E-03
-2.0967E-03
-2.0936E-03
-2.0900E-03
-2.0872E-03
-2.0839E-03
-2.0814E-03
-2.0785E-03
-2.0763E-03
-2.0737E-03
-2.0720E-03
-2.0697E-03
-2.0684E-03
-2.0665E-03
-2.0656E-03
-2.0641E-03
-2.0637E-03
-2.0630E-03
-2.0628E-03
-2.0600E-03
-2.0554E-03
-2.0488E-03
-2.0427E-03
-2.0356E-03
-2.0290E-03
-2.0213E-03
-2.0141E-03
-2.0057E-03
-1.9979E-03
-1.9888E-03
-1.9803E-03
-1.9705E-03
-1.9612E-03
-1.9506E-03
-1.9405E-03
-1.9291E-03
-1.9183E-03
-1.9062E-03
-1.8945E-03
-1.8812E-03
-1.8681E-03
-1.8547E-03
-1.8450E-03
-1.8370E-03
-1.8308E-03
-1.8236E-03
-1.8171E-03
-1.8096E-03
-1.8031E-03
-1.7955E-03
-1.7889E-03
-1.7812E-03
-1.7745E-03
-1.7667E-03
-1.7599E-03
-1.7520E-03
-1.7450E-03
-1.7370E-03
-1.7299E-03
-1.7217E-03
-1.7146E-03
-1.7063E-03
-1.6990E-03
-1.6906E-03
-1.6832E-03
-1.6745E-03
-1.6668E-03
-1.6584E-03
-1.6515E-03
-1.6427E-03
-1.6325E-03
-1.6210E-03
-1.6210E-03
-1.6441E-03
-1.6819E-03
-1.7207E-03
-1.7616E-03
-1.8021E-03
-1.8464E-03
-1.8912E-03
-1.9385E-03
-1.9849E-03
-2.0359E-03
-2.0919E-03
-2.1528E-03
-2.1938E-03
-2.1872E-03
-2.1439E-03
-2.0944E-03
-2.0420E-03
-1.9891E-03
-1.9303E-03
-1.8773E-03
-1.8337E-03
-1.7878E-03
-1.6764E-03
-1.4563E-03
-1.2388E-03
-1.1983E-03
-1.2580E-03
-1.3317E-03
-1.3981E-03
-1.4603E-03
-1.5240E-03
-1.5924E-03
-1.6651E-03
-1.7492E-03
-1.8337E-03
-1.8848E-03
-1.8506E-03
-1.7737E-03
-1.6907E-03
-1.6094E-03
-1.5272E-03
-1.4446E-03
-1.3607E-03
-1.2716E-03
-1.1554E-03
-1.0023E-03
-8.2163E-04
-6.4924E-04
-5.4299E-04
-5.5262E-04
-6.1392E-04
-6.8008E-04
-7.4166E-04
-8.0408E-04
-8.6961E-04
-9.3980E-04
-1.0083E-03
-1.0763E-03
-1.1467E-03
-1.2347E-03
-1.3309E-03
-1.3799E-03
-1.2788E-03
-1.0427E-03
-7.6170E-04
-4.7797E-04
-1.7907E-04
1.3887E-04
4.2374E-04
5.4789E-04
4.7332E-04
3.1386E-04
1.5089E-04
-9.2094E-06
-1.6490E-04
-3.2489E-04
-4.8898E-04
-6.7563E-04
-8.7992E-04
-1.0412E-03
-1.0178E-03
-7.7218E-04
-4.3558E-04
-1.0033E-04
2.4043E-04
6.0794E-04
9.9574E-04
1.2777E-03
1.2853E-03
1.0928E-03
8.6057E-04
6.2711E-04
4.0557E-04
1.7255E-04
-6.3559E-05
-3.1208E-04
-5.5814E-04
-8.1088E-04
-1.0589E-03
-1.3256E-03
-1.6208E-03
-1.9652E-03
-2.3242E-03
-2.6991E-03
-3.0701E-03
-3.4460E-03
-3.8095E-03
-4.2014E-03
-4.6320E-03
-5.0588E-03
-5.1733E-03
-4.6231E-03
-3.0850E-03
-1.0163E-03
1.1529E-03
2.9650E-03
3.7367E-03
3.1688E-03
2.1249E-03
1.5029E-03
1.6674E-03
2.2456E-03
2.8878E-03
3.4306E-03
3.5147E-03
2.9605E-03
2.3204E-03
2.2828E-03
2.7942E-03
3.3203E-03
3.3866E-03
3.1188E-03
2.7772E-03
2.4596E-03
2.1670E-03
1.8692E-03
1.5404E-03
1.1717E-03
8.3493E-04
7.1391E-04
9.5051E-04
1.3533E-03
1.7656E-03
2.1698E-03
2.5715E-03
2.9835E-03
3.3934E-03
3.8002E-03
4.2234E-03
4.6880E-03
5.1117E-03
5.2192E-03
4.5475E-03
3.1684E-03
1.5721E-03
-1.9935E-05
-1.6051E-03
-3.2732E-03
-4.9899E-03
-6.4585E-03
-7.1776E-03
-7.2288E-03
-6.7124E-03
-5.6758E-03
-4.4657E-03
-3.2328E-03
-1.9285E-03
-5.3889E-04
6.5327E-04
1.0286E-03
3.9533E-04
-6.4938E-04
-1.7043E-03
-2.7177E-03
-3.7108E-03
-4.7475E-03
-5.8389E-03
-6.9082E-03
-7.6353E-03
-7.6311E-03
-6.4103E-03
-4.1629E-03
-1.5121E-03
1.2846E-03
3.9070E-03
5.5782E-03
5.6877E-03
5.0708E-03
4.4253E-03
3.8287E-03
3.2722E-03
2.6739E-03
2.0678E-03
1.4512E-03
8.5148E-04
2.4197E-04
-2.7940E-04
-4.7676E-04
4.0828E-04
2.9173E-03
6.8280E-03
1.1508E-02
1.5984E-02
1.8426E-02
1.7901E-02
1.5693E-02
1.3192E-02
1.0798E-02
8.4987E-03
6.0940E-03
3.5063E-03
9.1507E-04
-8.3022E-04
-7.8311E-04
1.1479E-03
3.7244E-03
5.6732E-03
5.9504E-03
5.1211E-03
4.0991E-03
3.1480E-03
2.2414E-03
1.2569E-03
2.0657E-04
-6.6797E-04
-9.6737E-04
-7.2697E-04
-3.4200E-04
-4.7328E-05
1.8155E-04
8.0158E-04
2.5331E-03
5.3056E-03
9.0951E-03
1.3158E-02
1.5218E-02
1.4191E-02
1.1042E-02
8.2090E-03
7.4211E-03
8.9583E-03
1.1151E-02
1.2175E-02
1.0544E-02
7.2108E-03
3.5771E-03
1.0534E-03
1.0029E-03
3.9539E-03
8.6322E-03
1.2776E-02
1.4654E-02
1.2966E-02
8.5833E-03
3.7056E-03
1.1065E-03
1.4576E-03
3.9842E-03
7.9202E-03
1.1955E-02
1.4175E-02
1.2659E-02
8.1751E-03
4.0118E-03
3.1785E-03
6.6948E-03
1.2493E-02
1.6606E-02
1.6902E-02
1.3619E-02
9.0894E-03
4.9459E-03
1.9935E-03
6.1571E-04
-3.9291E-04
-2.1873E-03
-4.4290E-03
-5.7345E-03
-4.6546E-03
-2.0787E-03
8.5947E-04
4.0272E-03
7.5050E-03
1.0272E-02
1.0410E-02
7.9823E-03
4.7872E-03
1.8835E-03
-4.9092E-05
-7.4107E-04
4.2438E-04
2.9938E-03
6.3573E-03
9.1849E-03
1.0150E-02
7.9672E-03
3.8584E-03
-2.3632E-04
-2.5882E-03
-2.0452E-03
1.5947E-03
6.8899E-03
1.2776E-02
1.6892E-02
1.6557E-02
9.3856E-03
-1.4656E-03
-1.1972E-02
-1.8808E-02
-2.0546E-02
-1.7966E-02
-1.3296E-02
-7.4359E-03
-6.2132E-04
6.9289E-03
1.4675E-02
2.1392E-02
2.6111E-02
2.8647E-02
2.9008E-02
2.7971E-02
2.5791E-02
2.2167E-02
1.8062E-02
1.3657E-02
9.0005E-03
4.3657E-03
8.6521E-04
-1.5488E-03
-2.7703E-03
-2.9700E-03
-2.1432E-03
-8.8855E-04
4.0669E-04
1.6947E-03
2.9478E-03
4.1101E-03
5.2903E-03
7.0221E-03
9.9785E-03
1.4253E-02
1.8431E-02
2.0588E-02
1.9588E-02
1.6795E-02
1.4422E-02
1.4790E-02
1.7312E-02
2.0292E-02
2.3455E-02
2.6248E-02
2.7533E-02
2.5287E-02
2.0621E-02
1.5177E-02
9.8782E-03
5.9145E-03
4.6371E-03
5.3229E-03
6.2580E-03
7.1668E-03
1.0016E-02
1.6341E-02
2.6300E-02
3.6353E-02
3.9795E-02
3.3532E-02
2.1234E-02
8.9052E-03
1.5412E-03
2.4443E-03
1.0125E-02
1.9934E-02
2.5681E-02
2.5127E-02
2.1023E-02
1.5618E-02
1.0540E-02
6.6076E-03
3.8261E-03
2.4761E-03
4.0870E-03
7.8413E-03
1.2554E-02
1.7524E-02
2.1000E-02
2.1424E-02
1.9761E-02
1.7660E-02
1.8540E-02
2.3611E-02
3.0550E-02
3.5129E-02
3.5101E-02
3.0167E-02
2.1815E-02
1.3548E-02
8.6706E-03
1.0052E-02
1.6701E-02
2.4689E-02
2.8461E-02
2.5545E-02
1.8234E-02
1.1027E-02
6.2386E-03
2.6944E-03
-9.5939E-04
-5.0538E-03
-9.1982E-03
-1.1754E-02
-1.1076E-02
-7.9082E-03
-6.8585E-03
-9.8278E-03
-1.6052E-02
-2.1717E-02
-2.3870E-02
-2.1298E-02
-1.6120E-02
-1.0380E-02
-5.1520E-03
-5.5909E-04
4.4628E-03
9.2051E-03
1.1732E-02
1.2075E-02
1.1605E-02
1.3388E-02
1.9891E-02
3.1496E-02
4.3843E-02
4.9365E-02
4.3608E-02
2.8854E-02
1.5404E-02
9.3535E-03
1.0133E-02
1.7381E-02
2.6138E-02
3.2212E-02
3.4764E-02
3.4200E-02
3.4185E-02
3.7126E-02
4.3745E-02
5.0847E-02
5.5730E-02
5.7012E-02
5.4810E-02
4.9435E-02
4.1696E-02
3.3017E-02
2.5609E-02
1.8525E-02
9.7334E-03
-1.7999E-03
-1.4797E-02
-2.5816E-02
-3.1121E-02
-2.9159E-02
-2.1064E-02
-8.6887E-03
3.8486E-03
1.4592E-02
2.3799E-02
3.2279E-02
4.1068E-02
4.8497E-02
4.9521E-02
4.1154E-02
2.4146E-02
4.7486E-03
-9.4923E-03
-1.5539E-02
-1.3202E-02
-5.7203E-03
3.4233E-03
1.2168E-02
1.8479E-02
2.0678E-02
1.8534E-02
1.3224E-02
6.9784E-03
1.6120E-03
-1.6989E-03
-2.4077E-03
-2.2925E-03
-3.5796E-03
-7.2258E-03
-1.2638E-02
-1.7315E-02
-1.8961E-02
-1.5776E-02
-7.9949E-03
1.6965E-03
1.0081E-02
1.6092E-02
1.9635E-02
2.3635E-02
3.1603E-02
4.2491E-02
5.2493E-02
5.8516E-02
5.6611E-02
4.7575E-02
3.5034E-02
2.3668E-02
1.6615E-02
1.6718E-02
2.3203E-02
3.4245E-02
4.4243E-02
4.9989E-02
5.2091E-02
5.2343E-02
5.4031E-02
5.7756E-02
6.2969E-02
6.6653E-02
6.6376E-02
6.0988E-02
5.3855E-02
4.9494E-02
4.9647E-02
5.1034E-02
4.8221E-02
4.0272E-02
3.0220E-02
2.4553E-02
2.5690E-02
3.1228E-02
3.7415E-02
3.9018E-02
3.4913E-02
2.6887E-02
2.0545E-02
1.8435E-02
2.0411E-02
2.2659E-02
2.1746E-02
1.7457E-02
1.1718E-02
7.0545E-03
4.4589E-03
4.3081E-03
6.8375E-03
1.1822E-02
1.8601E-02
2.5378E-02
3.1716E-02
3.9424E-02
4.8589E-02
5.8577E-02
6.8578E-02
7.7836E-02
8.4528E-02
8.7538E-02
8.6721E-02
8.2992E-02
7.8124E-02
7.6142E-02
7.9821E-02
8.9173E-02
1.0074E-01
1.0913E-01
1.1175E-01
1.1006E-01
1.0589E-01
1.0267E-01
1.0152E-01
1.0197E-01
1.0169E-01
9.9018E-02
9.3208E-02
8.6510E-02
8.1067E-02
7.8083E-02
7.7149E-02
7.7444E-02
7.7405E-02
7.5045E-02
6.8459E-02
5.8843E-02
4.8329E-02
3.8767E-02
3.1664E-02
2.7716E-02
2.5882E-02
2.3862E-02
1.8996E-02
1.0036E-02
-2.3247E-03
-1.4561E-02
-2.4255E-02
-3.1641E-02
-3.6512E-02
-3.7213E-02
-3.3875E-02
-2.8042E-02
-2.3254E-02
-2.0587E-02
-1.9786E-02
-1.9918E-02
-2.0190E-02
-2.0376E-02
-2.0780E-02
-2.2273E-02
-2.5053E-02
-2.8739E-02
-3.2392E-02
-3.5268E-02
-3.7047E-02
-3.7632E-02
-3.7279E-02
-3.5613E-02
-3.2146E-02
-2.5239E-02
-1.3625E-02
3.1169E-03
2.2473E-02
4.0881E-02
5.4440E-02
6.0749E-02
5.8515E-02
4.8881E-02
3.5270E-02
2.0730E-02
8.3201E-03
1.9560E-03
4.8097E-03
1.8028E-02
3.6959E-02
5.7067E-02
7.3783E-02
8.6591E-02
9.4777E-02
9.8016E-02
9.5661E-02
8.7309E-02
7.2357E-02
5.4431E-02
3.3966E-02
1.8617E-02
1.3896E-02
1.8094E-02
2.7842E-02
4.1509E-02
5.7422E-02
7.4563E-02
9.3242E-02
1.1165E-01
1.2587E-01
1.3090E-01
1.2635E-01
1.1670E-01
1.0759E-01
1.0180E-01
9.9462E-02
9.9212E-02
9.9832E-02
1.0128E-01
1.0522E-01
1.1305E-01
1.2591E-01
1.4056E-01
1.5359E-01
1.6473E-01
1.7435E-01
1.8181E-01
1.8661E-01
1.8743E-01
1.8401E-01
1.7767E-01
1.7039E-01
1.6379E-01
1.5960E-01
1.5905E-01
1.6116E-01
1.6465E-01
1.6767E-01
1.6710E-01
1.6221E-01
1.5517E-01
1.4777E-01
1.4057E-01
1.3343E-01
1.2601E-01
1.1766E-01
1.0752E-01
9.4497E-02
7.9564E-02
6.1735E-02
3.7651E-02
5.2728E-03
-2.9555E-02
-6.3767E-02
-9.7791E-02
-1.3099E-01
-1.6253E-01
-1.9227E-01
-2.2257E-01
-2.5399E-01
-2.8278E-01
-3.0569E-01
-3.2446E-01
-3.4053E-01
-3.5583E-01
-3.7233E-01
-3.8854E-01
-4.0148E-01
-4.0981E-01
-4.1607E-01
-4.2280E-01
-4.3057E-01
-4.3863E-01
-4.4408E-01
-4.4270E-01
-4.3197E-01
-4.1600E-01
-3.9819E-01
-3.8037E-01
-3.6157E-01
-3.3862E-01
-3.1085E-01
-2.8133E-01
-2.5034E-01
-2.1903E-01
-1.8825E-01
-1.5711E-01
-1.2670E-01
-1.0092E-01
-8.3378E-02
-7.0860E-02
-6.0652E-02
-5.1313E-02
-4.2536E-02
-3.5684E-02
-3.1873E-02
-3.2348E-02
-3.7311E-02
-4.6274E-02
-5.5461E-02
-6.2918E-02
-6.8869E-02
-7.4401E-02
-8.0634E-02
-8.8232E-02
-9.6508E-02
-1.0410E-01
-1.1021E-01
-1.1551E-01
-1.2121E-01
-1.2768E-01
-1.3379E-01
-1.3693E-01
-1.3604E-01
-1.3113E-01
-1.2352E-01
-1.1472E-01
-1.0585E-01
-9.7654E-02
-9.0400E-02
-8.3412E-02
-7.6354E-02
-6.9972E-02
-6.4297E-02
-5.8447E-02
-5.2212E-02
-4.6010E-02
-3.9390E-02
-3.1311E-02
-2.1891E-02
-1.2284E-02
-4.2305E-03
9.6793E-04
4.6782E-03
7.6962E-03
9.6613E-03
1.0429E-02
1.0054E-02
8.8977E-03
7.2402E-03
5.5419E-03
4.4919E-03
5.1006E-03
7.4247E-03
1.0806E-02
1.3910E-02
1.5715E-02
1.5626E-02
1.3830E-02
1.0927E-02
7.9491E-03
6.1698E-03
6.2841E-03
7.0209E-03
6.6535E-03
4.5056E-03
1.1742E-03
-1.4130E-03
-2.7485E-03
-3.4405E-03
-5.3758E-03
-9.0814E-03
-1.3965E-02
-1.8264E-02
-2.1845E-02
-2.5964E-02
-3.1024E-02
-3.6850E-02
-4.3294E-02
-5.0378E-02
-5.8498E-02
-6.7301E-02
-7.6421E-02
-8.5475E-02
-9.4667E-02
-1.0481E-01
-1.1676E-01
-1.2859E-01
-1.3934E-01
-1.4955E-01
-1.6006E-01
-1.7187E-01
-1.8517E-01
-1.9688E-01
-2.0717E-01
-2.1741E-01
-2.2786E-01
-2.3822E-01
-2.4731E-01
-2.5474E-01
-2.6109E-01
-2.6700E-01
-2.7277E-01
-2.7887E-01
-2.8489E-01
-2.9056E-01
-2.9610E-01
-3.0161E-01
-3.0697E-01
-3.1230E-01
-3.1742E-01
-3.2164E-01
-3.2464E-01
-3.2656E-01
-3.2771E-01
-3.2822E-01
-3.2776E-01
-3.2622E-01
-3.2367E-01
-3.2119E-01
-3.1964E-01
-3.1966E-01
-3.2169E-01
-3.2618E-01
-3.3192E-01
-3.3724E-01
-3.4009E-01
-3.3950E-01
-3.3535E-01
-3.2950E-01
-3.2407E-01
-3.2069E-01
-3.1952E-01
-3.1884E-01
-3.1647E-01
-3.1040E-01
-3.0127E-01
-2.9045E-01
-2.7903E-01
-2.6766E-01
-2.5757E-01
-2.5057E-01
-2.4584E-01
-2.4232E-01
-2.4047E-01
-2.4022E-01
-2.4110E-01
-2.4221E-01
-2.4274E-01
-2.4202E-01
-2.4000E-01
-2.3661E-01
-2.3116E-01
-2.2344E-01
-2.1368E-01
-2.0419E-01
-1.9634E-01
-1.8885E-01
-1.8039E-01
-1.6965E-01
-1.5626E-01
-1.3849E-01
-1.1343E-01
-8.4883E-02
-5.6983E-02
-2.6748E-02
6.2521E-03
3.9543E-02
6.9911E-02
9.9242E-02
1.2863E-01
1.5456E-01
1.7739E-01
1.9825E-01
2.1839E-01
2.3780E-01
2.5462E-01
2.6882E-01
2.8091E-01
2.9054E-01
2.9703E-01
3.0102E-01
3.0368E-01
3.0581E-01
3.0727E-01
3.0797E-01
3.0780E-01
3.0714E-01
3.0651E-01
3.0674E-01
3.0812E-01
3.1109E-01
3.1523E-01
3.1975E-01
3.2372E-01
3.2677E-01
3.2838E-01
3.2865E-01
3.2807E-01
3.2749E-01
3.2663E-01
3.2410E-01
3.1910E-01
3.1161E-01
3.0255E-01
2.9351E-01
2.8584E-01
2.8117E-01
2.7907E-01
2.7863E-01
2.7804E-01
2.7498E-01
2.6740E-01
2.5738E-01
2.4800E-01
2.4050E-01
2.3370E-01
2.2616E-01
2.1802E-01
2.0918E-01
1.9900E-01
1.8820E-01
1.7758E-01
1.6763E-01
1.5891E-01
1.5225E-01
1.4794E-01
1.4569E-01
1.4489E-01
1.4504E-01
1.4595E-01
1.4731E-01
1.4896E-01
1.5147E-01
1.5404E-01
1.5334E-01
1.4463E-01
1.3172E-01
1.1998E-01
1.1357E-01
1.1272E-01
1.1436E-01
1.1447E-01
1.1031E-01
1.0118E-01
9.0061E-02
8.0053E-02
7.2690E-02
6.8448E-02
6.6180E-02
6.4528E-02
6.2214E-02
5.8524E-02
5.3338E-02
4.7157E-02
4.0518E-02
3.4343E-02
2.8544E-02
2.2048E-02
1.4197E-02
4.4824E-03
-7.2293E-03
-1.7871E-02
-2.5255E-02
-3.0394E-02
-3.4634E-02
-3.8920E-02
-4.3900E-02
-4.9299E-02
-5.3674E-02
-5.5707E-02
-5.4585E-02
-5.1293E-02
-4.6966E-02
-4.3377E-02
-4.2271E-02
-4.4204E-02
-4.8531E-02
-5.3183E-02
-5.6150E-02
-5.6387E-02
-5.4815E-02
-5.3082E-02
-5.2866E-02
-5.4066E-02
-5.5927E-02
-5.7195E-02
-5.7520E-02
-5.6668E-02
-5.4714E-02
-5.2011E-02
-4.9508E-02
-4.8116E-02
-4.8124E-02
-4.8016E-02
-4.6018E-02
-4.1979E-02
-3.6913E-02
-3.2678E-02
-3.0349E-02
-3.0949E-02
-3.3354E-02
-3.5445E-02
-3.4956E-02
-3.1810E-02
-2.7001E-02
-2.1495E-02
-1.6558E-02
-1.3494E-02
-1.3004E-02
-1.3807E-02
-1.2439E-02
-5.2924E-03
5.8506E-03
1.7493E-02
2.5291E-02
2.7201E-02
2.3145E-02
1.7098E-02
1.4426E-02
1.8323E-02
2.9270E-02
4.2599E-02
5.4307E-02
6.2348E-02
6.4289E-02
6.1621E-02
5.7931E-02
6.0237E-02
7.3240E-02
9.4213E-02
1.1360E-01
1.2584E-01
1.3169E-01
1.3389E-01
1.3358E-01
1.3252E-01
1.3292E-01
1.3643E-01
1.4208E-01
1.4745E-01
1.5110E-01
1.5295E-01
1.5511E-01
1.5853E-01
1.6305E-01
1.6751E-01
1.7103E-01
1.7388E-01
1.7614E-01
1.7753E-01
1.7853E-01
1.7921E-01
1.7936E-01
1.7923E-01
1.7909E-01
1.7878E-01
1.7817E-01
1.7719E-01
1.7584E-01
1.7411E-01
1.7198E-01
1.6937E-01
1.6624E-01
1.6260E-01
1.5839E-01
1.5281E-01
1.4402E-01
1.3159E-01
1.1742E-01
1.0412E-01
9.4352E-02
8.6943E-02
7.9526E-02
6.9539E-02
5.7532E-02
4.6686E-02
4.1632E-02
4.0992E-02
4.2517E-02
4.4018E-02
4.4045E-02
4.2503E-02
4.0047E-02
3.7531E-02
3.4921E-02
3.2153E-02
2.9242E-02
2.6822E-02
2.4903E-02
2.2613E-02
1.9465E-02
1.5595E-02
1.1611E-02
8.0542E-03
5.2748E-03
3.6443E-03
3.6683E-03
5.2610E-03
7.5887E-03
9.4169E-03
9.9370E-03
9.3121E-03
9.3345E-03
1.1945E-02
1.7579E-02
2.4061E-02
2.8096E-02
2.8738E-02
2.4630E-02
1.6139E-02
6.3460E-03
-3.4617E-04
-1.2508E-03
2.9885E-03
1.0134E-02
1.6713E-02
1.8402E-02
1.3722E-02
2.8536E-03
-9.7779E-03
-1.6876E-02
-1.9514E-02
-1.9827E-02
-1.9639E-02
-2.1016E-02
-2.5648E-02
-3.2411E-02
-3.9178E-02
-4.4089E-02
-4.6926E-02
-4.8606E-02
-5.0047E-02
-5.1935E-02
-5.3922E-02
-5.5253E-02
-5.5244E-02
-5.5238E-02
-5.6764E-02
-6.1345E-02
-6.8186E-02
-7.6293E-02
-8.4557E-02
-9.1517E-02
-9.5581E-02
-9.6092E-02
-9.3405E-02
-8.8505E-02
-8.4141E-02
-8.3327E-02
-8.7392E-02
-9.5877E-02
-1.0497E-01
-1.1048E-01
-1.1047E-01
-1.0577E-01
-9.9209E-02
-9.3260E-02
-8.9180E-02
-8.6794E-02
-8.3018E-02
-7.4797E-02
-6.1461E-02
-4.5790E-02
-3.2543E-02
-2.5267E-02
-2.3676E-02
-2.4528E-02
-2.4545E-02
-2.0372E-02
-1.3552E-02
-6.3742E-03
-1.6887E-03
-2.2296E-03
-9.0467E-03
-1.9252E-02
-2.8482E-02
-3.2711E-02
-3.1622E-02
-2.6189E-02
-2.0589E-02
-1.8318E-02
-1.9870E-02
-2.4265E-02
-2.8833E-02
-3.1185E-02
-3.0049E-02
-2.6392E-02
-2.1859E-02
-1.7861E-02
-1.4684E-02
-1.2788E-02
-1.2214E-02
-1.2692E-02
-1.3229E-02
-1.2105E-02
-5.7509E-03
7.4686E-03
2.2727E-02
3.4353E-02
4.1139E-02
4.2750E-02
4.2191E-02
4.2465E-02
4.5373E-02
5.0152E-02
5.4493E-02
5.6364E-02
5.3370E-02
4.6135E-02
3.8347E-02
3.4845E-02
3.7301E-02
4.4229E-02
5.3126E-02
6.1635E-02
6.8482E-02
7.5081E-02
8.3212E-02
9.2909E-02
1.0300E-01
1.1080E-01
1.1514E-01
1.1594E-01
1.1450E-01
1.1255E-01
1.1154E-01
1.1150E-01
1.1008E-01
1.0545E-01
9.6784E-02
8.6003E-02
7.4473E-02
6.1941E-02
4.8472E-02
3.5438E-02
2.4050E-02
1.4023E-02
4.4865E-03
-5.2100E-03
-1.4939E-02
-2.3756E-02
-3.0594E-02
-3.5764E-02
-3.9971E-02
-4.3747E-02
-4.7739E-02
-5.2366E-02
-5.7959E-02
-6.4384E-02
-7.0863E-02
-7.5400E-02
-7.6689E-02
-7.4009E-02
-6.8702E-02
-6.1342E-02
-5.3246E-02
-4.6588E-02
-4.2154E-02
-4.0065E-02
-3.8956E-02
-3.7772E-02
-3.5853E-02
-3.3691E-02
-3.2012E-02
-3.1652E-02
-3.3293E-02
-3.7931E-02
-4.5164E-02
-5.4049E-02
-6.2599E-02
-6.8541E-02
-7.0033E-02
-6.6394E-02
-6.0170E-02
-5.4501E-02
-5.1242E-02
-5.1110E-02
-5.1925E-02
-5.1804E-02
-5.0516E-02
-4.9463E-02
-4.9836E-02
-5.1009E-02
-5.1848E-02
-5.1099E-02
-5.0028E-02
-5.0684E-02
-5.5030E-02
-6.2187E-02
-7.0207E-02
-7.6721E-02
-8.0368E-02
-8.0488E-02
-7.8554E-02
-7.6247E-02
-7.5476E-02
-7.7841E-02
-8.4027E-02
-9.1365E-02
-9.7413E-02
-1.0120E-01
-1.0312E-01
-1.0413E-01
-1.0510E-01
-1.0668E-01
-1.0885E-01
-1.1092E-01
-1.1179E-01
-1.1090E-01
-1.0878E-01
-1.0700E-01
-1.0742E-01
-1.1073E-01
-1.1604E-01
-1.2092E-01
-1.2275E-01
-1.2045E-01
-1.1606E-01
-1.1260E-01
-1.1058E-01
-1.0989E-01
-1.0926E-01
-1.0827E-01
-1.0721E-01
-1.0677E-01
-1.0728E-01
-1.0872E-01
-1.1044E-01
-1.1157E-01
-1.1162E-01
-1.1064E-01
-1.0873E-01
-1.0610E-01
-1.0222E-01
-9.7299E-02
-9.1168E-02
-8.3766E-02
-7.5493E-02
-6.7856E-02
-6.2303E-02
-6.0248E-02
-5.9066E-02
-5.5075E-02
-4.5579E-02
-3.2474E-02
-1.9557E-02
-9.8184E-03
-5.2017E-03
-3.5635E-03
-3.0746E-03
-3.2505E-03
-4.1234E-03
-6.5811E-03
-1.0696E-02
-1.5434E-02
-1.8044E-02
-1.7722E-02
-1.5069E-02
-1.2668E-02
-1.3418E-02
-1.9512E-02
-2.8408E-02
-3.5068E-02
-3.7777E-02
-3.6333E-02
-3.2038E-02
-2.6656E-02
-2.1661E-02
-1.7486E-02
-1.3713E-02
-9.3039E-03
-2.5230E-03
7.8614E-03
2.0753E-02
3.2890E-02
4.2788E-02
4.8727E-02
5.1780E-02
5.3332E-02
5.5543E-02
5.9993E-02
6.7092E-02
7.5444E-02
8.3351E-02
9.0465E-02
9.6378E-02
1.0043E-01
1.0237E-01
1.0269E-01
1.0320E-01
1.0565E-01
1.1048E-01
1.1768E-01
1.2725E-01
1.3810E-01
1.4863E-01
1.5730E-01
1.6295E-01
1.6511E-01
1.6355E-01
1.5954E-01
1.5507E-01
1.5215E-01
1.5249E-01
1.5593E-01
1.6212E-01
1.6873E-01
1.7289E-01
1.7353E-01
1.7023E-01
1.6311E-01
1.5385E-01
1.4337E-01
1.3301E-01
1.2524E-01
1.2037E-01
1.1736E-01
1.1449E-01
1.1107E-01
1.0751E-01
1.0523E-01
1.0471E-01
1.0615E-01
1.0795E-01
1.0823E-01
1.0494E-01
9.6732E-02
8.3543E-02
6.9783E-02
6.0013E-02
5.5728E-02
5.5434E-02
5.5522E-02
5.0998E-02
3.9342E-02
2.2524E-02
6.9633E-03
-2.7124E-03
-7.7014E-03
-1.0141E-02
-1.4679E-02
-2.4285E-02
-3.8717E-02
-5.4911E-02
-7.0369E-02
-8.3840E-02
-9.5849E-02
-1.0780E-01
-1.2123E-01
-1.3680E-01
-1.5412E-01
-1.7166E-01
-1.8650E-01
-1.9681E-01
-2.0133E-01
-1.9911E-01
-1.9120E-01
-1.7726E-01
-1.6047E-01
-1.4363E-01
-1.2823E-01
-1.1514E-01
-1.0266E-01
-8.9302E-02
-7.5198E-02
-6.2150E-02
-5.4003E-02
-5.2648E-02
-5.8040E-02
-6.5856E-02
-6.7540E-02
-5.8149E-02
-4.1245E-02
-2.2825E-02
-7.3841E-03
4.0096E-03
1.3255E-02
2.1361E-02
2.8861E-02
3.6457E-02
4.5205E-02
5.5498E-02
6.5337E-02
7.3718E-02
8.0048E-02
8.2808E-02
8.0023E-02
7.3877E-02
6.7672E-02
6.4133E-02
6.3237E-02
6.3115E-02
6.1898E-02
5.8609E-02
5.5113E-02
5.3857E-02
5.7606E-02
6.6096E-02
7.7458E-02
8.7790E-02
9.6154E-02
1.0288E-01
1.0805E-01
1.1032E-01
1.0851E-01
1.0249E-01
9.4540E-02
8.8277E-02
8.5099E-02
8.2999E-02
7.9092E-02
7.1070E-02
5.9198E-02
4.6693E-02
3.7176E-02
3.0948E-02
2.6554E-02
2.3243E-02
2.1199E-02
2.0696E-02
2.0763E-02
2.0818E-02
2.0748E-02
2.0955E-02
2.2134E-02
2.4887E-02
2.8219E-02
3.0769E-02
3.1967E-02
3.1785E-02
3.0531E-02
2.8263E-02
2.4558E-02
1.9783E-02
1.4925E-02
1.1195E-02
8.5153E-03
6.8404E-03
6.5839E-03
7.5487E-03
9.1780E-03
1.0270E-02
9.8018E-03
7.8654E-03
5.9571E-03
5.8323E-03
7.4850E-03
9.6826E-03
1.0303E-02
8.2950E-03
3.3077E-03
-3.2900E-03
-9.9020E-03
-1.5745E-02
-2.1341E-02
-2.7621E-02
-3.5063E-02
-4.2676E-02
-4.9228E-02
-5.3941E-02
-5.6620E-02
-5.7313E-02
-5.6855E-02
-5.6369E-02
-5.6257E-02
-5.5489E-02
-5.1954E-02
-4.4683E-02
-3.4619E-02
-2.4021E-02
-1.4393E-02
-7.1061E-03
-1.7244E-03
2.5158E-03
7.1975E-03
1.3501E-02
2.1321E-02
2.9924E-02
3.8409E-02
4.5961E-02
5.1385E-02
5.4146E-02
5.4224E-02
5.2708E-02
5.0706E-02
4.8615E-02
4.6434E-02
4.4058E-02
4.1474E-02
3.8884E-02
3.6852E-02
3.5992E-02
3.6046E-02
3.5722E-02
3.3656E-02
2.9523E-02
2.4649E-02
2.0369E-02
1.7253E-02
1.4749E-02
1.2163E-02
9.4917E-03
7.5660E-03
7.1398E-03
7.8396E-03
8.5614E-03
7.6066E-03
4.8120E-03
1.2262E-03
-1.0665E-03
-1.4669E-03
-2.9194E-04
1.6220E-03
3.3186E-03
4.0065E-03
3.7588E-03
3.2048E-03
2.9837E-03
3.6205E-03
5.0975E-03
7.0548E-03
9.2445E-03
1.1903E-02
1.5010E-02
1.8021E-02
2.0121E-02
2.0116E-02
1.7575E-02
1.2330E-02
4.7646E-03
-2.7210E-03
-8.8500E-03
-1.3885E-02
-1.7455E-02
-1.7729E-02
-1.5260E-02
-1.0897E-02
-5.5311E-03
3.1033E-04
6.1725E-03
1.1309E-02
1.5575E-02
2.0872E-02
2.8825E-02
3.8966E-02
4.7646E-02
5.3411E-02
5.5939E-02
5.6210E-02
5.5106E-02
5.2873E-02
4.9920E-02
4.6031E-02
4.0785E-02
3.3474E-02
2.3547E-02
1.2825E-02
4.0071E-03
-8.8762E-04
-3.4265E-03
-5.2297E-03
-6.6323E-03
-8.0569E-03
-9.4841E-03
-1.1113E-02
-1.3363E-02
-1.7477E-02
-2.3484E-02
-3.0577E-02
-3.7307E-02
-4.2735E-02
-4.5859E-02
-4.6986E-02
-4.6380E-02
-4.4469E-02
-4.1839E-02
-3.9115E-02
-3.6610E-02
-3.4898E-02
-3.4850E-02
-3.6966E-02
-4.1204E-02
-4.6058E-02
-4.9874E-02
-5.2218E-02
-5.3461E-02
-5.4768E-02
-5.6942E-02
-6.0052E-02
-6.2619E-02
-6.3072E-02
-6.0167E-02
-5.4995E-02
-4.8764E-02
-4.2910E-02
-3.8648E-02
-3.7078E-02
-3.7694E-02
-3.9552E-02
-4.1813E-02
-4.4031E-02
-4.6569E-02
-5.0313E-02
-5.5921E-02
-6.2275E-02
-6.8361E-02
-7.3872E-02
-7.8657E-02
-8.2600E-02
-8.5152E-02
-8.6562E-02
-8.6980E-02
-8.7258E-02
-8.8347E-02
-9.1039E-02
-9.4567E-02
-9.7463E-02
-9.7975E-02
-9.5850E-02
-9.1729E-02
-8.6990E-02
-8.2253E-02
-7.7253E-02
-7.1696E-02
-6.5271E-02
-5.8385E-02
-5.1897E-02
-4.7042E-02
-4.4554E-02
-4.4312E-02
-4.5913E-02
-4.8840E-02
-5.1700E-02
-5.3776E-02
-5.5445E-02
-5.7112E-02
-5.8854E-02
-6.0026E-02
-5.9774E-02
-5.7490E-02
-5.3572E-02
-4.9157E-02
-4.5295E-02
-4.2523E-02
-4.0278E-02
-3.7627E-02
-3.3876E-02
-2.9598E-02
-2.5920E-02
-2.3343E-02
-2.2086E-02
-2.1748E-02
-2.1783E-02
-2.1950E-02
-2.2669E-02
-2.4499E-02
-2.7922E-02
-3.2521E-02
-3.7780E-02
-4.2825E-02
-4.6791E-02
-4.8719E-02
-4.8411E-02
-4.5754E-02
-4.1647E-02
-3.7373E-02
-3.4429E-02
-3.2841E-02
-3.2093E-02
-3.1818E-02
-3.1921E-02
-3.2797E-02
-3.4701E-02
-3.8108E-02
-4.2968E-02
-4.9422E-02
-5.7136E-02
-6.4331E-02
-6.8910E-02
-7.0913E-02
-7.0894E-02
-6.9405E-02
-6.7055E-02
-6.3837E-02
-6.0353E-02
-5.6963E-02
-5.3649E-02
-5.0158E-02
-4.6245E-02
-4.1911E-02
-3.7391E-02
-3.2960E-02
-2.9249E-02
-2.6596E-02
-2.4140E-02
-2.0153E-02
-1.4377E-02
-6.8813E-03
1.2382E-03
8.0191E-03
1.0926E-02
1.0886E-02
8.6957E-03
5.3044E-03
2.3476E-03
1.8951E-03
4.6438E-03
1.0045E-02
1.5810E-02
2.0105E-02
2.2857E-02
2.5200E-02
2.8456E-02
3.2090E-02
3.5003E-02
3.6417E-02
3.5754E-02
3.3035E-02
2.9812E-02
2.7554E-02
2.6338E-02
2.5703E-02
2.5037E-02
2.4314E-02
2.4207E-02
2.5365E-02
2.7928E-02
3.1375E-02
3.5478E-02
4.0776E-02
4.7121E-02
5.3951E-02
5.9742E-02
6.3468E-02
6.4595E-02
6.3654E-02
6.1473E-02
5.8978E-02
5.6728E-02
5.4572E-02
5.2150E-02
4.8843E-02
4.4376E-02
3.8692E-02
3.2555E-02
2.7306E-02
2.4200E-02
2.3177E-02
2.3537E-02
2.4654E-02
2.5792E-02
2.6666E-02
2.7491E-02
2.8285E-02
2.8150E-02
2.6144E-02
2.0732E-02
1.2843E-02
4.5216E-03
-1.4931E-03
-4.0861E-03
-2.7504E-03
2.5116E-03
1.1317E-02
2.2401E-02
3.3999E-02
4.5019E-02
5.4794E-02
6.3425E-02
7.1857E-02
8.0067E-02
8.6069E-02
8.9304E-02
8.9468E-02
8.8655E-02
8.9106E-02
9.2272E-02
9.8027E-02
1.0491E-01
1.1138E-01
1.1612E-01
1.1878E-01
1.1905E-01
1.1735E-01
1.1506E-01
1.1381E-01
1.1455E-01
1.1716E-01
1.1970E-01
1.2067E-01
1.1892E-01
1.1547E-01
1.1219E-01
1.1090E-01
1.1136E-01
1.1241E-01
1.1309E-01
1.1279E-01
1.1157E-01
1.0926E-01
1.0547E-01
1.0037E-01
9.4584E-02
8.8859E-02
8.3218E-02
7.6754E-02
6.9042E-02
5.9832E-02
4.9693E-02
3.9914E-02
3.1999E-02
2.6494E-02
2.3285E-02
2.2087E-02
2.1965E-02
2.1904E-02
2.1500E-02
2.0868E-02
2.1054E-02
2.2843E-02
2.7140E-02
3.3773E-02
4.1747E-02
4.8772E-02
5.3666E-02
5.5843E-02
5.6567E-02
5.7378E-02
5.9297E-02
6.2694E-02
6.6628E-02
6.9523E-02
6.9489E-02
6.6396E-02
5.9301E-02
5.0776E-02
4.3826E-02
4.0238E-02
3.9635E-02
4.0742E-02
4.2139E-02
4.2717E-02
4.2183E-02
4.0689E-02
3.8588E-02
3.6243E-02
3.3964E-02
3.1383E-02
2.8081E-02
2.2929E-02
1.5744E-02
6.8601E-03
-2.4568E-03
-1.1141E-02
-1.8334E-02
-2.3662E-02
-2.7565E-02
-3.0787E-02
-3.3828E-02
-3.7074E-02
-4.0953E-02
-4.5731E-02
-5.1284E-02
-5.6640E-02
-6.0695E-02
-6.3502E-02
-6.5309E-02
-6.6220E-02
-6.6773E-02
-6.8040E-02
-7.1045E-02
-7.5363E-02
-7.9401E-02
-8.2449E-02
-8.4031E-02
-8.4213E-02
-8.3127E-02
-8.0756E-02
-7.7714E-02
-7.4466E-02
-7.0546E-02
-6.5259E-02
-5.7825E-02
-4.8056E-02
-3.6395E-02
-2.6432E-02
-2.0850E-02
-1.9344E-02
-2.0588E-02
-2.2880E-02
-2.4846E-02
-2.5562E-02
-2.5245E-02
-2.4199E-02
-2.2883E-02
-2.1747E-02
-2.0977E-02
-2.0224E-02
-1.9112E-02
-1.7407E-02
-1.5146E-02
-1.2442E-02
-9.8156E-03
-7.6994E-03
-6.0940E-03
-4.6848E-03
-3.0507E-03
-1.3845E-03
-8.2821E-05
5.6686E-04
2.8129E-04
-1.1879E-03
-3.2298E-03
-4.9792E-03
-6.2367E-03
-7.5067E-03
-9.9445E-03
-1.3898E-02
-1.9100E-02
-2.4216E-02
-2.8126E-02
-3.0273E-02
-3.1466E-02
-3.2761E-02
-3.4353E-02
-3.6258E-02
-3.8305E-02
-3.9997E-02
-4.0909E-02
-4.1478E-02
-4.2084E-02
-4.2629E-02
-4.2562E-02
-4.1167E-02
-3.8482E-02
-3.4883E-02
-3.1158E-02
-2.7852E-02
-2.5523E-02
-2.4638E-02
-2.5340E-02
-2.7378E-02
-3.0459E-02
-3.4568E-02
-3.9303E-02
-4.4869E-02
-5.1500E-02
-5.7573E-02
-6.1329E-02
-6.3335E-02
-6.4276E-02
-6.4204E-02
-6.2910E-02
-5.9229E-02
-5.3089E-02
-4.4865E-02
-3.5753E-02
-2.7386E-02
-2.1382E-02
-1.7452E-02
-1.5230E-02
-1.4301E-02
-1.4202E-02
-1.4857E-02
-1.6193E-02
-1.8777E-02
-2.2683E-02
-2.7597E-02
-3.2154E-02
-3.5608E-02
-3.7642E-02
-3.8863E-02
-4.0089E-02
-4.2088E-02
-4.4692E-02
-4.7253E-02
-4.8894E-02
-4.9047E-02
-4.7035E-02
-4.2900E-02
-3.6905E-02
-3.0135E-02
-2.3818E-02
-1.8881E-02
-1.4965E-02
-1.1343E-02
-7.9288E-03
-4.6614E-03
-1.5440E-03
1.3407E-03
3.5366E-03
4.9678E-03
5.5070E-03
5.6745E-03
6.1704E-03
7.5311E-03
9.1534E-03
9.9442E-03
9.2503E-03
7.0397E-03
3.5328E-03
-4.3509E-04
-3.8581E-03
-5.9618E-03
-6.5121E-03
-5.3530E-03
-2.7855E-03
7.8968E-04
4.6983E-03
8.7385E-03
1.3139E-02
1.7495E-02
2.0825E-02
2.2507E-02
2.2357E-02
2.0855E-02
1.8786E-02
1.7208E-02
1.7132E-02
1.8848E-02
2.1506E-02
2.3980E-02
2.5261E-02
2.5518E-02
2.5217E-02
2.5142E-02
2.6128E-02
2.8643E-02
3.1907E-02
3.5104E-02
3.7943E-02
3.9995E-02
4.0726E-02
3.9901E-02
3.7278E-02
3.2669E-02
2.6455E-02
1.9084E-02
1.1708E-02
4.9943E-03
-8.2891E-04
-6.0281E-03
-1.0723E-02
-1.4621E-02
-1.7322E-02
-1.9377E-02
-2.1069E-02
-2.2244E-02
-2.2809E-02
-2.2715E-02
-2.2126E-02
-2.1235E-02
-2.0184E-02
-1.9158E-02
-1.8199E-02
-1.7234E-02
-1.5828E-02
-1.3427E-02
-1.0123E-02
-6.3778E-03
-2.6997E-03
3.6093E-04
2.6645E-03
4.5667E-03
6.3170E-03
7.1676E-03
6.7253E-03
4.3029E-03
-5.7968E-04
-8.6312E-03
-1.8426E-02
-2.8143E-02
-3.6852E-02
-4.4522E-02
-5.1164E-02
-5.6488E-02
-6.0260E-02
-6.2025E-02
-6.1853E-02
-5.9922E-02
-5.5896E-02
-5.0164E-02
-4.2726E-02
-3.3490E-02
-2.2928E-02
-1.2612E-02
-3.1663E-03
5.0224E-03
1.1475E-02
1.5516E-02
1.7524E-02
1.7966E-02
1.7298E-02
1.6530E-02
1.6503E-02
1.7696E-02
1.9889E-02
2.2631E-02
2.5242E-02
2.7199E-02
2.8416E-02
2.9156E-02
2.9885E-02
3.0771E-02
3.1513E-02
3.1762E-02
3.1203E-02
2.9933E-02
2.8235E-02
2.6279E-02
2.3830E-02
2.0624E-02
1.6388E-02
1.1351E-02
5.9676E-03
1.5494E-03
-8.0700E-04
1.9418E-04
4.3166E-03
1.0764E-02
1.7732E-02
2.3811E-02
2.8224E-02
3.1182E-02
3.3141E-02
3.4881E-02
3.7047E-02
3.9793E-02
4.3208E-02
4.7386E-02
5.1946E-02
5.6421E-02
6.0409E-02
6.3193E-02
6.3754E-02
6.2047E-02
5.8261E-02
5.3645E-02
4.9248E-02
4.4990E-02
4.0759E-02
3.6515E-02
3.3058E-02
3.0705E-02
3.0001E-02
3.0184E-02
3.0538E-02
3.0294E-02
2.8909E-02
2.5864E-02
2.2324E-02
1.9389E-02
1.7443E-02
1.6212E-02
1.5124E-02
1.3333E-02
1.0075E-02
5.0482E-03
-1.0829E-03
-7.0847E-03
-1.1488E-02
-1.4423E-02
-1.7218E-02
-2.0485E-02
-2.4314E-02
-2.8460E-02
-3.2633E-02
-3.6459E-02
-3.9479E-02
-4.1688E-02
-4.3680E-02
-4.5790E-02
-4.7968E-02
-5.0268E-02
-5.2625E-02
-5.5041E-02
-5.7767E-02
-6.1078E-02
-6.4171E-02
-6.6365E-02
-6.7507E-02
-6.7691E-02
-6.6668E-02
-6.4614E-02
-6.1353E-02
-5.6250E-02
-4.9442E-02
-4.1222E-02
-3.3072E-02
-2.5979E-02
-1.9675E-02
-1.3958E-02
-8.6306E-03
-3.3474E-03
2.7092E-03
9.7575E-03
1.7947E-02
2.6954E-02
3.6235E-02
4.4762E-02
5.2070E-02
5.7463E-02
6.0833E-02
6.1790E-02
6.0707E-02
5.8317E-02
5.4519E-02
4.8834E-02
4.0469E-02
3.0440E-02
1.9906E-02
9.7163E-03
1.2207E-03
-5.3949E-03
-1.0327E-02
-1.3604E-02
-1.5059E-02
-1.5491E-02
-1.5834E-02
-1.6762E-02
-1.8453E-02
-2.1071E-02
-2.4883E-02
-2.9423E-02
-3.3958E-02
-3.8401E-02
-4.2991E-02
-4.7419E-02
-5.0539E-02
-5.0291E-02
-4.6587E-02
-3.9962E-02
-3.1344E-02
-2.1705E-02
-1.1602E-02
-1.7620E-03
7.1322E-03
1.4279E-02
1.9122E-02
2.1350E-02
2.1124E-02
1.7375E-02
1.0492E-02
1.1013E-03
-9.4933E-03
-1.9058E-02
-2.5799E-02
-2.9786E-02
-3.1843E-02
-3.2251E-02
-3.1342E-02
-2.8859E-02
-2.5117E-02
-2.0422E-02
-1.4844E-02
-9.0989E-03
-3.7202E-03
1.5932E-03
6.9792E-03
1.2085E-02
1.6895E-02
2.1579E-02
2.6329E-02
3.1165E-02
3.5811E-02
3.9870E-02
4.3015E-02
4.5718E-02
4.8376E-02
5.0879E-02
5.3080E-02
5.4511E-02
5.4787E-02
5.3183E-02
4.9756E-02
4.5151E-02
4.0198E-02
3.5658E-02
3.1927E-02
2.8996E-02
2.6484E-02
2.3652E-02
1.9884E-02
1.4418E-02
6.7548E-03
-1.9855E-03
-1.0183E-02
-1.6861E-02
-2.1992E-02
-2.5959E-02
-2.8880E-02
-3.0600E-02
-3.1278E-02
-3.0924E-02
-2.8843E-02
-2.5579E-02
-2.1705E-02
-1.8406E-02
-1.6255E-02
-1.5635E-02
-1.6591E-02
-1.8879E-02
-2.0841E-02
-2.0932E-02
-1.7767E-02
-1.1925E-02
-4.4076E-03
2.5428E-03
7.6516E-03
1.0563E-02
1.0770E-02
7.6502E-03
1.6881E-03
-6.0721E-03
-1.5107E-02
-2.4672E-02
-3.4466E-02
-4.3938E-02
-5.2325E-02
-5.8619E-02
-6.2428E-02
-6.3187E-02
-6.0622E-02
-5.5797E-02
-4.9566E-02
-4.3261E-02
-3.7877E-02
-3.3759E-02
-3.0955E-02
-2.9243E-02
-2.7957E-02
-2.6573E-02
-2.4863E-02
-2.2552E-02
-1.9384E-02
-1.5518E-02
-1.1296E-02
-7.3200E-03
-4.0604E-03
-1.1417E-03
1.4286E-03
3.2578E-03
4.4445E-03
5.2320E-03
5.8289E-03
6.4991E-03
7.4983E-03
8.9951E-03
1.1033E-02
1.3193E-02
1.4985E-02
1.6219E-02
1.6875E-02
1.6736E-02
1.5524E-02
1.3329E-02
1.0740E-02
8.6059E-03
7.5339E-03
7.8735E-03
9.8430E-03
1.3649E-02
1.8862E-02
2.5124E-02
3.0845E-02
3.4967E-02
3.7372E-02
3.8141E-02
3.7071E-02
3.4661E-02
3.1549E-02
2.8654E-02
2.6372E-02
2.4953E-02
2.4460E-02
2.4704E-02
2.5255E-02
2.5885E-02
2.6668E-02
2.7503E-02
2.8510E-02
2.9929E-02
3.1486E-02
3.2858E-02
3.4408E-02
3.6322E-02
3.8211E-02
3.9691E-02
4.0412E-02
4.0491E-02
3.9924E-02
3.8372E-02
3.5915E-02
3.2114E-02
2.6632E-02
1.9769E-02
1.2916E-02
7.0453E-03
2.6263E-03
-3.6178E-04
-2.2514E-03
-3.2019E-03
-3.6163E-03
-3.3247E-03
-1.8631E-03
8.6002E-04
4.6103E-03
8.4976E-03
1.1492E-02
1.2773E-02
1.2091E-02
9.3669E-03
5.0163E-03
-3.5522E-04
-5.8785E-03
-1.1096E-02
-1.5965E-02
-1.9954E-02
-2.2598E-02
-2.3686E-02
-2.3787E-02
-2.3276E-02
-2.2728E-02
-2.2683E-02
-2.3650E-02
-2.5407E-02
-2.7494E-02
-2.9187E-02
-3.0197E-02
-3.0868E-02
-3.1443E-02
-3.1860E-02
-3.2075E-02
-3.2023E-02
-3.1727E-02
-3.1211E-02
-3.0482E-02
-2.9510E-02
-2.8298E-02
-2.6680E-02
-2.4354E-02
-2.0644E-02
-1.5846E-02
-1.0293E-02
-4.2942E-03
1.6788E-03
7.2021E-03
1.2282E-02
1.6799E-02
2.0473E-02
2.3535E-02
2.6708E-02
3.0499E-02
3.5225E-02
4.0542E-02
4.6039E-02
5.1161E-02
5.5024E-02
5.6913E-02
5.7449E-02
5.7086E-02
5.5832E-02
5.3963E-02
5.1485E-02
4.8315E-02
4.4492E-02
4.0488E-02
3.6723E-02
3.3421E-02
3.0547E-02
2.7968E-02
2.5487E-02
2.2519E-02
1.8282E-02
1.2398E-02
5.1924E-03
-2.6772E-03
-1.0142E-02
-1.6303E-02
-2.0407E-02
-2.2506E-02
-2.2459E-02
-2.0446E-02
-1.6939E-02
-1.3123E-02
-9.9048E-03
-7.6410E-03
-6.2576E-03
-5.6582E-03
-5.7530E-03
-6.0948E-03
-6.1684E-03
-5.5274E-03
-3.8634E-03
-1.2595E-03
1.4859E-03
3.4020E-03
4.3369E-03
4.5125E-03
4.3868E-03
4.3436E-03
4.6289E-03
5.3594E-03
6.4605E-03
7.6512E-03
8.6848E-03
8.9209E-03
7.4580E-03
4.4926E-03
1.7732E-03
-2.4748E-06
-8.6358E-04
-1.0802E-03
-9.6819E-04
-7.2519E-04
-7.0726E-04
-1.0906E-03
-1.6850E-03
-2.4995E-03
-4.1785E-03
-6.8522E-03
-1.0770E-02
-1.5947E-02
-2.1942E-02
-2.7955E-02
-3.3417E-02
-3.7603E-02
-4.0077E-02
-4.1134E-02
-4.1366E-02
-4.1122E-02
-4.0236E-02
-3.8400E-02
-3.5559E-02
-3.1687E-02
-2.7408E-02
-2.3424E-02
-2.0490E-02
-1.8664E-02
-1.7413E-02
-1.5940E-02
-1.3734E-02
-1.0988E-02
-7.4340E-03
-2.3259E-03
3.5526E-03
9.2580E-03
1.4880E-02
2.0478E-02
2.5677E-02
3.0364E-02
3.4196E-02
3.6769E-02
3.7774E-02
3.7280E-02
3.5801E-02
3.3917E-02
3.1934E-02
2.9854E-02
2.7625E-02
2.5278E-02
2.2925E-02
2.0656E-02
1.8476E-02
1.6330E-02
1.4271E-02
1.2322E-02
1.0184E-02
7.7142E-03
5.2451E-03
3.2354E-03
2.0247E-03
1.3406E-03
7.4540E-04
-3.4714E-04
-2.4835E-03
-6.2003E-03
-1.1598E-02
-1.8467E-02
-2.6671E-02
-3.5318E-02
-4.3953E-02
-5.2443E-02
-6.0236E-02
-6.6790E-02
-7.2400E-02
-7.6811E-02
-7.8971E-02
-7.8625E-02
-7.5875E-02
-7.1649E-02
-6.6016E-02
-5.8061E-02
-4.8271E-02
-3.7607E-02
-2.7544E-02
-1.8926E-02
-1.1862E-02
-6.3423E-03
-2.7171E-03
-7.1688E-04
1.2375E-04
7.5581E-04
1.8915E-03
3.8266E-03
6.5362E-03
9.9754E-03
1.3891E-02
1.7814E-02
2.1097E-02
2.3637E-02
2.5380E-02
2.6300E-02
2.6564E-02
2.6499E-02
2.6241E-02
2.5598E-02
2.4672E-02
2.3587E-02
2.2463E-02
2.1259E-02
1.9774E-02
1.7982E-02
1.6031E-02
1.4292E-02
1.3037E-02
1.2367E-02
1.1726E-02
1.0694E-02
9.3381E-03
7.6358E-03
5.2525E-03
1.7511E-03
-2.8179E-03
-7.4696E-03
-1.1160E-02
-1.3129E-02
-1.3413E-02
-1.2559E-02
-1.1030E-02
-9.4049E-03
-8.1171E-03
-7.3311E-03
-6.6567E-03
-5.4155E-03
-3.3455E-03
-3.3177E-04
3.7189E-03
8.6867E-03
1.4281E-02
2.0334E-02
2.6835E-02
3.2694E-02
3.7003E-02
3.9298E-02
3.9507E-02
3.7697E-02
3.5191E-02
3.3035E-02
3.1832E-02
3.1897E-02
3.3263E-02
3.5126E-02
3.6942E-02
3.8711E-02
4.0196E-02
4.0974E-02
4.0909E-02
4.0032E-02
3.8193E-02
3.5066E-02
2.9830E-02
2.2751E-02
1.4726E-02
7.3144E-03
1.0422E-03
-4.1052E-03
-8.1032E-03
-1.1218E-02
-1.3898E-02
-1.7103E-02
-2.1446E-02
-2.6485E-02
-3.1673E-02
-3.6762E-02
-4.1332E-02
-4.4861E-02
-4.6582E-02
-4.6492E-02
-4.4392E-02
-4.1204E-02
-3.7643E-02
-3.3804E-02
-2.9764E-02
-2.5364E-02
-2.0647E-02
-1.5678E-02
-1.0812E-02
-6.6729E-03
-3.8918E-03
-1.6893E-03
7.8730E-04
3.7596E-03
7.1364E-03
1.0534E-02
1.3651E-02
1.5961E-02
1.7079E-02
1.7054E-02
1.6277E-02
1.5260E-02
1.4417E-02
1.3646E-02
1.2754E-02
1.1380E-02
9.5147E-03
7.2812E-03
5.4787E-03
4.8697E-03
6.1286E-03
8.5370E-03
1.1165E-02
1.2776E-02
1.2598E-02
1.0219E-02
6.0375E-03
1.4359E-04
-7.5068E-03
-1.5747E-02
-2.3011E-02
-2.9470E-02
-3.5279E-02
-3.9512E-02
-4.2053E-02
-4.2866E-02
-4.2407E-02
-4.0896E-02
-3.8079E-02
-3.4133E-02
-2.9169E-02
-2.3275E-02
-1.6746E-02
-1.0184E-02
-3.8584E-03
2.0385E-03
6.9080E-03
1.0380E-02
1.2478E-02
1.3510E-02
1.3574E-02
1.2910E-02
1.1643E-02
1.0222E-02
9.1529E-03
9.0595E-03
9.9599E-03
1.1758E-02
1.4217E-02
1.6975E-02
1.9574E-02
2.1636E-02
2.2591E-02
2.1952E-02
2.0472E-02
1.9631E-02
1.9428E-02
1.9323E-02
1.8881E-02
1.7999E-02
1.6908E-02
1.5889E-02
1.5077E-02
1.4363E-02
1.3610E-02
1.2735E-02
1.1833E-02
1.0879E-02
9.6145E-03
7.8877E-03
5.5073E-03
2.4281E-03
-1.1473E-03
-4.6720E-03
-7.9090E-03
-1.0783E-02
-1.3168E-02
-1.5228E-02
-1.7366E-02
-1.9924E-02
-2.2890E-02
-2.5564E-02
-2.7437E-02
-2.8377E-02
-2.8659E-02
-2.8454E-02
-2.7568E-02
-2.5907E-02
-2.3083E-02
-1.8959E-02
-1.3694E-02
-8.2560E-03
-3.4838E-03
-1.6147E-05
2.3737E-03
3.7645E-03
4.2917E-03
4.2462E-03
3.8436E-03
3.6076E-03
4.1824E-03
6.1188E-03
9.3307E-03
1.3466E-02
1.7934E-02
2.2119E-02
2.5220E-02
2.7009E-02
2.7628E-02
2.7384E-02
2.6470E-02
2.4958E-02
2.2742E-02
1.9341E-02
1.4835E-02
9.3786E-03
3.1962E-03
-3.6687E-03
-1.1029E-02
-1.7496E-02
-2.2519E-02
-2.7292E-02
-3.2355E-02
-3.7357E-02
-4.1368E-02
-4.4010E-02
-4.5273E-02
-4.5504E-02
-4.4509E-02
-4.2211E-02
-3.9220E-02
-3.6353E-02
-3.3813E-02
-3.1519E-02
-2.9440E-02
-2.7620E-02
-2.6088E-02
-2.4286E-02
-2.1976E-02
-1.9960E-02
-1.8321E-02
-1.6175E-02
-1.3173E-02
-9.2561E-03
-4.7877E-03
-1.9157E-05
4.8872E-03
9.4002E-03
1.2924E-02
1.5437E-02
1.7062E-02
1.7952E-02
1.8208E-02
1.7848E-02
1.7521E-02
1.7772E-02
1.8963E-02
2.0778E-02
2.2626E-02
2.3963E-02
2.4633E-02
2.4727E-02
2.4469E-02
2.3781E-02
2.2337E-02
2.0561E-02
1.9590E-02
1.9871E-02
2.1448E-02
2.3800E-02
2.5805E-02
2.6247E-02
2.5590E-02
2.4263E-02
2.1994E-02
1.9165E-02
1.6528E-02
1.4505E-02
1.3142E-02
1.2484E-02
1.2490E-02
1.3282E-02
1.4464E-02
1.5741E-02
1.6728E-02
1.6978E-02
1.6104E-02
1.4492E-02
1.2578E-02
1.0557E-02
8.4276E-03
6.0542E-03
3.3674E-03
5.1474E-04
-2.3793E-03
-5.5577E-03
-9.4182E-03
-1.4078E-02
-1.9014E-02
-2.3609E-02
-2.7497E-02
-3.0800E-02
-3.3658E-02
-3.5775E-02
-3.6332E-02
-3.4184E-02
-2.9988E-02
-2.4460E-02
-1.8122E-02
-1.1897E-02
-7.3807E-03
-4.6320E-03
-3.2437E-03
-2.5178E-03
-1.8148E-03
-1.2449E-03
-1.0434E-03
-1.3926E-03
-1.9401E-03
-2.1740E-03
-2.1006E-03
-1.2746E-03
1.3756E-03
5.2724E-03
9.1440E-03
1.1878E-02
1.3058E-02
1.3195E-02
1.2656E-02
1.1451E-02
9.8043E-03
7.8349E-03
5.4970E-03
2.7975E-03
-3.0831E-04
-3.6274E-03
-6.9713E-03
-1.0091E-02
-1.2736E-02
-1.4703E-02
-1.6252E-02
-1.7495E-02
-1.8301E-02
-1.8867E-02
-1.9138E-02
-1.8667E-02
-1.7375E-02
-1.5002E-02
-1.1220E-02
-6.0310E-03
-3.0573E-04
4.9719E-03
9.3282E-03
1.3134E-02
1.6693E-02
1.9932E-02
2.2887E-02
2.5623E-02
2.8360E-02
3.1001E-02
3.3246E-02
3.5361E-02
3.7719E-02
4.0129E-02
4.2391E-02
4.4394E-02
4.6172E-02
4.7724E-02
4.8955E-02
4.9705E-02
4.9777E-02
4.9446E-02
4.8883E-02
4.8103E-02
4.7206E-02
4.6421E-02
4.6181E-02
4.6716E-02
4.7890E-02
4.9363E-02
5.0813E-02
5.1764E-02
5.1916E-02
5.1274E-02
5.0005E-02
4.8289E-02
4.6540E-02
4.4759E-02
4.2626E-02
4.0382E-02
3.8378E-02
3.6792E-02
3.5701E-02
3.5172E-02
3.4994E-02
3.4867E-02
3.4342E-02
3.2998E-02
3.0551E-02
2.7321E-02
2.3853E-02
2.0408E-02
1.6805E-02
1.2981E-02
9.5916E-03
6.6900E-03
3.9074E-03
1.2804E-03
-9.8010E-04
-2.8356E-03
-4.3833E-03
-5.8767E-03
-7.6570E-03
-9.8533E-03
-1.2257E-02
-1.4546E-02
-1.6387E-02
-1.7898E-02
-1.9456E-02
-2.1486E-02
-2.3480E-02
-2.4824E-02
-2.5089E-02
-2.4311E-02
-2.2467E-02
-1.9777E-02
-1.6553E-02
-1.3446E-02
-1.0921E-02
-9.0912E-03
-7.4309E-03
-5.4430E-03
-2.7892E-03
4.6155E-04
4.0095E-03
7.2819E-03
9.8110E-03
1.1176E-02
1.1518E-02
1.1100E-02
1.0751E-02
1.1104E-02
1.2336E-02
1.4173E-02
1.6355E-02
1.8779E-02
2.1012E-02
2.2466E-02
2.3008E-02
2.2760E-02
2.1803E-02
2.0251E-02
1.7964E-02
1.5597E-02
1.3695E-02
1.2495E-02
1.1976E-02
1.2200E-02
1.3100E-02
1.4617E-02
1.6639E-02
1.8568E-02
1.9874E-02
2.0844E-02
2.1812E-02
2.2788E-02
2.3432E-02
2.3652E-02
2.4084E-02
2.4730E-02
2.5025E-02
2.5210E-02
2.5434E-02
2.5488E-02
2.5521E-02
2.5923E-02
2.6769E-02
2.7929E-02
2.9134E-02
3.0310E-02
3.1463E-02
3.2260E-02
3.2059E-02
3.0115E-02
2.6620E-02
2.2085E-02
1.7268E-02
1.2520E-02
7.6766E-03
2.8401E-03
-1.5312E-03
-4.5171E-03
-5.9300E-03
-5.7406E-03
-4.3848E-03
-2.3378E-03
-2.7623E-04
1.1596E-03
2.0871E-03
2.7058E-03
3.2346E-03
3.8754E-03
4.8236E-03
6.2420E-03
8.3248E-03
1.1028E-02
1.3700E-02
1.5690E-02
1.7016E-02
1.7807E-02
1.8142E-02
1.8056E-02
1.7468E-02
1.6607E-02
1.5917E-02
1.5622E-02
1.4981E-02
1.3515E-02
1.2234E-02
1.1980E-02
1.3001E-02
1.4493E-02
1.5938E-02
1.7622E-02
1.9687E-02
2.2135E-02
2.4601E-02
2.6766E-02
2.8362E-02
2.9451E-02
3.0024E-02
3.0329E-02
3.0685E-02
3.1442E-02
3.2603E-02
3.3894E-02
3.4772E-02
3.4723E-02
3.3491E-02
3.1296E-02
2.8400E-02
2.5216E-02
2.2102E-02
1.9151E-02
1.6133E-02
1.2790E-02
9.3346E-03
6.1646E-03
3.7987E-03
2.1918E-03
1.3003E-03
1.1635E-03
1.5608E-03
2.1582E-03
2.6854E-03
2.9759E-03
2.7773E-03
1.8742E-03
2.1466E-04
-1.4858E-03
-2.7241E-03
-3.6607E-03
-4.6763E-03
-6.2625E-03
-8.4735E-03
-1.1286E-02
-1.4506E-02
-1.7599E-02
-2.0045E-02
-2.1730E-02
-2.2561E-02
-2.2503E-02
-2.1846E-02
-2.0850E-02
-1.9763E-02
-1.8558E-02
-1.7055E-02
-1.5592E-02
-1.4680E-02
-1.4475E-02
-1.5032E-02
-1.6346E-02
-1.8359E-02
-2.1016E-02
-2.3780E-02
-2.6213E-02
-2.8295E-02
-3.0420E-02
-3.2721E-02
-3.4425E-02
-3.5121E-02
-3.4764E-02
-3.3562E-02
-3.1634E-02
-2.9070E-02
-2.6018E-02
-2.2557E-02
-1.9025E-02
-1.5578E-02
-1.2175E-02
-9.2276E-03
-7.7221E-03
-7.5011E-03
-8.0894E-03
-9.0007E-03
-9.7856E-03
-9.9688E-03
-9.4890E-03
-8.4171E-03
-7.0040E-03
-5.8962E-03
-6.0049E-03
-7.2460E-03
-9.2196E-03
-1.1743E-02
-1.4606E-02
-1.7427E-02
-1.9687E-02
-2.1127E-02
-2.1905E-02
-2.1994E-02
-2.0817E-02
-1.8631E-02
-1.5828E-02
-1.2915E-02
-1.0392E-02
-8.8617E-03
-8.3967E-03
-8.8051E-03
-9.3752E-03
-9.5543E-03
-9.1346E-03
-8.1576E-03
-6.6738E-03
-4.7917E-03
-2.6516E-03
-5.0694E-04
1.3166E-03
2.6855E-03
3.8601E-03
5.0413E-03
6.1168E-03
6.9491E-03
7.1696E-03
6.6777E-03
5.6946E-03
4.9145E-03
4.7559E-03
5.5171E-03
6.9531E-03
8.6479E-03
1.0298E-02
1.1913E-02
1.3864E-02
1.6100E-02
1.8603E-02
2.1205E-02
2.3477E-02
2.4770E-02
2.5197E-02
2.4753E-02
2.3454E-02
2.1462E-02
1.8807E-02
1.5685E-02
1.2178E-02
8.3795E-03
4.5577E-03
9.7403E-04
-2.5882E-03
-6.3038E-03
-9.7788E-03
-1.2485E-02
-1.3928E-02
-1.4647E-02
-1.5014E-02
-1.4998E-02
-1.4652E-02
-1.4047E-02
-1.3452E-02
-1.3117E-02
-1.3166E-02
-1.3565E-02
-1.4259E-02
-1.4983E-02
-1.5378E-02
-1.5150E-02
-1.4325E-02
-1.3168E-02
-1.1494E-02
-8.7571E-03
-5.0782E-03
-9.3377E-04
2.7726E-03
5.6796E-03
7.5697E-03
8.5955E-03
8.9925E-03
8.9339E-03
8.5705E-03
7.8075E-03
6.6686E-03
4.8629E-03
2.2951E-03
-4.7105E-04
-2.4231E-03
-3.4984E-03
-3.6916E-03
-3.1558E-03
-2.3689E-03
-1.8322E-03
-1.6555E-03
-1.6757E-03
-1.9560E-03
-2.6618E-03
-3.7644E-03
-5.0308E-03
-5.9820E-03
-6.1278E-03
-5.2704E-03
-3.8069E-03
-1.8489E-03
1.0668E-03
4.8351E-03
9.3116E-03
1.3791E-02
1.7672E-02
2.0497E-02
2.2044E-02
2.2057E-02
2.0904E-02
1.8687E-02
1.5835E-02
1.3069E-02
1.0973E-02
9.3361E-03
7.8551E-03
6.5167E-03
5.2539E-03
4.0543E-03
2.8687E-03
1.7903E-03
9.7607E-04
5.0636E-04
5.1355E-04
1.2564E-03
2.8942E-03
4.9822E-03
7.1407E-03
9.2566E-03
1.1096E-02
1.2515E-02
1.3638E-02
1.4626E-02
1.5495E-02
1.6248E-02
1.6703E-02
1.6770E-02
1.6284E-02
1.5088E-02
1.3119E-02
1.0401E-02
7.1845E-03
3.5924E-03
-5.6163E-04
-5.3508E-03
-1.0789E-02
-1.5901E-02
-1.9911E-02
-2.2730E-02
-2.4751E-02
-2.6245E-02
-2.7642E-02
-2.9066E-02
-3.0288E-02
-3.1409E-02
-3.2591E-02
-3.3653E-02
-3.4305E-02
-3.4426E-02
-3.4369E-02
-3.4648E-02
-3.5354E-02
-3.6385E-02
-3.7499E-02
-3.8468E-02
-3.9160E-02
-3.9645E-02
-3.9923E-02
-3.9827E-02
-3.9298E-02
-3.8237E-02
-3.6792E-02
-3.5071E-02
-3.3421E-02
-3.2159E-02
-3.1591E-02
-3.1698E-02
-3.2359E-02
-3.3276E-02
-3.4091E-02
-3.4504E-02
-3.4607E-02
-3.4636E-02
-3.4613E-02
-3.4451E-02
-3.4030E-02
-3.3533E-02
-3.3091E-02
-3.2449E-02
-3.1361E-02
-2.9957E-02
-2.8581E-02
-2.7581E-02
-2.6734E-02
-2.5580E-02
-2.3594E-02
-2.0776E-02
-1.7586E-02
-1.4656E-02
-1.2606E-02
-1.1733E-02
-1.2132E-02
-1.3838E-02
-1.6072E-02
-1.8015E-02
-1.9505E-02
-2.0457E-02
-2.0648E-02
-2.0178E-02
-1.9179E-02
-1.7654E-02
-1.5496E-02
-1.2589E-02
-9.2073E-03
-5.6156E-03
-2.1491E-03
1.0398E-03
4.0001E-03
6.7679E-03
9.3262E-03
1.1786E-02
1.4261E-02
1.6797E-02
1.9256E-02
2.1205E-02
2.2311E-02
2.2390E-02
2.1842E-02
2.1016E-02
2.0161E-02
1.9701E-02
1.9825E-02
2.0104E-02
2.0110E-02
1.9818E-02
1.9364E-02
1.8920E-02
1.8308E-02
1.7280E-02
1.5414E-02
1.2577E-02
8.4581E-03
3.6915E-03
-9.3212E-04
-4.7059E-03
-7.5384E-03
-9.3659E-03
-1.0403E-02
-1.1043E-02
-1.1702E-02
-1.2409E-02
-1.2953E-02
-1.3613E-02
-1.4472E-02
-1.5315E-02
-1.6094E-02
-1.6893E-02
-1.7608E-02
-1.8257E-02
-1.8949E-02
-1.9618E-02
-1.9964E-02
-1.9936E-02
-1.9281E-02
-1.8000E-02
-1.6280E-02
-1.4681E-02
-1.3244E-02
-1.1513E-02
-9.3529E-03
-6.6135E-03
-3.3129E-03
1.7286E-04
3.1215E-03
5.2932E-03
6.5782E-03
7.3251E-03
7.7807E-03
7.8988E-03
7.8972E-03
8.0022E-03
8.4110E-03
8.9827E-03
9.4694E-03
9.8188E-03
9.9460E-03
9.6839E-03
9.0509E-03
8.1320E-03
7.1140E-03
6.1562E-03
5.3821E-03
4.9271E-03
4.9634E-03
5.5183E-03
6.4089E-03
7.1626E-03
7.3887E-03
6.7303E-03
5.2796E-03
3.2878E-03
8.4219E-04
-2.0540E-03
-5.5633E-03
-8.9014E-03
-1.1436E-02
-1.2889E-02
-1.3229E-02
-1.2146E-02
-1.0299E-02
-8.3097E-03
-6.4871E-03
-4.9817E-03
-3.7406E-03
-2.4844E-03
-8.9202E-04
1.1856E-03
3.7887E-03
6.9248E-03
1.0315E-02
1.3567E-02
1.6355E-02
1.8577E-02
2.0314E-02
2.1390E-02
2.1246E-02
1.9993E-02
1.8089E-02
1.6379E-02
1.5366E-02
1.5205E-02
1.5730E-02
1.6775E-02
1.8237E-02
1.9971E-02
2.1847E-02
2.3577E-02
2.4870E-02
2.5622E-02
2.5972E-02
2.6107E-02
2.6121E-02
2.5829E-02
2.4842E-02
2.2998E-02
2.0237E-02
1.6785E-02
1.2976E-02
9.2803E-03
5.8660E-03
2.6837E-03
-1.4510E-04
-2.5031E-03
-4.4743E-03
-6.3938E-03
-8.5093E-03
-1.0369E-02
-1.1595E-02
-1.2266E-02
-1.2369E-02
-1.1691E-02
-1.0336E-02
-8.7023E-03
-7.4703E-03
-6.9135E-03
-6.8498E-03
-7.0022E-03
-7.2268E-03
-7.6043E-03
-8.1910E-03
-9.1270E-03
-1.0328E-02
-1.1869E-02
-1.3896E-02
-1.6248E-02
-1.8356E-02
-1.9823E-02
-2.0417E-02
-2.0556E-02
-2.0529E-02
-2.0233E-02
-1.9591E-02
-1.8606E-02
-1.7616E-02
-1.6701E-02
-1.5660E-02
-1.4595E-02
-1.3670E-02
-1.2909E-02
-1.2417E-02
-1.2370E-02
-1.2501E-02
-1.2484E-02
-1.2280E-02
-1.2015E-02
-1.1819E-02
-1.1571E-02
-1.0940E-02
-9.8893E-03
-8.4347E-03
-6.5997E-03
-4.3897E-03
-1.9631E-03
6.4682E-05
1.0934E-03
1.2954E-03
1.0026E-03
4.5935E-04
-4.4696E-05
-3.8192E-04
-6.9133E-04
-1.0805E-03
-1.6000E-03
-2.2396E-03
-3.0243E-03
-3.9765E-03
-5.0345E-03
-6.0519E-03
-6.9467E-03
-7.7076E-03
-8.4960E-03
-9.5044E-03
-1.1063E-02
-1.3403E-02
-1.6618E-02
-2.0211E-02
-2.3632E-02
-2.6461E-02
-2.8569E-02
-2.9955E-02
-3.0578E-02
-3.0439E-02
-2.9393E-02
-2.7726E-02
-2.5587E-02
-2.3282E-02
-2.1111E-02
-1.9238E-02
-1.7553E-02
-1.5889E-02
-1.4293E-02
-1.2980E-02
-1.2184E-02
-1.1681E-02
-1.1088E-02
-1.0269E-02
-9.3529E-03
-8.7624E-03
-8.6794E-03
-9.3687E-03
-1.0863E-02
-1.3118E-02
-1.5844E-02
-1.8386E-02
-2.0394E-02
-2.2289E-02
-2.4394E-02
-2.6528E-02
-2.8455E-02
-3.0025E-02
-3.1380E-02
-3.2473E-02
-3.2976E-02
-3.2717E-02
-3.1669E-02
-3.0203E-02
-2.8589E-02
-2.6786E-02
-2.4691E-02
-2.2105E-02
-1.9358E-02
-1.6583E-02
-1.3701E-02
-1.1013E-02
-8.9832E-03
-7.1097E-03
-4.9661E-03
-2.8627E-03
-1.0564E-03
3.0984E-04
1.2460E-03
1.6369E-03
1.2705E-03
8.6475E-05
-1.6985E-03
-3.9307E-03
-6.3664E-03
-8.1692E-03
-9.2029E-03
-9.9378E-03
-1.0712E-02
-1.1597E-02
-1.2447E-02
-1.3270E-02
-1.4334E-02
-1.5784E-02
-1.7576E-02
-1.9304E-02
-2.0827E-02
-2.2210E-02
-2.3346E-02
-2.4157E-02
-2.4924E-02
-2.5806E-02
-2.6740E-02
-2.7637E-02
-2.8292E-02
-2.8455E-02
-2.8127E-02
-2.7444E-02
-2.6487E-02
-2.5214E-02
-2.3595E-02
-2.1755E-02
-1.9969E-02
-1.8258E-02
-1.6504E-02
-1.4820E-02
-1.3266E-02
-1.1824E-02
-1.0553E-02
-9.6732E-03
-9.2161E-03
-9.0613E-03
-8.9255E-03
-8.7576E-03
-8.6809E-03
-8.6040E-03
-8.4010E-03
-8.0941E-03
-7.7259E-03
-7.3496E-03
-7.0168E-03
-6.7139E-03
-6.2681E-03
-5.5620E-03
-4.5098E-03
-3.2143E-03
-1.9020E-03
-9.1238E-04
-3.9552E-04
-4.5655E-04
-1.1401E-03
-2.3618E-03
-3.6248E-03
-4.6090E-03
-5.3716E-03
-5.9080E-03
-6.1862E-03
-6.2804E-03
-6.2510E-03
-6.1017E-03
-5.9688E-03
-5.8672E-03
-5.6641E-03
-5.4285E-03
-5.6567E-03
-6.5876E-03
-8.2351E-03
-1.0092E-02
-1.1686E-02
-1.2771E-02
-1.3454E-02
-1.3840E-02
-1.3882E-02
-1.3704E-02
-1.3704E-02
-1.4031E-02
-1.4534E-02
-1.4793E-02
-1.4533E-02
-1.3999E-02
-1.3560E-02
-1.3595E-02
-1.3960E-02
-1.4474E-02
-1.4874E-02
-1.4759E-02
-1.3735E-02
-1.2447E-02
-1.1431E-02
-1.0599E-02
-9.7342E-03
-8.6184E-03
-7.4392E-03
-6.3768E-03
-5.3715E-03
-4.3154E-03
-2.9662E-03
-9.7387E-04
1.8243E-03
4.8501E-03
7.9844E-03
1.1558E-02
1.5030E-02
1.7690E-02
1.9540E-02
2.0591E-02
2.0672E-02
1.9830E-02
1.8139E-02
1.5897E-02
1.3137E-02
9.8758E-03
6.6903E-03
4.0386E-03
1.6215E-03
-5.5765E-04
-1.9531E-03
-2.5892E-03
-2.6039E-03
-2.0844E-03
-1.2054E-03
-3.4727E-04
2.5457E-04
5.8445E-04
8.6778E-04
1.2312E-03
1.4400E-03
1.3806E-03
9.0970E-04
2.0067E-04
-5.6275E-04
-1.1859E-03
-1.5582E-03
-1.5526E-03
-1.2898E-03
-8.3120E-04
-1.3409E-04
7.2130E-04
1.6528E-03
2.6110E-03
3.6342E-03
4.8933E-03
6.4871E-03
8.4785E-03
1.0711E-02
1.2987E-02
1.5082E-02
1.6920E-02
1.8549E-02
2.0070E-02
2.1484E-02
2.2709E-02
2.3706E-02
2.4435E-02
2.4959E-02
2.5272E-02
2.5328E-02
2.5284E-02
2.5406E-02
2.5626E-02
2.5607E-02
2.4998E-02
2.3624E-02
2.1731E-02
1.9735E-02
1.7900E-02
1.6227E-02
1.4725E-02
1.3499E-02
1.2480E-02
1.1470E-02
1.0224E-02
8.6427E-03
6.7774E-03
4.7744E-03
2.7365E-03
6.4100E-04
-1.6275E-03
-4.2674E-03
-7.0356E-03
-9.4743E-03
-1.1086E-02
-1.2070E-02
-1.2695E-02
-1.3003E-02
-1.3054E-02
-1.2988E-02
-1.2773E-02
-1.2057E-02
-1.0637E-02
-8.4553E-03
-5.6938E-03
-2.6183E-03
5.6469E-04
3.6742E-03
6.4021E-03
8.2936E-03
9.3363E-03
9.7169E-03
9.6664E-03
9.3402E-03
9.0280E-03
8.9847E-03
9.4940E-03
1.0658E-02
1.2495E-02
1.4767E-02
1.7310E-02
1.9954E-02
2.2022E-02
2.2799E-02
2.2393E-02
2.0998E-02
1.8973E-02
1.7180E-02
1.5815E-02
1.3812E-02
1.0894E-02
8.3017E-03
6.2368E-03
4.4286E-03
2.8749E-03
1.5054E-03
1.0459E-04
-1.4361E-03
-3.0651E-03
-4.3971E-03
-5.2097E-03
-5.3445E-03
-4.8490E-03
-3.8116E-03
-2.7748E-03
-2.0985E-03
-1.7969E-03
-1.6749E-03
-1.6098E-03
-1.6553E-03
-1.7856E-03
-2.0054E-03
-2.4220E-03
-3.3024E-03
-4.9036E-03
-7.0865E-03
-9.3575E-03
-1.1294E-02
-1.2706E-02
-1.3609E-02
-1.3987E-02
-1.3569E-02
-1.2490E-02
-1.1010E-02
-9.2925E-03
-7.3013E-03
-4.8375E-03
-2.4075E-03
-4.4521E-04
9.8330E-04
2.1185E-03
3.0463E-03
3.6179E-03
3.8119E-03
3.9029E-03
3.9950E-03
4.0408E-03
4.1785E-03
4.6031E-03
5.4462E-03
6.6373E-03
7.9922E-03
9.1452E-03
9.9724E-03
1.0826E-02
1.1908E-02
1.3179E-02
1.4261E-02
1.4795E-02
1.4648E-02
1.4085E-02
1.3437E-02
1.2546E-02
1.1273E-02
9.9248E-03
8.8285E-03
8.2307E-03
7.8373E-03
7.4401E-03
7.1670E-03
7.1427E-03
7.3996E-03
7.7045E-03
7.9288E-03
8.1591E-03
8.4294E-03
8.6783E-03
8.7309E-03
8.4603E-03
7.9536E-03
7.5814E-03
7.6994E-03
8.3179E-03
9.3929E-03
1.0882E-02
1.2617E-02
1.4380E-02
1.5713E-02
1.6228E-02
1.5747E-02
1.4435E-02
1.2411E-02
1.0001E-02
7.5387E-03
5.2457E-03
3.0795E-03
9.7195E-04
-9.5193E-04
-2.6969E-03
-4.3418E-03
-5.8615E-03
-7.2369E-03
-8.5505E-03
-9.8639E-03
-1.1184E-02
-1.2463E-02
-1.3593E-02
-1.4434E-02
-1.4939E-02
-1.5084E-02
-1.5072E-02
-1.4899E-02
-1.4229E-02
-1.3184E-02
-1.1859E-02
-1.0213E-02
-8.4623E-03
-7.2967E-03
-6.8854E-03
-7.2033E-03
-7.7864E-03
-8.2967E-03
-8.6797E-03
-8.7678E-03
-8.4194E-03
-7.7365E-03
-6.7670E-03
-5.4218E-03
-3.7745E-03
-1.8914E-03
8.7386E-05
2.0757E-03
4.0418E-03
6.0036E-03
7.9534E-03
9.7557E-03
1.1201E-02
1.2112E-02
1.2628E-02
1.2869E-02
1.2903E-02
1.2597E-02
1.1782E-02
1.0930E-02
1.0717E-02
1.1423E-02
1.3056E-02
1.5313E-02
1.7880E-02
2.0630E-02
2.3186E-02
2.5130E-02
2.6198E-02
2.6685E-02
2.6889E-02
2.6919E-02
2.6843E-02
2.6669E-02
2.6311E-02
2.5562E-02
2.4583E-02
2.3437E-02
2.2034E-02
2.0448E-02
1.8661E-02
1.6406E-02
1.3622E-02
1.0504E-02
7.5235E-03
4.6989E-03
1.4546E-03
-2.1310E-03
-5.3438E-03
-8.0382E-03
-1.0504E-02
-1.3186E-02
-1.5811E-02
-1.7785E-02
-1.9004E-02
-1.9536E-02
-1.9258E-02
-1.8157E-02
-1.6202E-02
-1.3701E-02
-1.1044E-02
-8.5265E-03
-6.2685E-03
-4.2739E-03
-2.4783E-03
-7.8158E-04
8.3837E-04
2.2185E-03
3.2188E-03
4.1582E-03
5.1672E-03
6.0537E-03
6.7795E-03
7.3800E-03
7.8992E-03
8.4442E-03
9.1060E-03
9.7162E-03
1.0061E-02
1.0248E-02
1.0389E-02
1.0466E-02
1.0294E-02
9.7396E-03
9.0560E-03
8.3396E-03
7.4449E-03
6.5087E-03
5.9322E-03
6.0600E-03
6.5829E-03
6.8670E-03
6.9998E-03
7.1572E-03
6.9608E-03
6.3555E-03
5.5779E-03
4.6095E-03
3.2634E-03
1.4542E-03
-8.3748E-04
-3.5970E-03
-6.3644E-03
-8.7989E-03
-1.0744E-02
-1.2009E-02
-1.2293E-02
-1.1786E-02
-1.0702E-02
-9.2687E-03
-7.8648E-03
-6.7084E-03
-5.6571E-03
-4.6766E-03
-4.1468E-03
-4.2366E-03
-5.1077E-03
-6.7147E-03
-8.7252E-03
-1.0371E-02
-1.1462E-02
-1.1997E-02
-1.1987E-02
-1.1547E-02
-1.0817E-02
-9.7593E-03
-7.9302E-03
-5.3088E-03
-2.0361E-03
1.4930E-03
4.8900E-03
7.8552E-03
1.0386E-02
1.2371E-02
1.3700E-02
1.4509E-02
1.4921E-02
1.5004E-02
1.4839E-02
1.4752E-02
1.4488E-02
1.3428E-02
1.2081E-02
1.0900E-02
9.6464E-03
8.2525E-03
6.8919E-03
5.7374E-03
4.8633E-03
4.2064E-03
3.5561E-03
2.7350E-03
1.9019E-03
1.1988E-03
5.4459E-04
-6.2374E-05
-6.4715E-04
-1.3275E-03
-1.9652E-03
-2.1206E-03
-1.9662E-03
-1.8988E-03
-1.9976E-03
-1.9806E-03
-1.4815E-03
-9.2920E-04
-8.9977E-04
-1.1214E-03
-1.1812E-03
-7.4176E-04
1.8977E-04
1.5829E-03
3.2206E-03
4.7999E-03
6.0890E-03
7.2469E-03
8.4949E-03
9.5243E-03
1.0116E-02
1.0299E-02
1.0069E-02
9.1513E-03
7.6632E-03
5.7643E-03
3.7553E-03
2.2587E-03
1.6357E-03
1.3687E-03
1.2075E-03
1.5012E-03
2.2182E-03
3.1964E-03
4.1776E-03
4.9428E-03
5.3225E-03
5.3773E-03
5.2720E-03
5.2352E-03
5.2238E-03
4.9342E-03
4.4819E-03
4.0995E-03
3.7891E-03
3.6946E-03
4.0618E-03
4.6764E-03
5.1631E-03
5.5251E-03
5.9744E-03
6.8485E-03
8.1115E-03
9.6771E-03
1.1428E-02
1.3310E-02
1.5232E-02
1.6929E-02
1.8031E-02
1.8643E-02
1.9046E-02
1.9518E-02
2.0129E-02
2.0613E-02
2.0707E-02
2.0178E-02
1.9278E-02
1.8332E-02
1.7499E-02
1.6591E-02
1.5496E-02
1.4331E-02
1.3043E-02
1.1504E-02
9.9945E-03
8.8518E-03
8.1788E-03
7.7288E-03
7.0885E-03
6.3430E-03
5.6615E-03
4.9969E-03
4.1265E-03
2.8405E-03
1.5466E-03
6.8283E-04
3.2603E-04
1.6586E-04
-1.5674E-04
-5.6981E-04
-9.5277E-04
-1.2368E-03
-1.4210E-03
-1.5034E-03
-1.5874E-03
-1.6628E-03
-1.6501E-03
-1.6872E-03
-2.0035E-03
-2.4143E-03
-2.6305E-03
-2.4159E-03
-1.8399E-03
-1.0210E-03
-1.2132E-04
7.1351E-04
1.4167E-03
2.0483E-03
2.7404E-03
3.5402E-03
4.4252E-03
5.3108E-03
6.2281E-03
7.3092E-03
8.5623E-03
9.9026E-03
1.1188E-02
1.2371E-02
1.3459E-02
1.4387E-02
1.5129E-02
1.5829E-02
1.6491E-02
1.6869E-02
1.6882E-02
1.6659E-02
1.6722E-02
1.7080E-02
1.7301E-02
1.7426E-02
1.7452E-02
1.7117E-02
1.6451E-02
1.5727E-02
1.5029E-02
1.4303E-02
1.3445E-02
1.2439E-02
1.1268E-02
9.8177E-03
7.8950E-03
5.5668E-03
3.0872E-03
6.4706E-04
-1.8773E-03
-4.4652E-03
-6.7738E-03
-8.8700E-03
-1.0962E-02
-1.3043E-02
-1.4969E-02
-1.6612E-02
-1.8181E-02
-1.9901E-02
-2.1677E-02
-2.3456E-02
-2.5353E-02
-2.7437E-02
-2.9410E-02
-3.0526E-02
-3.0783E-02
-3.0766E-02
-3.0619E-02
-3.0125E-02
-2.8978E-02
-2.6988E-02
-2.4019E-02
-2.0574E-02
-1.7203E-02
-1.3978E-02
-1.0898E-02
-8.0909E-03
-5.7490E-03
-3.9428E-03
-2.4505E-03
-1.0178E-03
1.7938E-04
8.3931E-04
1.0736E-03
1.0178E-03
7.2813E-04
4.1034E-04
2.6342E-04
2.6336E-04
3.1222E-04
2.9035E-04
1.1837E-04
-4.0721E-04
-1.4854E-03
-2.8369E-03
-3.8482E-03
-4.4230E-03
-4.6495E-03
-4.7681E-03
-4.9019E-03
-4.9973E-03
-5.1560E-03
-5.5297E-03
-6.2282E-03
-7.2501E-03
-8.5215E-03
-9.7420E-03
-1.0808E-02
-1.1949E-02
-1.3097E-02
-1.3835E-02
-1.4095E-02
-1.3900E-02
-1.3343E-02
-1.2645E-02
-1.2049E-02
-1.1570E-02
-1.1073E-02
-1.0396E-02
-9.5751E-03
-8.8705E-03
-8.4073E-03
-8.2176E-03
-8.0734E-03
-7.7866E-03
-7.2962E-03
-6.7178E-03
-6.2174E-03
-5.8974E-03
-5.6935E-03
-5.3571E-03
-4.7348E-03
-3.7989E-03
-2.8220E-03
-1.8505E-03
-6.9230E-04
5.5516E-04
1.6619E-03
2.5290E-03
3.3245E-03
4.2497E-03
5.0529E-03
5.4610E-03
5.7530E-03
6.0866E-03
6.2999E-03
6.3513E-03
6.3154E-03
6.3508E-03
6.4968E-03
6.6301E-03
6.5882E-03
6.2337E-03
5.6295E-03
4.8834E-03
4.0229E-03
3.0417E-03
2.0161E-03
1.2334E-03
7.8812E-04
6.1421E-04
6.2500E-04
7.0187E-04
6.7933E-04
5.8757E-04
6.5281E-04
9.0855E-04
1.2329E-03
1.3988E-03
1.4557E-03
1.6251E-03
1.8316E-03
1.9434E-03
2.0691E-03
2.2543E-03
2.4531E-03
2.6686E-03
2.9127E-03
3.1504E-03
3.3767E-03
3.6690E-03
4.1520E-03
4.9386E-03
5.9435E-03
7.0090E-03
7.9870E-03
8.7824E-03
9.3284E-03
9.6069E-03
9.6954E-03
9.5646E-03
9.0761E-03
8.2035E-03
7.4513E-03
7.0683E-03
7.0239E-03
7.2466E-03
7.6589E-03
8.1100E-03
8.5566E-03
9.0364E-03
9.3994E-03
9.4522E-03
9.1682E-03
8.5336E-03
7.5221E-03
6.4680E-03
5.6101E-03
4.8137E-03
3.8786E-03
2.6674E-03
1.3658E-03
2.2564E-04
-6.0432E-04
-1.1992E-03
-1.7818E-03
-2.3843E-03
-2.9313E-03
-3.2982E-03
-3.4532E-03
-3.4434E-03
-3.4090E-03
-3.3521E-03
-3.1121E-03
-2.6550E-03
-2.0439E-03
-1.3272E-03
-7.3349E-04
-5.4611E-04
-3.9580E-04
3.1583E-04
9.0460E-04
8.3995E-04
4.1814E-04
-1.7543E-04
-8.3616E-04
-1.2921E-03
-1.4829E-03
-1.7994E-03
-2.4959E-03
-3.6103E-03
-4.7576E-03
-5.7311E-03
-6.6746E-03
-7.6736E-03
-8.7320E-03
-9.7918E-03
-1.0773E-02
-1.1671E-02
-1.2673E-02
-1.3891E-02
-1.5052E-02
-1.6059E-02
-1.7018E-02
-1.7943E-02
-1.8734E-02
-1.9270E-02
-1.9547E-02
-1.9615E-02
-1.9534E-02
-1.9252E-02
-1.8660E-02
-1.7651E-02
-1.6082E-02
-1.4188E-02
-1.2273E-02
-1.0480E-02
-8.8094E-03
-7.2341E-03
-5.8280E-03
-4.6420E-03
-3.5786E-03
-2.7632E-03
-2.5666E-03
-2.8782E-03
-3.4141E-03
-3.9267E-03
-4.3575E-03
-4.7997E-03
-5.2551E-03
-5.7725E-03
-6.4796E-03
-7.3301E-03
-8.1220E-03
-8.8356E-03
-9.5265E-03
-1.0235E-02
-1.0945E-02
-1.1586E-02
-1.2077E-02
-1.2430E-02
-1.2837E-02
-1.3378E-02
-1.3879E-02
-1.4100E-02
-1.3962E-02
-1.3737E-02
-1.3636E-02
-1.3706E-02
-1.3635E-02
-1.3189E-02
-1.2328E-02
-1.1064E-02
-9.3471E-03
-7.3329E-03
-5.1748E-03
-3.1443E-03
-1.3628E-03
1.5150E-04
1.3741E-03
2.2119E-03
2.8078E-03
3.5348E-03
4.7577E-03
6.2337E-03
7.6580E-03
9.0068E-03
1.0347E-02
1.1828E-02
1.3416E-02
1.4991E-02
1.6360E-02
1.7412E-02
1.8078E-02
1.8510E-02
1.8885E-02
1.9234E-02
1.9420E-02
1.9104E-02
1.8156E-02
1.6551E-02
1.4555E-02
1.2501E-02
1.0528E-02
8.4582E-03
6.1961E-03
4.1334E-03
2.4350E-03
1.0127E-03
-3.3173E-04
-1.6207E-03
-2.7409E-03
-3.8206E-03
-4.9755E-03
-5.9459E-03
-6.6476E-03
-7.3892E-03
-8.3040E-03
-9.3720E-03
-1.0551E-02
-1.1928E-02
-1.3593E-02
-1.5147E-02
-1.6192E-02
-1.6926E-02
-1.7505E-02
-1.7755E-02
-1.7507E-02
-1.6585E-02
-1.5093E-02
-1.3143E-02
-1.0755E-02
-8.2537E-03
-5.8959E-03
-3.6150E-03
-1.5213E-03
3.9335E-05
1.2112E-03
2.3085E-03
3.4906E-03
4.7502E-03
5.9103E-03
6.9055E-03
7.6724E-03
8.2082E-03
8.5104E-03
8.5781E-03
8.4489E-03
8.1031E-03
7.6644E-03
7.2266E-03
6.7927E-03
6.3486E-03
5.8764E-03
5.4114E-03
5.0232E-03
4.7812E-03
4.6167E-03
4.5257E-03
4.6637E-03
4.9732E-03
5.1840E-03
5.1458E-03
4.8210E-03
4.2949E-03
3.5407E-03
2.3305E-03
6.9363E-04
-1.1543E-03
-2.8187E-03
-4.2161E-03
-5.5170E-03
-6.7156E-03
-7.6694E-03
-8.1634E-03
-8.1441E-03
-7.7041E-03
-7.1562E-03
-6.7570E-03
-6.4675E-03
-5.8269E-03
-4.3508E-03
-2.8585E-03
-1.7766E-03
-5.1106E-04
1.0482E-03
2.6216E-03
3.8441E-03
4.7326E-03
5.5721E-03
6.4481E-03
7.2431E-03
7.8006E-03
8.1852E-03
8.5773E-03
8.5865E-03
7.8332E-03
6.8829E-03
6.0344E-03
5.1273E-03
4.1786E-03
3.2382E-03
2.2970E-03
1.4020E-03
6.7691E-04
5.2912E-05
-5.0186E-04
-9.7678E-04
-1.4612E-03
-2.0128E-03
-2.3424E-03
-2.2061E-03
-1.8372E-03
-1.3899E-03
-6.9940E-04
4.2193E-04
2.0734E-03
3.8249E-03
5.3945E-03
6.7320E-03
7.7573E-03
8.5846E-03
9.4199E-03
9.9214E-03
9.7294E-03
9.3660E-03
9.0954E-03
8.7036E-03
8.3198E-03
7.9734E-03
7.4664E-03
6.9694E-03
6.8352E-03
7.0500E-03
7.4303E-03
7.8378E-03
8.4378E-03
9.5442E-03
1.0795E-02
1.1889E-02
1.2845E-02
1.3711E-02
1.4494E-02
1.5196E-02
1.5884E-02
1.6697E-02
1.7619E-02
1.8486E-02
1.9225E-02
1.9897E-02
2.0684E-02
2.1466E-02
2.1894E-02
2.2099E-02
2.2305E-02
2.2625E-02
2.2991E-02
2.3192E-02
2.3203E-02
2.2974E-02
2.2448E-02
2.1654E-02
2.0667E-02
1.9701E-02
1.8904E-02
1.8314E-02
1.7876E-02
1.7478E-02
1.7025E-02
1.6570E-02
1.6252E-02
1.5965E-02
1.5382E-02
1.4495E-02
1.3467E-02
1.2530E-02
1.1695E-02
1.0900E-02
1.0229E-02
9.6319E-03
8.8827E-03
8.0069E-03
7.0525E-03
5.8293E-03
4.2023E-03
2.3116E-03
5.1178E-04
-9.5740E-04
-2.2453E-03
-3.4701E-03
-4.5365E-03
-5.3442E-03
-5.8439E-03
-6.1992E-03
-6.4596E-03
-6.5213E-03
-6.4609E-03
-6.2491E-03
-5.7673E-03
-5.1215E-03
-4.6962E-03
-4.8217E-03
-5.7256E-03
-7.1445E-03
-8.5807E-03
-9.6739E-03
-1.0698E-02
-1.1909E-02
-1.3018E-02
-1.3884E-02
-1.4485E-02
-1.4825E-02
-1.4882E-02
-1.4822E-02
-1.4682E-02
-1.4320E-02
-1.3757E-02
-1.3110E-02
-1.2577E-02
-1.2237E-02
-1.2025E-02
-1.1806E-02
-1.1538E-02
-1.1359E-02
-1.1275E-02
-1.1230E-02
-1.1305E-02
-1.1557E-02
-1.1898E-02
-1.2240E-02
-1.2513E-02
-1.2704E-02
-1.2825E-02
-1.2858E-02
-1.2687E-02
-1.2129E-02
-1.1297E-02
-1.0353E-02
-9.3812E-03
-8.3337E-03
-7.0890E-03
-5.8454E-03
-4.8485E-03
-4.1594E-03
-3.6439E-03
-3.1362E-03
-2.6537E-03
-2.2652E-03
-1.8827E-03
-1.4065E-03
-7.9904E-04
-2.6948E-04
-1.3606E-04
-5.9997E-04
-1.6146E-03
-3.0595E-03
-4.7509E-03
-6.5724E-03
-8.3064E-03
-9.8107E-03
-1.1006E-02
-1.1843E-02
-1.2349E-02
-1.2617E-02
-1.2646E-02
-1.2269E-02
-1.1563E-02
-1.0648E-02
-9.7125E-03
-8.9263E-03
-8.4429E-03
-8.2030E-03
-8.1417E-03
-8.2303E-03
-8.3539E-03
-8.4816E-03
-8.8570E-03
-9.5336E-03
-1.0157E-02
-1.0641E-02
-1.1094E-02
-1.1633E-02
-1.2265E-02
-1.2871E-02
-1.3441E-02
-1.4038E-02
-1.4654E-02
-1.5241E-02
-1.5726E-02
-1.6104E-02
-1.6317E-02
-1.6293E-02
-1.5862E-02
-1.5002E-02
-1.4329E-02
-1.4498E-02
-1.4896E-02
-1.5032E-02
-1.5214E-02
-1.5733E-02
-1.6637E-02
-1.7355E-02
-1.7602E-02
-1.7464E-02
-1.7305E-02
-1.7156E-02
-1.6766E-02
-1.6402E-02
-1.6721E-02
-1.7509E-02
-1.8382E-02
-1.9066E-02
-1.9386E-02
-1.9234E-02
-1.8846E-02
-1.8430E-02
-1.7938E-02
-1.7291E-02
-1.6402E-02
-1.5557E-02
-1.4885E-02
-1.4209E-02
-1.3419E-02
-1.2426E-02
-1.1064E-02
-9.3757E-03
-7.7231E-03
-6.2673E-03
-4.9433E-03
-3.6944E-03
-2.4295E-03
-1.0107E-03
5.9014E-04
2.1730E-03
3.4202E-03
4.0660E-03
4.3326E-03
4.4321E-03
4.3435E-03
3.9639E-03
3.2690E-03
2.5669E-03
2.0155E-03
1.5249E-03
9.9251E-04
3.9598E-04
-1.2356E-04
-6.0382E-04
-1.1439E-03
-1.5720E-03
-1.7206E-03
-1.7743E-03
-1.8358E-03
-1.8564E-03
-1.7720E-03
-1.5756E-03
-1.3712E-03
-1.1902E-03
-8.7555E-04
-3.0841E-04
5.4915E-04
1.2953E-03
1.3874E-03
6.0158E-04
-4.0184E-04
-1.1625E-03
-1.5504E-03
-1.6406E-03
-1.5552E-03
-1.3632E-03
-1.2097E-03
-1.1098E-03
-8.5418E-04
-1.5907E-04
9.6635E-04
2.0393E-03
2.4732E-03
2.5847E-03
2.7155E-03
2.9235E-03
3.1550E-03
3.3207E-03
3.3833E-03
3.2304E-03
2.7365E-03
2.0125E-03
1.1937E-03
4.4316E-04
-6.8078E-05
-4.0349E-04
-1.0739E-03
-2.1632E-03
-3.3142E-03
-4.3023E-03
-5.0132E-03
-5.4702E-03
-5.6382E-03
-5.3729E-03
-4.8263E-03
-4.0885E-03
-3.1969E-03
-2.2067E-03
-1.2114E-03
-4.1223E-04
1.0809E-04
6.2063E-04
1.2825E-03
2.0492E-03
2.8605E-03
3.6383E-03
4.3317E-03
4.9470E-03
5.5718E-03
6.2861E-03
7.0754E-03
7.7263E-03
8.1462E-03
8.4941E-03
8.9275E-03
9.4810E-03
1.0021E-02
1.0487E-02
1.0968E-02
1.1500E-02
1.1910E-02
1.1889E-02
1.1584E-02
1.1686E-02
1.2134E-02
1.2532E-02
1.2811E-02
1.3000E-02
1.3159E-02
1.3243E-02
1.3135E-02
1.2845E-02
1.2486E-02
1.2078E-02
1.1630E-02
1.1200E-02
1.0877E-02
1.0745E-02
1.0774E-02
1.0848E-02
1.0856E-02
1.0868E-02
1.1066E-02
1.1281E-02
1.1212E-02
1.0611E-02
9.6608E-03
8.7658E-03
7.9012E-03
6.8866E-03
5.6706E-03
4.3812E-03
3.2270E-03
2.0933E-03
8.5537E-04
-4.5521E-04
-1.7157E-03
-2.8913E-03
-4.2622E-03
-5.7763E-03
-6.8773E-03
-7.6093E-03
-8.1897E-03
-8.5371E-03
-8.5112E-03
-8.0679E-03
-7.3132E-03
-6.3179E-03
-5.2782E-03
-4.4007E-03
-3.7341E-03
-3.0181E-03
-1.8979E-03
-5.6011E-04
9.2208E-04
2.6830E-03
4.5051E-03
6.0047E-03
7.4237E-03
8.9902E-03
1.0483E-02
1.1843E-02
1.3128E-02
1.4264E-02
1.5162E-02
1.5969E-02
1.6769E-02
1.7437E-02
1.7774E-02
1.7701E-02
1.7555E-02
1.7469E-02
1.7222E-02
1.6821E-02
1.6192E-02
1.5031E-02
1.3323E-02
1.1553E-02
9.8825E-03
8.2826E-03
6.8762E-03
5.7035E-03
4.7559E-03
3.9812E-03
3.4452E-03
3.3440E-03
3.7711E-03
4.7370E-03
5.9725E-03
7.2595E-03
8.6304E-03
1.0044E-02
1.1334E-02
1.2401E-02
1.3152E-02
1.3558E-02
1.3703E-02
1.3761E-02
1.3704E-02
1.3348E-02
1.2701E-02
1.1786E-02
1.0661E-02
9.3746E-03
7.9428E-03
6.4806E-03
5.1868E-03
4.2352E-03
3.7842E-03
3.8339E-03
4.1344E-03
4.4467E-03
4.6990E-03
4.9879E-03
5.4797E-03
5.9658E-03
6.0804E-03
5.8481E-03
5.3376E-03
4.4896E-03
3.2950E-03
1.6582E-03
-1.7962E-04
-2.0451E-03
-3.9346E-03
-5.8051E-03
-7.5834E-03
-9.1572E-03
-1.0336E-02
-1.0949E-02
-1.1187E-02
-1.1310E-02
-1.1471E-02
-1.1656E-02
-1.1717E-02
-1.1695E-02
-1.1645E-02
-1.1477E-02
-1.1129E-02
-1.0635E-02
-9.9533E-03
-9.0476E-03
-8.0897E-03
-7.2076E-03
-6.3742E-03
-5.5449E-03
-4.7512E-03
-4.1884E-03
-3.8316E-03
-3.4161E-03
-2.9921E-03
-2.8784E-03
-2.9256E-03
-2.9547E-03
-2.8957E-03
-2.6973E-03
-2.2591E-03
-1.5638E-03
-6.2588E-04
3.8130E-04
1.1384E-03
1.3443E-03
1.3375E-03
1.4249E-03
1.5405E-03
1.6520E-03
1.8076E-03
2.0762E-03
2.4097E-03
2.5799E-03
2.5220E-03
2.3934E-03
2.3275E-03
2.3172E-03
2.1150E-03
1.6542E-03
9.8862E-04
1.4508E-04
-8.8053E-04
-1.9421E-03
-2.9604E-03
-3.9220E-03
-4.7450E-03
-5.4843E-03
-6.4119E-03
-7.3972E-03
-7.9763E-03
-8.2477E-03
-8.3412E-03
-8.2492E-03
-7.9702E-03
-7.4696E-03
-6.8158E-03
-5.9336E-03
-4.6922E-03
-3.1738E-03
-1.6784E-03
-5.1371E-04
1.2764E-04
4.5063E-04
7.6343E-04
1.1326E-03
1.1713E-03
5.4460E-04
-2.9605E-04
-1.2058E-03
-2.4390E-03
-3.8437E-03
-5.1866E-03
-6.5078E-03
-7.8091E-03
-9.0673E-03
-1.0414E-02
-1.1878E-02
-1.3112E-02
-1.4039E-02
-1.4778E-02
-1.5270E-02
-1.5545E-02
-1.6009E-02
-1.6675E-02
-1.7179E-02
-1.7544E-02
-1.7909E-02
-1.8270E-02
-1.8622E-02
-1.8969E-02
-1.9225E-02
-1.9288E-02
-1.9172E-02
-1.8920E-02
-1.8527E-02
-1.8012E-02
-1.7287E-02
-1.6208E-02
-1.4852E-02
-1.3505E-02
-1.2402E-02
-1.1589E-02
-1.0787E-02
-9.9309E-03
-9.2375E-03
-8.5731E-03
-7.7603E-03
-7.0725E-03
-6.5532E-03
-5.7862E-03
-4.7672E-03
-3.6291E-03
-2.3575E-03
-8.8505E-04
7.6596E-04
2.4050E-03
3.7416E-03
4.7893E-03
5.5853E-03
6.1847E-03
6.6185E-03
6.9437E-03
7.4974E-03
8.4416E-03
9.3791E-03
1.0137E-02
1.0827E-02
1.1404E-02
1.1896E-02
1.2559E-02
1.3360E-02
1.3853E-02
1.4090E-02
1.4360E-02
1.4753E-02
1.5052E-02
1.4849E-02
1.4345E-02
1.3816E-02
1.3079E-02
1.2057E-02
1.0935E-02
9.7350E-03
8.4102E-03
7.1759E-03
6.2019E-03
5.5020E-03
4.9382E-03
4.4892E-03
4.3140E-03
4.4924E-03
4.8198E-03
5.0416E-03
5.0067E-03
4.7845E-03
4.3967E-03
3.8096E-03
3.1659E-03
2.6962E-03
2.5131E-03
2.7480E-03
3.4702E-03
4.3763E-03
5.1292E-03
5.7346E-03
6.1960E-03
6.4225E-03
6.4988E-03
6.5688E-03
6.7144E-03
6.7842E-03
6.4459E-03
5.8102E-03
5.2179E-03
4.5099E-03
3.4994E-03
2.3053E-03
1.1090E-03
-1.1342E-05
-1.3122E-03
-2.8308E-03
-4.2047E-03
-5.3775E-03
-6.3744E-03
-7.0554E-03
-7.4202E-03
-7.6360E-03
-7.6271E-03
-7.0751E-03
-6.1547E-03
-5.1114E-03
-4.1222E-03
-3.2375E-03
-2.4158E-03
-1.6975E-03
-1.2390E-03
-1.1956E-03
-1.5143E-03
-2.0268E-03
-2.5233E-03
-2.8900E-03
-3.1299E-03
-3.2676E-03
-3.2026E-03
-2.7601E-03
-1.9268E-03
-1.1886E-03
-6.2298E-04
1.6988E-04
1.0404E-03
1.8678E-03
2.8015E-03
3.8332E-03
4.8599E-03
5.9335E-03
7.0661E-03
8.0943E-03
8.9005E-03
9.4878E-03
1.0119E-02
1.0918E-02
1.1632E-02
1.2191E-02
1.2730E-02
1.3286E-02
1.3869E-02
1.4515E-02
1.5141E-02
1.5565E-02
1.5807E-02
1.5954E-02
1.6023E-02
1.5891E-02
1.5420E-02
1.4895E-02
1.4549E-02
1.4114E-02
1.3474E-02
1.2876E-02
1.2395E-02
1.1860E-02
1.0990E-02
9.7952E-03
8.7229E-03
7.9109E-03
7.2009E-03
6.3361E-03
5.2914E-03
4.3269E-03
3.3859E-03
2.3089E-03
1.1882E-03
1.4671E-04
-7.6236E-04
-1.5693E-03
-2.2400E-03
-2.6248E-03
-2.7063E-03
-2.6583E-03
-2.4857E-03
-2.1331E-03
-1.8177E-03
-1.6771E-03
-1.6735E-03
-1.7498E-03
-1.9469E-03
-2.3144E-03
-2.7624E-03
-3.0805E-03
-3.3761E-03
-3.8403E-03
-4.2472E-03
-4.4137E-03
-4.4229E-03
-4.4211E-03
-4.5696E-03
-4.9297E-03
-5.4472E-03
-5.9496E-03
-6.3744E-03
-6.6415E-03
-6.5637E-03
-6.0510E-03
-5.2266E-03
-4.2796E-03
-3.4009E-03
-2.7592E-03
-2.4072E-03
-2.3592E-03
-2.7061E-03
-3.5448E-03
-4.4112E-03
-5.0510E-03
-5.5923E-03
-5.9632E-03
-5.9100E-03
-5.5766E-03
-5.2364E-03
-5.1599E-03
-5.3442E-03
-5.5304E-03
-5.6519E-03
-5.7733E-03
-6.0701E-03
-6.5694E-03
-7.1842E-03
-7.7949E-03
-8.3208E-03
-8.7443E-03
-9.1233E-03
-9.5472E-03
-1.0045E-02
-1.0643E-02
-1.1354E-02
-1.2129E-02
-1.2872E-02
-1.3462E-02
-1.3776E-02
-1.3818E-02
-1.3695E-02
-1.3465E-02
-1.3103E-02
-1.2585E-02
-1.2115E-02
-1.1810E-02
-1.1646E-02
-1.1478E-02
-1.1186E-02
-1.0860E-02
-1.0626E-02
-1.0610E-02
-1.0830E-02
-1.1167E-02
-1.1363E-02
-1.1385E-02
-1.1478E-02
-1.1500E-02
-1.1154E-02
-1.0433E-02
-9.3388E-03
-7.9237E-03
-6.5285E-03
-5.5039E-03
-4.7325E-03
-4.1177E-03
-3.7630E-03
-3.5500E-03
-3.3847E-03
-3.2971E-03
-3.3733E-03
-3.5890E-03
-3.7986E-03
-3.7156E-03
-3.2334E-03
-2.4090E-03
-1.6207E-03
-1.2607E-03
-1.5865E-03
-2.0457E-03
-2.2602E-03
-2.4566E-03
-2.8255E-03
-3.4769E-03
-4.1784E-03
-4.7590E-03
-5.2411E-03
-5.6638E-03
-6.0615E-03
-6.5006E-03
-6.9563E-03
-7.2719E-03
-7.4336E-03
-7.4433E-03
-7.3184E-03
-7.1325E-03
-7.0016E-03
-6.8878E-03
-6.6577E-03
-6.3308E-03
-6.0345E-03
-5.9513E-03
-6.0594E-03
-6.1983E-03
-6.1644E-03
-5.8888E-03
-5.5725E-03
-5.3817E-03
-5.4583E-03
-5.7239E-03
-6.0611E-03
-6.3222E-03
-6.3757E-03
-6.1035E-03
-5.6751E-03
-5.2343E-03
-4.8227E-03
-4.5986E-03
-4.7599E-03
-5.1771E-03
-5.7036E-03
-6.3396E-03
-7.0394E-03
-7.8022E-03
-8.5385E-03
-9.1767E-03
-9.5935E-03
-9.6997E-03
-9.3603E-03
-8.8668E-03
-8.5146E-03
-8.4645E-03
-8.7087E-03
-9.1852E-03
-9.6373E-03
-9.9122E-03
-1.0022E-02
-9.8394E-03
-9.1431E-03
-8.1896E-03
-7.2116E-03
-6.2061E-03
-5.2252E-03
-4.3017E-03
-3.3871E-03
-2.4431E-03
-1.5999E-03
-1.0016E-03
-7.5371E-04
-5.5962E-04
-1.9340E-04
3.0029E-04
7.3431E-04
8.8199E-04
8.3146E-04
6.8523E-04
4.4005E-04
1.3334E-04
-7.2513E-05
1.1468E-04
6.9381E-04
1.2353E-03
1.5161E-03
1.5959E-03
1.6197E-03
1.6310E-03
1.5316E-03
1.3951E-03
1.3207E-03
1.1465E-03
6.8014E-04
5.8249E-05
-6.2149E-04
-1.2901E-03
-1.8108E-03
-2.0918E-03
-2.3260E-03
-2.6164E-03
-2.9014E-03
-3.1578E-03
-3.3962E-03
-3.6011E-03
-3.8092E-03
-4.0770E-03
-4.3469E-03
-4.4933E-03
-4.6174E-03
-4.8439E-03
-5.1780E-03
-5.5611E-03
-5.9168E-03
-6.2027E-03
-6.4426E-03
-6.7045E-03
-6.9075E-03
-6.8842E-03
-6.8904E-03
-7.3720E-03
-8.2349E-03
-9.1931E-03
-9.9390E-03
-1.0333E-02
-1.0456E-02
-1.0508E-02
-1.0532E-02
-1.0265E-02
-9.6481E-03
-8.7774E-03
-7.8959E-03
-7.0247E-03
-5.8925E-03
-4.5418E-03
-3.5161E-03
-2.7894E-03
-2.1346E-03
-1.5729E-03
-1.2218E-03
-1.1305E-03
-1.2141E-03
-1.1961E-03
-8.0387E-04
1.1972E-04
1.2262E-03
2.2273E-03
3.0411E-03
3.7460E-03
4.4387E-03
5.0931E-03
5.6342E-03
5.9569E-03
6.0131E-03
5.7488E-03
5.3496E-03
4.8979E-03
4.2574E-03
3.4663E-03
2.6470E-03
1.8334E-03
1.0058E-03
2.2267E-04
-5.3558E-04
-1.2437E-03
-1.7576E-03
-1.8943E-03
-1.7731E-03
-1.5354E-03
-1.3590E-03
-1.3551E-03
-1.6043E-03
-1.9524E-03
-2.2555E-03
-2.4810E-03
-2.6919E-03
-2.9976E-03
-3.3761E-03
-3.7460E-03
-4.0311E-03
-4.2155E-03
-4.3314E-03
-4.3576E-03
-4.2025E-03
-3.7691E-03
-3.0955E-03
-2.2663E-03
-1.4190E-03
-6.9355E-04
-1.7016E-04
2.0575E-04
6.1364E-04
1.1811E-03
1.8926E-03
2.6214E-03
3.1945E-03
3.6285E-03
4.0090E-03
4.4975E-03
5.0310E-03
5.4437E-03
5.7475E-03
6.0478E-03
6.3177E-03
6.5401E-03
6.6999E-03
6.8855E-03