2.4990E+03
1.0000E-02
3.1811E-03
3.1681E-03
3.1533E-03
3.1387E-03
3.1232E-03
3.1073E-03
3.0917E-03
3.0760E-03
3.0609E-03
3.0454E-03
3.0312E-03
3.0155E-03
3.0017E-03
2.9964E-03
3.0133E-03
3.0169E-03
3.0636E-03
3.1062E-03
3.0821E-03
3.1377E-03
3.3388E-03
3.4452E-03
3.5337E-03
3.6053E-03
3.5894E-03
3.5531E-03
3.5537E-03
3.6021E-03
3.6798E-03
3.8591E-03
3.9343E-03
3.8124E-03
3.7115E-03
3.7781E-03
3.7431E-03
3.7677E-03
3.7689E-03
3.5285E-03
3.0164E-03
2.3405E-03
2.1827E-03
2.1081E-03
1.7037E-03
1.7453E-03
2.0056E-03
2.3719E-03
2.1570E-03
2.2935E-03
3.3310E-03
4.7366E-03
4.7945E-03
3.7300E-03
3.3342E-03
3.3010E-03
3.8368E-03
4.7071E-03
5.6564E-03
6.6423E-03
7.7627E-03
8.6315E-03
9.0306E-03
9.2533E-03
8.9497E-03
8.6745E-03
7.5509E-03
5.7285E-03
4.3442E-03
4.5678E-03
5.6260E-03
6.3316E-03
6.9959E-03
8.2966E-03
9.7547E-03
8.7175E-03
5.7471E-03
4.0352E-03
3.3913E-03
2.6851E-03
1.6016E-03
-3.3834E-04
-1.8149E-03
-2.3544E-03
-2.4136E-03
2.7501E-04
5.0845E-03
9.1172E-03
1.0086E-02
8.9553E-03
7.4839E-03
8.0916E-03
8.3777E-03
8.6735E-03
1.0207E-02
1.1776E-02
1.3149E-02
1.2050E-02
1.2054E-02
1.2788E-02
1.3057E-02
1.0607E-02
8.6352E-03
8.0717E-03
6.0215E-03
3.4276E-03
-5.4463E-04
-3.6956E-03
-9.0597E-03
-1.4726E-02
-1.7312E-02
-1.5627E-02
-8.7742E-03
-3.0245E-04
4.3347E-03
4.0556E-03
1.0967E-03
-1.2458E-03
-3.4284E-03
-2.0378E-03
3.4862E-03
1.0984E-02
2.0144E-02
2.9200E-02
3.2790E-02
2.9704E-02
2.4680E-02
1.9904E-02
1.8450E-02
2.1691E-02
2.8693E-02
3.4906E-02
3.4488E-02
2.8036E-02
1.9574E-02
1.1710E-02
6.2448E-03
1.7688E-03
-4.0305E-03
-1.3246E-02
-2.0562E-02
-2.2757E-02
-2.1536E-02
-2.1020E-02
-2.4432E-02
-2.9114E-02
-3.3942E-02
-3.5931E-02
-3.3720E-02
-2.8574E-02
-2.0334E-02
-1.1126E-02
-2.5374E-03
5.9116E-03
1.3091E-02
1.7788E-02
2.4021E-02
3.5693E-02
4.8614E-02
5.7050E-02
5.7900E-02
5.3958E-02
4.8912E-02
4.5562E-02
4.7938E-02
5.2131E-02
5.3093E-02
5.0789E-02
4.7483E-02
4.5777E-02
4.4582E-02
4.2573E-02
4.0466E-02
3.8164E-02
3.1979E-02
1.9799E-02
5.9018E-03
-7.1563E-03
-1.8933E-02
-2.4881E-02
-2.4993E-02
-2.0574E-02
-1.7346E-02
-1.8651E-02
-2.4628E-02
-3.2526E-02
-4.0446E-02
-4.4855E-02
-4.5523E-02
-4.2807E-02
-3.9376E-02
-4.2342E-02
-5.3967E-02
-6.7543E-02
-7.3175E-02
-6.4273E-02
-4.1346E-02
-9.2204E-03
1.6570E-02
3.4109E-02
5.1705E-02
7.2380E-02
9.0889E-02
9.9460E-02
9.9814E-02
9.5639E-02
8.6589E-02
7.2606E-02
5.4518E-02
3.7837E-02
2.7892E-02
2.5485E-02
2.8955E-02
2.9131E-02
1.5922E-02
-5.8888E-03
-2.2279E-02
-2.9191E-02
-2.9740E-02
-2.7071E-02
-2.6178E-02
-3.0900E-02
-3.6993E-02
-3.7805E-02
-3.2693E-02
-2.3893E-02
-1.2408E-02
-2.1805E-03
2.2416E-03
-1.4869E-03
-1.1667E-02
-2.2193E-02
-2.4989E-02
-1.5192E-02
9.9870E-03
4.8104E-02
7.8311E-02
9.1056E-02
9.3955E-02
9.1931E-02
8.5698E-02
7.7469E-02
6.6589E-02
5.0120E-02
2.8282E-02
7.7938E-03
-8.1862E-03
-1.7348E-02
-2.1142E-02
-2.6601E-02
-3.7959E-02
-5.3496E-02
-6.6711E-02
-6.9696E-02
-6.0073E-02
-4.3538E-02
-2.7217E-02
-1.7325E-02
-1.1408E-02
-1.8734E-03
1.5583E-02
4.2063E-02
7.0145E-02
8.9339E-02
9.4179E-02
8.5194E-02
7.0702E-02
6.3991E-02
6.7473E-02
7.5656E-02
8.2666E-02
8.3762E-02
8.0200E-02
7.4839E-02
7.2616E-02
7.5317E-02
7.9181E-02
7.7561E-02
5.9703E-02
2.4802E-02
-1.0136E-02
-2.8882E-02
-3.3832E-02
-3.0793E-02
-2.3981E-02
-1.6988E-02
-1.1304E-02
-1.0148E-02
-1.3551E-02
-1.8893E-02
-2.4681E-02
-2.4663E-02
-1.8733E-02
-1.2446E-02
-1.0128E-02
-1.1290E-02
-1.2893E-02
-1.5143E-02
-1.6151E-02
-1.4564E-02
-1.2120E-02
-1.1137E-02
-1.2129E-02
-1.7051E-02
-2.6568E-02
-3.6140E-02
-4.1223E-02
-3.6085E-02
-1.8325E-02
1.3836E-02
5.4318E-02
8.7589E-02
1.0305E-01
1.0750E-01
1.0523E-01
1.0088E-01
1.0015E-01
9.9933E-02
9.4694E-02
8.1331E-02
6.0758E-02
3.9548E-02
2.0969E-02
5.5047E-03
-1.1317E-02
-2.8171E-02
-4.1271E-02
-4.8017E-02
-5.1324E-02
-5.4648E-02
-5.5899E-02
-5.4386E-02
-4.9044E-02
-3.7069E-02
-1.6532E-02
8.3000E-03
3.6683E-02
6.6827E-02
9.6478E-02
1.1955E-01
1.3287E-01
1.3937E-01
1.4121E-01
1.4067E-01
1.3664E-01
1.2782E-01
1.1126E-01
8.7419E-02
6.3305E-02
4.1116E-02
1.9009E-02
1.6007E-03
-1.0811E-02
-2.0394E-02
-2.8795E-02
-3.4630E-02
-3.7532E-02
-4.0171E-02
-4.3381E-02
-4.6295E-02
-4.9317E-02
-5.3975E-02
-6.0862E-02
-6.9467E-02
-7.5412E-02
-7.5718E-02
-7.1261E-02
-6.4180E-02
-5.7226E-02
-5.4019E-02
-5.4910E-02
-5.9630E-02
-6.7161E-02
-7.6559E-02
-8.7240E-02
-9.9717E-02
-1.1529E-01
-1.3516E-01
-1.5962E-01
-1.8830E-01
-2.1765E-01
-2.4725E-01
-2.7703E-01
-3.0118E-01
-3.1430E-01
-3.2088E-01
-3.2331E-01
-3.1864E-01
-3.0396E-01
-2.7645E-01
-2.3940E-01
-2.0169E-01
-1.6457E-01
-1.2703E-01
-9.1562E-02
-6.7856E-02
-5.8881E-02
-5.8926E-02
-6.6504E-02
-8.9354E-02
-1.2246E-01
-1.4719E-01
-1.5216E-01
-1.4405E-01
-1.3205E-01
-1.2066E-01
-1.1338E-01
-1.1001E-01
-1.0987E-01
-1.1250E-01
-1.1768E-01
-1.2086E-01
-1.1583E-01
-1.0108E-01
-7.8159E-02
-5.3040E-02
-3.4137E-02
-2.5006E-02
-2.2791E-02
-2.3413E-02
-2.4869E-02
-2.4737E-02
-2.1248E-02
-1.3537E-02
-4.8846E-04
1.3262E-02
2.4332E-02
2.7424E-02
1.8444E-02
-2.6673E-03
-2.9937E-02
-5.8809E-02
-8.6038E-02
-1.1065E-01
-1.3511E-01
-1.6156E-01
-1.8743E-01
-2.1119E-01
-2.2998E-01
-2.4268E-01
-2.5194E-01
-2.5726E-01
-2.5902E-01
-2.5826E-01
-2.5475E-01
-2.4893E-01
-2.4285E-01
-2.3801E-01
-2.3486E-01
-2.3562E-01
-2.4287E-01
-2.5398E-01
-2.6329E-01
-2.6155E-01
-2.4717E-01
-2.2671E-01
-1.9916E-01
-1.6683E-01
-1.3436E-01
-1.0735E-01
-9.1987E-02
-8.7806E-02
-9.0531E-02
-1.0154E-01
-1.2500E-01
-1.6186E-01
-2.0526E-01
-2.3901E-01
-2.5926E-01
-2.7900E-01
-2.9890E-01
-3.1467E-01
-3.2797E-01
-3.3783E-01
-3.4372E-01
-3.4734E-01
-3.5146E-01
-3.5488E-01
-3.5839E-01
-3.6311E-01
-3.6703E-01
-3.6897E-01
-3.6763E-01
-3.6111E-01
-3.4413E-01
-3.1201E-01
-2.6107E-01
-2.0473E-01
-1.4723E-01
-8.2697E-02
-1.8981E-02
3.3773E-02
7.2015E-02
9.5592E-02
1.0707E-01
1.1022E-01
1.1110E-01
1.1168E-01
1.1273E-01
1.1719E-01
1.2783E-01
1.4866E-01
1.7860E-01
2.1277E-01
2.5118E-01
2.9085E-01
3.3212E-01
3.7240E-01
4.0599E-01
4.3385E-01
4.5775E-01
4.8268E-01
5.0868E-01
5.3213E-01
5.5460E-01
5.7451E-01
5.8759E-01
5.9654E-01
6.0347E-01
6.0770E-01
6.0810E-01
6.0498E-01
6.0039E-01
5.9514E-01
5.8760E-01
5.7906E-01
5.6819E-01
5.5560E-01
5.4022E-01
5.2189E-01
5.0298E-01
4.8384E-01
4.6246E-01
4.4446E-01
4.3079E-01
4.1927E-01
4.0902E-01
3.9597E-01
3.8019E-01
3.6456E-01
3.5042E-01
3.4064E-01
3.3499E-01
3.3075E-01
3.2616E-01
3.1854E-01
3.0845E-01
2.9468E-01
2.7635E-01
2.5675E-01
2.3815E-01
2.2471E-01
2.1794E-01
2.1463E-01
2.1213E-01
2.0983E-01
2.0863E-01
2.0643E-01
2.0338E-01
2.0016E-01
1.9464E-01
1.8919E-01
1.8493E-01
1.7964E-01
1.7189E-01
1.6061E-01
1.4851E-01
1.3626E-01
1.2281E-01
1.0784E-01
9.3005E-02
7.6906E-02
6.2442E-02
4.8936E-02
3.6627E-02
2.9002E-02
2.1150E-02
1.1930E-02
-3.3829E-04
-1.5295E-02
-3.1036E-02
-4.7351E-02
-6.5907E-02
-7.9013E-02
-8.6700E-02
-9.9411E-02
-1.1204E-01
-1.1942E-01
-1.2720E-01
-1.3747E-01
-1.4980E-01
-1.6361E-01
-1.7904E-01
-1.9558E-01
-2.1467E-01
-2.3207E-01
-2.4511E-01
-2.5412E-01
-2.5768E-01
-2.5723E-01
-2.5674E-01
-2.5687E-01
-2.5669E-01
-2.5580E-01
-2.5634E-01
-2.5705E-01
-2.5903E-01
-2.6120E-01
-2.6341E-01
-2.6402E-01
-2.6271E-01
-2.6188E-01
-2.5889E-01
-2.5601E-01
-2.5487E-01
-2.5389E-01
-2.5132E-01
-2.4837E-01
-2.4720E-01
-2.3987E-01
-2.2148E-01
-1.9940E-01
-1.7600E-01
-1.4779E-01
-9.9028E-02
-4.1429E-02
1.4352E-03
2.0257E-02
2.2940E-02
1.8257E-02
1.0842E-02
3.6043E-03
-2.0567E-03
-5.3326E-03
-3.8969E-03
8.3783E-04
5.2892E-03
7.4950E-03
1.0653E-02
1.3932E-02
1.6921E-02
2.0372E-02
2.5080E-02
2.8844E-02
3.1215E-02
3.3005E-02
3.4604E-02
3.5082E-02
3.4914E-02
3.4937E-02
3.5067E-02
3.5228E-02
3.6278E-02
3.7539E-02
3.8963E-02
4.1389E-02
4.4733E-02
4.7392E-02
4.8979E-02
4.9428E-02
4.7269E-02
4.4580E-02
4.3108E-02
4.3275E-02
4.3982E-02
4.7054E-02
5.0733E-02
5.1118E-02
4.8591E-02
4.2883E-02
3.4390E-02
1.9573E-02
1.1342E-03
-1.6347E-02
-3.3555E-02
-4.9867E-02
-6.3797E-02
-7.4253E-02
-8.1842E-02
-8.9419E-02
-9.5059E-02
-9.4739E-02
-9.0938E-02
-8.6188E-02
-7.8872E-02
-7.1662E-02
-6.8606E-02
-6.8059E-02
-6.9690E-02
-7.2547E-02
-7.5346E-02
-7.6211E-02
-7.2993E-02
-6.8486E-02
-6.4358E-02
-5.9882E-02
-5.6122E-02
-5.0940E-02
-4.4106E-02
-3.8470E-02
-3.4531E-02
-2.9830E-02
-2.4097E-02
-1.6705E-02
-7.8468E-03
6.3390E-04
6.4098E-03
1.2531E-02
1.9371E-02
2.4230E-02
2.6287E-02
2.8695E-02
3.1936E-02
3.3794E-02
3.7516E-02
4.3674E-02
5.0172E-02
5.7238E-02
6.3880E-02
6.8808E-02
6.9863E-02
6.7860E-02
6.4981E-02
6.2557E-02
6.0432E-02
5.9206E-02
6.0992E-02
6.3499E-02
6.5959E-02
6.9821E-02
7.1840E-02
7.0974E-02
6.9925E-02
6.8494E-02
6.7495E-02
6.8082E-02
7.0033E-02
7.3038E-02
7.7490E-02
8.1870E-02
8.3388E-02
8.2431E-02
7.9304E-02
7.2795E-02
6.2551E-02
4.9635E-02
3.7199E-02
2.8322E-02
2.4486E-02
2.3746E-02
2.5023E-02
2.7577E-02
3.0122E-02
3.2619E-02
3.4130E-02
3.3441E-02
3.1916E-02
2.8173E-02
2.0944E-02
1.1490E-02
2.9086E-03
-2.8417E-03
-5.7127E-03
-5.9990E-03
-5.5512E-03
-5.4340E-03
-5.7981E-03
-7.4078E-03
-9.1983E-03
-1.0104E-02
-1.1769E-02
-1.4199E-02
-1.5757E-02
-1.5609E-02
-1.5276E-02
-1.5295E-02
-1.5848E-02
-1.8465E-02
-2.2862E-02
-2.7433E-02
-3.1547E-02
-3.2946E-02
-3.3829E-02
-3.4186E-02
-3.2876E-02
-3.1975E-02
-3.3688E-02
-3.6037E-02
-3.8200E-02
-4.1331E-02
-4.5438E-02
-4.9934E-02
-5.4644E-02
-5.8812E-02
-6.0267E-02
-6.0328E-02
-6.0286E-02
-5.9572E-02
-5.8787E-02
-5.5908E-02
-5.1988E-02
-4.6076E-02
-3.5519E-02
-2.5131E-02
-1.7648E-02
-1.4902E-02
-1.5268E-02
-1.5393E-02
-1.4839E-02
-1.2420E-02
-9.0637E-03
-6.0689E-03
-2.9520E-03
-2.9286E-04
3.1036E-04
2.5460E-05
-1.1520E-03
-3.5544E-03
-6.0199E-03
-6.8973E-03
-6.4488E-03
-5.1919E-03
-2.1914E-03
1.1307E-03
3.8323E-03
5.9494E-03
6.5862E-03
7.8486E-03
8.9053E-03
8.9735E-03
1.0627E-02
1.2805E-02
1.3786E-02
1.5524E-02
1.6901E-02
1.5960E-02
1.3414E-02
1.0720E-02
7.5758E-03
4.2610E-03
-1.2155E-04
-5.0089E-03
-9.9833E-03
-1.5312E-02
-2.0736E-02
-2.6292E-02
-3.2108E-02
-3.6965E-02
-4.0650E-02
-4.4762E-02
-4.7114E-02
-4.8878E-02
-4.9082E-02
-4.5958E-02
-3.9608E-02
-3.0213E-02
-1.9611E-02
-9.8244E-03
-2.4952E-03
2.8251E-03
5.7256E-03
7.3489E-03
9.1253E-03
1.0392E-02
1.1347E-02
1.2588E-02
1.3133E-02
1.3245E-02
1.5115E-02
1.9096E-02
2.3623E-02
2.7115E-02
3.1083E-02
3.5270E-02
3.8475E-02
4.1339E-02
4.4613E-02
4.7277E-02
4.9686E-02
5.0756E-02
5.0643E-02
5.0693E-02
5.0764E-02
4.9832E-02
4.6843E-02
4.0773E-02
3.2598E-02
2.3586E-02
1.6237E-02
9.9691E-03
3.5071E-03
-1.7098E-03
-6.0203E-03
-1.0522E-02
-1.4878E-02
-1.7221E-02
-1.9379E-02
-2.2386E-02
-2.5002E-02
-2.7670E-02
-3.1760E-02
-3.4643E-02
-3.7214E-02
-3.9856E-02
-4.2803E-02
-4.7655E-02
-5.2500E-02
-5.6767E-02
-6.0588E-02
-6.2459E-02
-6.4958E-02
-6.7810E-02
-6.8396E-02
-6.9507E-02
-7.0613E-02
-6.8785E-02
-6.4723E-02
-5.9750E-02
-5.5420E-02
-5.2929E-02
-5.4354E-02
-5.6824E-02
-5.8386E-02
-5.9476E-02
-5.9634E-02
-5.9327E-02
-5.9221E-02
-6.0448E-02
-6.2854E-02
-6.6013E-02
-7.0531E-02
-7.5304E-02
-7.9529E-02
-8.1760E-02
-8.0879E-02
-7.9263E-02
-7.6700E-02
-7.3430E-02
-7.0921E-02
-6.9447E-02
-6.8362E-02
-6.6766E-02
-6.5218E-02
-6.3634E-02
-6.1362E-02
-5.8624E-02
-5.6624E-02
-5.4271E-02
-4.9870E-02
-4.4861E-02
-3.9697E-02
-3.3398E-02
-2.7082E-02
-2.1440E-02
-1.3922E-02
-5.1035E-03
1.6911E-03
6.3304E-03
1.0271E-02
1.3900E-02
1.5841E-02
1.6504E-02
1.6996E-02
1.7075E-02
1.7094E-02
1.6244E-02
1.5777E-02
1.6040E-02
1.6870E-02
1.9967E-02
2.4199E-02
2.9960E-02
3.6859E-02
4.3945E-02
5.0299E-02
5.7171E-02
6.3295E-02
6.8451E-02
7.4542E-02
8.1042E-02
8.7143E-02
9.4789E-02
1.0364E-01
1.1225E-01
1.2127E-01
1.3061E-01
1.3879E-01
1.4553E-01
1.5034E-01
1.5333E-01
1.5476E-01
1.5541E-01
1.5567E-01
1.5673E-01
1.5788E-01
1.5739E-01
1.5705E-01
1.5703E-01
1.5586E-01
1.5387E-01
1.5001E-01
1.4571E-01
1.4070E-01
1.3445E-01
1.2779E-01
1.2121E-01
1.1151E-01
1.0009E-01
8.9365E-02
7.9198E-02
6.9845E-02
6.1717E-02
5.4580E-02
4.7331E-02
3.9943E-02
3.3024E-02
2.7364E-02
2.2437E-02
1.7966E-02
1.3762E-02
1.0124E-02
5.2129E-03
-3.2624E-04
-6.1264E-03
-1.2286E-02
-2.0938E-02
-2.9217E-02
-3.4806E-02
-3.7214E-02
-3.7819E-02
-3.7138E-02
-3.6962E-02
-3.7407E-02
-3.7229E-02
-3.6377E-02
-3.5200E-02
-3.3151E-02
-3.0737E-02
-2.6800E-02
-2.2381E-02
-1.8271E-02
-1.2893E-02
-5.7756E-03
-2.3508E-04
3.2793E-03
6.8128E-03
8.0041E-03
7.5244E-03
5.3592E-03
3.9818E-04
-6.2692E-03
-1.4231E-02
-2.4465E-02
-3.3628E-02
-4.0206E-02
-4.4198E-02
-4.7112E-02
-4.8427E-02
-4.7540E-02
-4.7024E-02
-4.6133E-02
-4.4214E-02
-4.1766E-02
-4.0970E-02
-3.9754E-02
-3.7827E-02
-3.7621E-02
-3.9889E-02
-4.1398E-02
-4.1315E-02
-4.2955E-02
-4.6884E-02
-5.0092E-02
-5.3507E-02
-5.6724E-02
-6.0723E-02
-6.4621E-02
-6.8302E-02
-7.1925E-02
-7.5354E-02
-7.7039E-02
-7.6945E-02
-7.6055E-02
-7.3844E-02
-6.9909E-02
-6.7662E-02
-6.8261E-02
-6.9067E-02
-7.0261E-02
-7.1575E-02
-7.2018E-02
-7.1778E-02
-7.1368E-02
-7.0213E-02
-6.9652E-02
-6.9726E-02
-6.9744E-02
-6.9647E-02
-6.9557E-02
-7.0044E-02
-7.1057E-02
-7.1070E-02
-6.9132E-02
-6.7036E-02
-6.4217E-02
-6.0384E-02
-5.6723E-02
-5.1887E-02
-4.6004E-02
-3.9565E-02
-3.2360E-02
-2.3674E-02
-1.3644E-02
-6.1830E-03
1.5144E-04
6.4354E-03
1.1191E-02
1.3362E-02
1.4886E-02
1.5676E-02
1.4199E-02
1.0701E-02
7.2952E-03
2.8689E-03
-2.0911E-03
-5.4562E-03
-8.1844E-03
-1.1332E-02
-1.4926E-02
-1.7782E-02
-1.9320E-02
-2.1008E-02
-2.2280E-02
-2.0914E-02
-1.6836E-02
-1.3598E-02
-9.8944E-03
-6.4032E-03
-4.0907E-03
-2.4094E-03
-9.9463E-04
-4.2512E-04
4.2655E-04
7.1058E-04
6.6468E-04
7.1341E-04
9.2776E-04
2.1018E-03
4.2989E-03
5.6582E-03
7.3499E-03
8.2956E-03
7.5701E-03
5.8900E-03
3.8773E-03
1.8877E-03
1.0602E-03
-8.2955E-04
-1.9179E-03
-1.7690E-03
-3.1094E-03
-5.0695E-03
-6.6555E-03
-9.5596E-03
-1.3126E-02
-1.6318E-02
-1.9154E-02
-2.1637E-02
-2.2443E-02
-2.1467E-02
-1.8882E-02
-1.7757E-02
-1.6410E-02
-1.2303E-02
-7.4941E-03
-2.8533E-03
1.7288E-03
5.2653E-03
8.7071E-03
1.1238E-02
9.5884E-03
6.2187E-03
4.2700E-03
4.3788E-03
5.0285E-03
7.0471E-03
9.4259E-03
1.1790E-02
1.3238E-02
1.4849E-02
1.4906E-02
1.2973E-02
1.1525E-02
9.8100E-03
6.9224E-03
4.8664E-03
2.8984E-03
9.3400E-04
-4.5343E-04
6.6633E-04
2.7310E-03
5.2396E-03
7.7540E-03
1.1723E-02
1.5558E-02
1.7545E-02
1.8777E-02
1.9509E-02
2.1053E-02
2.3494E-02
2.6915E-02
2.9510E-02
3.1318E-02
3.4912E-02
3.7111E-02
3.6957E-02
3.6816E-02
3.6995E-02
3.7188E-02
3.6897E-02
3.4616E-02
3.1288E-02
3.0100E-02
3.0706E-02
3.2433E-02
3.4521E-02
3.4835E-02
3.6149E-02
3.8722E-02
4.1532E-02
4.4780E-02
4.6217E-02
4.6220E-02
4.7981E-02
5.0798E-02
5.2890E-02
5.4005E-02
5.4176E-02
5.4158E-02
5.4356E-02
5.4261E-02
5.3618E-02
5.3116E-02
5.2017E-02
5.1066E-02
4.9594E-02
4.7812E-02
4.6433E-02
4.5667E-02
4.5488E-02
4.5453E-02
4.5379E-02
4.5659E-02
4.5529E-02
4.5402E-02
4.4208E-02
4.1736E-02
3.8510E-02
3.5174E-02
3.0919E-02
2.4977E-02
1.9921E-02
1.7079E-02
1.5915E-02
1.7166E-02
1.7266E-02
1.5109E-02
1.4468E-02
1.3767E-02
1.1527E-02
8.2831E-03
3.2923E-03
5.1146E-04
-4.4378E-04
-2.9488E-03
-5.5478E-03
-6.9826E-03
-9.7406E-03
-1.2225E-02
-1.3059E-02
-1.5206E-02
-1.8244E-02
-1.9748E-02
-2.0451E-02
-2.0617E-02
-2.0831E-02
-2.2777E-02
-2.5258E-02
-2.5711E-02
-2.6484E-02
-2.8762E-02
-3.1522E-02
-3.5867E-02
-3.9468E-02
-4.2061E-02
-4.5282E-02
-4.7711E-02
-4.9525E-02
-5.1629E-02
-5.3034E-02
-5.4570E-02
-5.5861E-02
-5.6006E-02
-5.6039E-02
-5.5343E-02
-5.4361E-02
-5.3514E-02
-5.2675E-02
-5.0786E-02
-4.7423E-02
-4.3993E-02
-4.1563E-02
-3.9476E-02
-3.8210E-02
-3.9196E-02
-4.0551E-02
-4.2507E-02
-4.4598E-02
-4.6200E-02
-4.4480E-02
-4.1708E-02
-3.9086E-02
-3.5690E-02
-3.1852E-02
-2.8439E-02
-2.6919E-02
-2.5149E-02
-2.3308E-02
-2.3067E-02
-2.3503E-02
-2.4623E-02
-2.5953E-02
-2.6566E-02
-2.6121E-02
-2.4425E-02
-2.1909E-02
-1.9123E-02
-1.7670E-02
-1.5097E-02
-1.1536E-02
-9.5637E-03
-6.5416E-03
-3.3552E-03
-2.3876E-03
-2.2162E-03
-2.0137E-03
-2.7495E-03
-2.8692E-03
-2.5022E-03
-7.9804E-04
1.9439E-03
4.6571E-03
6.8174E-03
9.4920E-03
1.1164E-02
1.2156E-02
1.2627E-02
1.1503E-02
8.5291E-03
6.2520E-03
6.3107E-03
8.6784E-03
1.1934E-02
1.4340E-02
1.6983E-02
2.0565E-02
2.1817E-02
2.1446E-02
2.1521E-02
2.2598E-02
2.3761E-02
2.3319E-02
2.4124E-02
2.6017E-02
2.7163E-02
2.8956E-02
3.0191E-02
3.1327E-02
3.3439E-02
3.4220E-02
3.4462E-02
3.5303E-02
3.5118E-02
3.4697E-02
3.4877E-02
3.3674E-02
3.0686E-02
2.7712E-02
2.6335E-02
2.5911E-02
2.6195E-02
2.7950E-02
3.0191E-02
3.2230E-02
3.2902E-02
3.3466E-02
3.4154E-02
3.5093E-02
3.4374E-02
3.3244E-02
3.3117E-02
3.3365E-02
3.3487E-02
3.3736E-02
3.5516E-02
3.8086E-02
3.9933E-02
4.1815E-02
4.5200E-02
4.8288E-02
4.9121E-02
5.0270E-02
5.1140E-02
4.9791E-02
4.8888E-02
4.7741E-02
4.5004E-02
4.2624E-02
4.1654E-02
3.9784E-02
3.7624E-02
3.5623E-02
3.3164E-02
3.0822E-02
2.9062E-02
2.7751E-02
2.4443E-02
2.1408E-02
1.8667E-02
1.5610E-02
1.3449E-02
9.7359E-03
5.8648E-03
3.3752E-03
2.1783E-03
1.1569E-03
-6.6303E-04
-2.5949E-03
-3.6740E-03
-4.9690E-03
-5.2310E-03
-4.9678E-03
-4.8036E-03
-5.4517E-03
-6.1155E-03
-7.4260E-03
-1.0145E-02
-1.1829E-02
-1.1792E-02
-1.2465E-02
-1.3588E-02
-1.6537E-02
-1.9099E-02
-2.1764E-02
-2.5605E-02
-2.9891E-02
-3.3988E-02
-3.7814E-02
-4.1046E-02
-4.5129E-02
-4.8338E-02
-5.0410E-02
-5.2546E-02
-5.3340E-02
-5.4037E-02
-5.5708E-02
-5.7344E-02
-5.9104E-02
-5.9767E-02
-5.9485E-02
-5.9232E-02
-5.9368E-02
-5.9670E-02
-5.9136E-02
-5.8748E-02
-5.7641E-02
-5.4764E-02
-5.1465E-02
-4.7068E-02
-4.1231E-02
-3.5792E-02
-3.0913E-02
-2.5904E-02
-2.1500E-02
-1.9081E-02
-1.8432E-02
-1.6995E-02
-1.5136E-02
-1.4168E-02
-1.4084E-02
-1.4066E-02
-1.3958E-02
-1.4030E-02
-1.5261E-02
-1.6923E-02
-1.6764E-02
-1.5351E-02
-1.3540E-02
-1.0949E-02
-7.5468E-03
-5.3437E-03
-3.2226E-03
-1.1761E-03
2.0060E-04
-8.5865E-04
-3.5983E-03
-6.5868E-03
-8.9154E-03
-1.0754E-02
-1.2392E-02
-1.2534E-02
-1.2201E-02
-1.2164E-02
-1.2048E-02
-1.1927E-02
-1.1851E-02
-1.1804E-02
-1.1768E-02
-1.1678E-02
-1.1591E-02
-1.1413E-02
-1.1323E-02
-1.1211E-02
-9.8781E-03
-7.5950E-03
-5.6964E-03
-3.4443E-03
2.5379E-04
5.1066E-03
9.3570E-03
1.3685E-02
1.6638E-02
1.8945E-02
2.3093E-02
2.6080E-02
2.6149E-02
2.6210E-02
2.6040E-02
2.4115E-02
2.1160E-02
1.8852E-02
1.8693E-02
1.9073E-02
1.9151E-02
1.9112E-02
1.7343E-02
1.5690E-02
1.5302E-02
1.3537E-02
1.2214E-02
1.2043E-02
1.0127E-02
7.0794E-03
4.8526E-03
2.2054E-03
-2.7655E-04
-1.4250E-03
-1.1194E-03
2.5016E-04
4.5493E-04
-4.0802E-04
-9.2939E-04
-7.6831E-04
-7.6770E-04
-2.3737E-03
-5.6431E-03
-7.8469E-03
-7.6010E-03
-7.2222E-03
-7.2767E-03
-7.2354E-03
-7.4388E-03
-9.0112E-03
-1.1173E-02
-1.3429E-02
-1.4411E-02
-1.5793E-02
-1.7531E-02
-1.7688E-02
-1.7726E-02
-1.8086E-02
-1.7519E-02
-1.6390E-02
-1.4374E-02
-1.0625E-02
-6.6201E-03
-5.6263E-03
-6.0987E-03
-5.9992E-03
-5.8623E-03
-5.9527E-03
-6.2484E-03
-5.8178E-03
-6.1536E-03
-8.4960E-03
-1.0253E-02
-1.3210E-02
-1.7520E-02
-2.2006E-02
-2.6179E-02
-2.8890E-02
-2.9709E-02
-2.8750E-02
-2.7394E-02
-2.6367E-02
-2.6178E-02
-2.6239E-02
-2.6086E-02
-2.5614E-02
-2.5294E-02
-2.3159E-02
-2.0401E-02
-1.8554E-02
-1.7156E-02
-1.4937E-02
-1.3088E-02
-1.1380E-02
-1.0641E-02
-9.1482E-03
-6.9454E-03
-5.8445E-03
-5.3435E-03
-4.8677E-03
-3.7033E-03
-3.5599E-03
-4.8618E-03
-6.2411E-03
-5.6449E-03
-4.2364E-03
-3.2004E-03
-2.8913E-03
-2.9656E-03
-2.0986E-03
4.1316E-04
2.7992E-03
4.2648E-03
4.7475E-03
6.4596E-03
8.4493E-03
8.6059E-03
8.3551E-03
8.4610E-03
8.6110E-03
9.0359E-03
1.0420E-02
1.2120E-02
1.3333E-02
1.5695E-02
1.9152E-02
2.3099E-02
2.7798E-02
3.1137E-02
3.3797E-02
3.7036E-02
4.0126E-02
4.2031E-02
4.2126E-02
4.1922E-02
4.2062E-02
4.2152E-02
4.2182E-02
4.2256E-02
4.2329E-02
4.2408E-02
4.2905E-02
4.4579E-02
4.4898E-02
4.3432E-02
4.2533E-02
4.2701E-02
4.2983E-02
4.1640E-02
3.8689E-02
3.6515E-02
3.5454E-02
3.2759E-02
2.8631E-02
2.4907E-02
2.0414E-02
1.5877E-02
1.2003E-02
8.8983E-03
7.5319E-03
7.7474E-03
7.6371E-03
5.4444E-03
2.3976E-03
3.6675E-04
-2.0675E-03
-5.3792E-03
-7.5183E-03
-9.8251E-03
-1.2446E-02
-1.3296E-02
-1.3870E-02
-1.6886E-02
-1.9894E-02
-2.1701E-02
-2.4560E-02
-2.8259E-02
-3.2009E-02
-3.4169E-02
-3.4066E-02
-3.3690E-02
-3.3739E-02
-3.3714E-02
-3.3622E-02
-3.3532E-02
-3.3489E-02
-3.3423E-02
-3.3330E-02
-3.3267E-02
-3.3098E-02
-3.3007E-02
-3.2804E-02
-3.1096E-02
-2.8699E-02
-2.6312E-02
-2.4011E-02
-2.1998E-02
-2.0741E-02
-2.0270E-02
-1.8852E-02
-1.7575E-02
-1.7534E-02
-1.7631E-02
-1.7085E-02
-1.6979E-02
-1.5567E-02
-1.3641E-02
-1.3012E-02
-1.2106E-02
-1.0852E-02
-9.0992E-03
-6.4084E-03
-3.7911E-03
-1.3814E-03
1.0642E-03
2.3017E-03
3.7064E-03
5.3014E-03
5.6377E-03
7.3861E-03
1.0200E-02
1.1999E-02
1.2696E-02
1.2905E-02
1.3797E-02
1.7366E-02
2.0600E-02
2.2742E-02
2.6112E-02
3.0177E-02
3.4339E-02
3.6565E-02
3.8850E-02
4.1804E-02
4.3118E-02
4.4047E-02
4.5595E-02
4.6536E-02
4.8026E-02
5.0257E-02
5.2123E-02
5.3755E-02
5.5648E-02
5.7456E-02
5.8068E-02
5.9499E-02
6.2186E-02
6.4832E-02
6.5794E-02
6.5623E-02
6.5564E-02
6.6081E-02
6.6782E-02
6.6169E-02
6.5767E-02
6.4134E-02
6.0337E-02
5.6744E-02
5.4059E-02
5.2048E-02
5.1781E-02
5.0840E-02
4.7635E-02
4.5057E-02
4.3190E-02
4.0073E-02
3.7652E-02
3.4915E-02
3.1518E-02
2.8685E-02
2.5494E-02
2.4226E-02
2.3612E-02
2.1461E-02
1.9957E-02
1.8417E-02
1.7559E-02
1.6541E-02
1.5452E-02
1.4459E-02
1.2733E-02
1.1682E-02
1.1241E-02
8.5203E-03
5.4500E-03
4.3873E-03
4.1726E-03
2.5395E-03
1.1966E-03
1.3770E-03
1.7305E-03
1.7459E-03
1.7205E-03
1.1077E-03
-7.9346E-04
-1.6930E-03
-1.7591E-03
-4.2168E-03
-7.3722E-03
-8.7794E-03
-9.3669E-03
-1.0752E-02
-1.1973E-02
-1.1985E-02
-1.1887E-02
-1.1615E-02
-1.1022E-02
-1.0827E-02
-1.0791E-02
-1.0569E-02
-8.7769E-03
-6.6406E-03
-6.4196E-03
-6.6782E-03
-6.4916E-03
-7.7419E-03
-1.0355E-02
-1.2636E-02
-1.3853E-02
-1.5451E-02
-1.7300E-02
-1.9632E-02
-2.2128E-02
-2.3759E-02
-2.5473E-02
-2.7427E-02
-2.9623E-02
-3.1356E-02
-3.2901E-02
-3.4922E-02
-3.7328E-02
-3.9654E-02
-4.0637E-02
-4.0809E-02
-4.2983E-02
-4.6334E-02
-4.8285E-02
-5.0748E-02
-5.3432E-02
-5.3988E-02
-5.4532E-02
-5.7010E-02
-6.0255E-02
-6.2542E-02
-6.3802E-02
-6.4370E-02
-6.4590E-02
-6.3697E-02
-6.2948E-02
-6.2865E-02
-6.2445E-02
-6.0960E-02
-5.9359E-02
-5.8714E-02
-5.9303E-02
-6.1027E-02
-6.2649E-02
-6.4745E-02
-6.5581E-02
-6.5164E-02
-6.4868E-02
-6.4741E-02
-6.3871E-02
-6.3427E-02
-6.2160E-02
-6.0087E-02
-5.7822E-02
-5.5071E-02
-5.1163E-02
-4.6704E-02
-4.1163E-02
-3.6040E-02
-3.0056E-02
-2.5005E-02
-2.2253E-02
-2.0889E-02
-2.0140E-02
-1.9672E-02
-1.9117E-02
-1.6896E-02
-1.2825E-02
-8.9478E-03
-6.9960E-03
-5.7981E-03
-3.7387E-03
-2.1162E-03
2.1385E-04
2.5772E-03
3.9051E-03
5.3739E-03
7.5113E-03
9.2696E-03
1.0371E-02
1.1072E-02
1.2932E-02
1.4837E-02
1.6700E-02
1.8031E-02
1.8450E-02
1.9616E-02
2.0716E-02
2.1275E-02
2.0757E-02
2.0615E-02
2.1023E-02
2.1008E-02
2.0819E-02
2.0526E-02
1.8579E-02
1.6675E-02
1.6620E-02
1.6849E-02
1.6702E-02
1.6550E-02
1.6355E-02
1.5440E-02
1.5417E-02
1.5556E-02
1.5253E-02
1.5806E-02
1.6081E-02
1.5874E-02
1.5734E-02
1.5688E-02
1.5604E-02
1.5129E-02
1.3547E-02
1.2323E-02
1.1684E-02
9.8223E-03
7.8570E-03
7.1869E-03
6.3081E-03
5.9408E-03
5.3579E-03
4.0723E-03
3.4644E-03
1.6305E-03
3.2470E-04
1.4776E-03
2.7831E-03
4.4506E-03
5.4858E-03
5.5755E-03
6.4293E-03
7.1396E-03
8.3705E-03
9.9281E-03
8.9110E-03
6.5854E-03
5.9876E-03
6.2838E-03
6.2260E-03
5.7319E-03
4.9583E-03
5.6390E-03
6.0533E-03
5.8028E-03
5.6269E-03
5.6341E-03
6.8584E-03
8.9514E-03
9.3096E-03
8.9798E-03
1.0091E-02
1.2016E-02
1.3825E-02
1.6194E-02
1.8359E-02
1.9370E-02
2.0467E-02
2.2345E-02
2.3272E-02
2.3838E-02
2.4010E-02
2.3526E-02
2.2426E-02
1.9867E-02
1.8116E-02
1.8183E-02
1.8313E-02
1.7739E-02
1.5553E-02
1.3939E-02
1.3571E-02
1.2077E-02
1.0195E-02
9.7284E-03
9.8711E-03
9.7900E-03
9.5756E-03
9.4239E-03
9.4305E-03
1.0557E-02
1.1392E-02
1.2724E-02
1.4090E-02
1.4516E-02
1.5407E-02
1.5965E-02
1.5695E-02
1.5442E-02
1.5400E-02
1.5345E-02
1.5233E-02
1.5051E-02
1.4912E-02
1.4809E-02
1.4619E-02
1.4540E-02
1.5506E-02
1.7208E-02
1.7317E-02
1.7173E-02
1.7375E-02
1.7246E-02
1.7049E-02
1.6951E-02
1.7299E-02
1.8156E-02
1.9491E-02
2.0263E-02
2.0069E-02
1.9914E-02
2.0256E-02
1.9887E-02
2.0633E-02
2.1677E-02
2.1533E-02
2.0102E-02
1.8812E-02
1.8759E-02
1.8699E-02
1.7976E-02
1.6774E-02
1.5238E-02
1.4422E-02
1.3543E-02
1.2020E-02
1.3231E-02
1.4215E-02
1.2673E-02
1.0426E-02
8.3305E-03
6.4084E-03
6.1055E-03
6.4204E-03
6.5440E-03
5.9943E-03
5.7092E-03
5.5156E-03
3.8253E-03
1.9063E-03
1.4186E-03
2.5643E-03
3.8894E-03
4.2496E-03
3.8588E-03
3.6777E-03
4.1094E-03
4.9869E-03
7.0129E-03
7.5377E-03
6.6152E-03
6.7782E-03
7.1531E-03
7.8068E-03
9.1154E-03
9.6145E-03
9.3717E-03
8.0749E-03
6.5068E-03
5.5498E-03
4.8913E-03
4.0527E-03
1.9560E-03
1.0570E-03
1.1987E-03
1.6201E-03
3.1627E-03
4.4245E-03
4.2794E-03
3.9184E-03
3.8352E-03
3.7122E-03
3.5446E-03
3.3571E-03
3.1625E-03
2.9863E-03
2.4954E-03
1.1822E-03
-1.5122E-04
-8.4774E-04
-1.3699E-03
-1.7261E-03
-1.8629E-03
-2.1751E-03
-4.3593E-03
-6.3187E-03
-6.4959E-03
-6.8035E-03
-6.9849E-03
-7.7053E-03
-8.2708E-03
-9.4674E-03
-1.0687E-02
-1.0924E-02
-1.1479E-02
-1.3955E-02
-1.6351E-02
-1.6661E-02
-1.6895E-02
-1.8587E-02
-1.9687E-02
-2.0830E-02
-2.2817E-02
-2.5197E-02
-2.7912E-02
-3.0205E-02
-3.1204E-02
-3.1252E-02
-3.1981E-02
-3.4666E-02
-3.7887E-02
-3.9315E-02
-3.9241E-02
-3.9252E-02
-3.9554E-02
-3.9664E-02
-3.7834E-02
-3.4907E-02
-3.2090E-02
-3.0043E-02
-2.7870E-02
-2.6208E-02
-2.5230E-02
-2.4040E-02
-2.4581E-02
-2.4318E-02
-2.1708E-02
-2.0050E-02
-1.9525E-02
-1.7657E-02
-1.6919E-02
-1.6752E-02
-1.5174E-02
-1.4160E-02
-1.4490E-02
-1.4855E-02
-1.4961E-02
-1.5095E-02
-1.5300E-02
-1.5218E-02
-1.4467E-02
-1.4691E-02
-1.3833E-02
-1.3145E-02
-1.3084E-02
-1.2933E-02
-1.2131E-02
-9.7746E-03
-7.3734E-03
-5.2815E-03
-3.8685E-03
-3.1364E-03
-3.2665E-03
-3.3360E-03
-2.6566E-03
-1.9553E-03
-1.3778E-03
-6.8722E-04
-6.7948E-04
-1.0012E-03
-1.0549E-03
-4.1439E-05
1.5973E-03
1.9904E-03
1.8119E-03
3.5037E-03
5.1991E-03
5.5915E-03
6.0105E-03
7.1972E-03
7.3866E-03
5.8669E-03
5.1776E-03
5.6176E-03
4.2879E-03
2.9572E-03
2.6060E-03
9.7614E-04
-9.7398E-04
-1.3596E-03
-1.2724E-03
-1.4908E-03
-2.0172E-03
-2.3495E-03
-3.5662E-03
-5.7172E-03
-6.8546E-03
-7.8204E-03
-7.3445E-03
-7.5815E-03
-9.4115E-03
-1.0618E-02
-1.0654E-02
-1.0684E-02
-1.0940E-02
-1.1152E-02
-1.1297E-02
-1.0728E-02
-8.2963E-03
-5.4611E-03
-4.5679E-03
-4.6875E-03
-3.7297E-03
-2.9379E-03
-3.7590E-03
-4.5691E-03
-2.8603E-03
-2.0776E-03
-1.4835E-03
-6.3470E-04
-1.9677E-03
-3.4603E-03
-3.7027E-03
-4.8909E-03
-6.6751E-03
-7.7881E-03
-8.6609E-03
-8.2537E-03
-6.2808E-03
-4.7916E-03
-4.6565E-03
-2.8999E-03
-1.2599E-03
-1.3970E-03
-1.6500E-03
-4.3589E-04
1.3979E-03
2.0978E-03
3.9184E-03
5.4086E-03
5.2496E-03
5.1905E-03
7.2166E-03
9.6710E-03
1.0942E-02
1.1686E-02
1.2354E-02
1.3651E-02
1.4896E-02
1.4797E-02
1.4734E-02
1.6202E-02
1.7326E-02
1.7345E-02
1.7271E-02
1.7101E-02
1.6869E-02
1.7639E-02
1.9536E-02
1.9789E-02
1.9873E-02
2.1400E-02
2.2339E-02
2.1958E-02
2.2404E-02
2.3261E-02
2.3982E-02
2.3896E-02
2.3365E-02
2.2893E-02
2.1969E-02
2.0764E-02
1.9175E-02
1.7925E-02
1.5844E-02
1.2901E-02
1.1477E-02
1.0303E-02
9.7519E-03
9.5102E-03
8.0483E-03
5.7768E-03
4.3977E-03
3.9174E-03
2.9705E-03
1.7587E-03
1.1360E-03
1.0281E-03
8.5495E-04
5.8985E-04
3.8376E-04
5.9754E-04
1.9704E-03
3.9100E-03
4.7871E-03
3.0903E-03
3.4713E-03
4.7524E-03
4.5143E-03
3.9101E-03
3.6602E-03
3.4335E-03
3.9024E-03
4.7827E-03
4.1469E-03
3.0585E-03
2.1106E-03
1.4747E-03
1.2155E-03
1.3160E-04
-1.2167E-03
-1.7883E-03
-2.7183E-03
-3.5306E-03
-4.2528E-03
-4.8474E-03
-3.7249E-03
-2.4102E-03
-1.3057E-03
-9.1956E-04
-1.1916E-03
-1.1885E-03
-8.0536E-04
-8.2164E-04
-7.6502E-04
-3.9374E-04
-3.6951E-04
-6.4140E-04
-3.8965E-04
-1.9386E-04
-1.5793E-04
4.4375E-05
-1.1149E-03
-2.3617E-03
-2.5746E-03
-2.5886E-03
-2.3395E-03
-2.1866E-03
-2.4931E-03
-3.2305E-03
-3.9259E-03
-4.8621E-03
-5.0974E-03
-5.5238E-03
-5.9697E-03
-6.3160E-03
-7.4599E-03
-8.4822E-03
-9.2268E-03
-9.8468E-03
-9.8434E-03
-9.6483E-03
-9.5723E-03
-9.8876E-03
-1.0267E-02
-1.0632E-02
-1.0556E-02
-9.5340E-03
-8.5840E-03
-8.4466E-03
-8.3943E-03
-7.9619E-03
-7.1881E-03
-6.6200E-03
-6.2970E-03
-6.2303E-03
-6.1333E-03
-5.9834E-03
-5.8579E-03
-5.7194E-03
-5.5827E-03
-5.5455E-03
-5.8301E-03
-6.2437E-03
-6.5611E-03
-6.9922E-03
-7.2848E-03
-7.2254E-03
-6.9771E-03
-6.6450E-03
-6.3045E-03
-6.2203E-03
-6.2377E-03
-6.0929E-03
-5.6565E-03
-5.0685E-03
-4.3446E-03
-3.7660E-03
-3.4469E-03
-3.0644E-03
-2.7106E-03
-2.3982E-03
-2.0904E-03
-1.7822E-03
-1.4846E-03
-1.1917E-03
-8.9542E-04
-6.0986E-04
-3.7531E-04
-3.1152E-04
-2.6621E-04
-2.8700E-05
3.4593E-04
6.5479E-04
1.0852E-03
1.5291E-03
1.7558E-03
1.9385E-03
2.2654E-03
2.6139E-03
2.8027E-03
3.0281E-03
3.2548E-03
3.3678E-03
3.4418E-03
3.5970E-03
3.7895E-03
3.8793E-03
3.9783E-03
4.0654E-03
4.0773E-03
4.0657E-03
4.0763E-03
4.1383E-03
4.1626E-03
4.1518E-03
4.1570E-03
4.1253E-03
4.0616E-03
4.0038E-03
3.9690E-03
3.9360E-03
3.8703E-03
3.7882E-03
3.7078E-03
3.6371E-03
3.5777E-03
3.4982E-03
3.4173E-03
3.3336E-03
3.2426E-03
3.1480E-03
3.0516E-03
2.9620E-03
2.8688E-03
2.7609E-03
2.6537E-03
2.5498E-03
2.4422E-03
2.3329E-03
2.2234E-03
2.1123E-03
2.0006E-03
1.8890E-03
1.7779E-03
1.6662E-03
1.5560E-03
1.4480E-03
1.3402E-03
1.2330E-03
1.1263E-03
1.0201E-03
9.1490E-04
8.1034E-04
7.0609E-04
6.0213E-04
4.9835E-04
3.9468E-04
2.9101E-04
1.8727E-04
8.3382E-05
-2.0693E-05
-1.2498E-04
-2.2948E-04
-3.3420E-04