7.0010E+03
5.0000E-03
5.3039E-03
7.2499E-03
9.4678E-03
1.0248E-02
8.9610E-03
6.4678E-03
3.0988E-03
-1.9291E-04
-1.3380E-03
-2.0921E-03
-4.0905E-03
-6.3356E-03
-7.8830E-03
-6.5477E-03
-4.0511E-03
-3.3112E-03
-2.4150E-03
1.6826E-04
4.1179E-03
6.4890E-03
4.7668E-03
1.4220E-03
-8.8205E-04
-1.1267E-03
-4.0524E-05
-3.8076E-04
-2.6253E-03
-5.1913E-03
-7.7435E-03
-9.3048E-03
-8.5649E-03
-6.2679E-03
-3.9306E-03
-2.4582E-03
-2.0717E-03
-3.9602E-03
-6.4771E-03
-6.5674E-03
-6.5122E-03
-5.6396E-03
-1.5002E-03
3.1480E-03
5.0186E-03
3.2198E-03
1.4926E-03
1.4707E-03
1.4237E-03
1.7085E-03
1.3912E-03
-7.8444E-04
-5.2049E-03
-9.5046E-03
-1.1022E-02
-1.0952E-02
-8.8665E-03
-4.0257E-03
9.6746E-04
3.1157E-03
2.5017E-03
1.5389E-04
-4.6032E-03
-8.8964E-03
-9.2748E-03
-5.4472E-03
1.4738E-03
6.9048E-03
8.4583E-03
5.4886E-03
-5.7700E-04
-3.3804E-03
-2.5415E-03
1.1296E-03
7.2391E-03
9.3715E-03
6.3053E-03
1.1346E-03
-4.7605E-03
-8.3204E-03
-7.8948E-03
-7.0912E-03
-8.4049E-03
-8.0978E-03
-3.5103E-03
2.5133E-03
6.9809E-03
9.9111E-03
1.1070E-02
9.7225E-03
7.1590E-03
2.6918E-03
-5.6461E-03
-1.3971E-02
-1.7569E-02
-1.5156E-02
-5.6284E-03
6.6691E-03
1.5232E-02
1.9669E-02
2.0836E-02
1.7583E-02
1.0127E-02
5.8529E-04
-9.4785E-03
-1.7015E-02
-2.0245E-02
-1.9565E-02
-1.2905E-02
-2.1647E-03
6.7826E-03
1.1826E-02
1.4050E-02
1.4362E-02
1.4630E-02
1.5988E-02
1.5027E-02
1.0203E-02
2.4358E-03
-7.5351E-03
-1.7635E-02
-2.4849E-02
-2.4729E-02
-1.6018E-02
-1.3597E-03
1.3772E-02
2.2151E-02
2.0397E-02
9.7993E-03
-3.4850E-03
-1.2498E-02
-1.4753E-02
-1.1256E-02
-4.6152E-03
3.1854E-03
1.2224E-02
2.1479E-02
2.7121E-02
2.6517E-02
1.8116E-02
4.9723E-03
-5.0100E-03
-9.1676E-03
-9.7441E-03
-8.4150E-03
-5.2918E-03
-2.0270E-03
3.6491E-04
3.2200E-03
3.9001E-03
9.4473E-04
-2.9087E-03
-6.2725E-03
-7.8819E-03
-7.9147E-03
-8.9450E-03
-9.9201E-03
-8.1741E-03
-3.7264E-03
1.9065E-03
4.5557E-03
2.5092E-03
-1.6476E-03
-3.0229E-03
3.2649E-03
1.2099E-02
1.5352E-02
1.2640E-02
6.6493E-03
1.4253E-03
-1.5556E-03
-4.8286E-03
-7.9135E-03
-9.9645E-03
-1.2229E-02
-1.2037E-02
-7.4799E-03
-2.9747E-03
-2.0150E-03
-4.3649E-03
-8.9907E-03
-1.4347E-02
-1.7316E-02
-1.4155E-02
-6.5559E-03
1.1349E-04
4.5950E-03
7.8358E-03
8.7782E-03
6.6373E-03
2.7268E-03
-1.4400E-03
-3.9869E-03
-4.4273E-03
-3.0784E-03
-8.2635E-04
-1.4689E-03
-4.8112E-03
-8.5555E-03
-1.2112E-02
-1.3235E-02
-1.2507E-02
-1.1761E-02
-9.3157E-03
-3.4020E-03
4.7275E-03
1.1236E-02
1.1344E-02
3.1744E-03
-1.0860E-02
-2.4958E-02
-3.0311E-02
-2.2332E-02
-3.7417E-03
1.8843E-02
3.5377E-02
3.9073E-02
3.3213E-02
2.3632E-02
1.1693E-02
-1.3594E-04
-9.1189E-03
-1.4644E-02
-1.4581E-02
-8.4462E-03
2.1285E-03
1.5291E-02
2.7279E-02
3.4226E-02
3.5199E-02
2.8968E-02
1.4370E-02
-2.3998E-03
-1.4442E-02
-1.9829E-02
-1.6717E-02
-7.3995E-03
3.0574E-03
1.3703E-02
2.3514E-02
3.0791E-02
3.6405E-02
3.8356E-02
3.1120E-02
1.3678E-02
-7.5303E-03
-2.3010E-02
-2.6539E-02
-1.9542E-02
-8.2186E-03
4.2078E-03
1.6222E-02
2.3924E-02
2.5651E-02
2.2403E-02
1.4034E-02
3.0329E-03
-5.2004E-03
-1.0067E-02
-1.4262E-02
-1.6807E-02
-1.4674E-02
-7.9336E-03
9.3273E-04
9.6007E-03
1.3975E-02
1.1404E-02
5.2507E-03
-1.7598E-03
-9.5143E-03
-1.3530E-02
-8.6707E-03
2.6033E-03
1.4127E-02
2.2068E-02
2.3741E-02
1.9138E-02
1.2778E-02
5.5087E-03
-4.4019E-03
-1.3231E-02
-1.9184E-02
-2.1246E-02
-1.7410E-02
-1.3350E-02
-1.2804E-02
-1.2910E-02
-1.2681E-02
-1.3015E-02
-1.3548E-02
-1.1318E-02
-6.7371E-03
-3.9935E-03
-4.1012E-03
-7.3085E-03
-1.2125E-02
-1.4079E-02
-1.0264E-02
8.7084E-04
1.4748E-02
2.4611E-02
2.8216E-02
2.1068E-02
4.3951E-03
-1.4933E-02
-3.2216E-02
-4.1889E-02
-4.4238E-02
-4.0084E-02
-2.9568E-02
-1.6403E-02
-2.4461E-03
5.6454E-03
4.7412E-03
-1.6410E-03
-1.4660E-02
-3.0424E-02
-4.0048E-02
-4.0020E-02
-2.9535E-02
-9.9511E-03
1.2337E-02
3.1177E-02
4.6256E-02
5.5812E-02
5.5396E-02
4.5346E-02
2.5504E-02
-1.2719E-03
-2.6091E-02
-4.3769E-02
-5.0127E-02
-4.4575E-02
-2.9270E-02
-6.1352E-03
1.3819E-02
1.8880E-02
7.8011E-03
-9.2341E-03
-2.0037E-02
-2.3927E-02
-2.5678E-02
-2.7491E-02
-2.7327E-02
-1.9072E-02
-5.2462E-04
1.9264E-02
2.9412E-02
2.9403E-02
2.3970E-02
1.8354E-02
1.4010E-02
8.0767E-03
7.5651E-04
-5.8311E-03
-8.6045E-03
-6.0658E-03
-4.2810E-04
6.2876E-03
1.1580E-02
1.1939E-02
7.7310E-03
3.7820E-03
9.3874E-04
-3.4331E-03
-8.8708E-03
-1.2847E-02
-1.6401E-02
-2.1483E-02
-2.2475E-02
-1.5767E-02
-2.1848E-03
1.7261E-02
3.6642E-02
5.0442E-02
5.2245E-02
3.9758E-02
1.9790E-02
7.2692E-04
-7.3782E-03
-4.4832E-03
1.7773E-03
8.1552E-03
1.0124E-02
7.9212E-03
4.5169E-03
-1.7727E-03
-9.2025E-03
-1.2904E-02
-1.0333E-02
-2.6109E-03
6.9265E-03
1.4138E-02
1.5126E-02
1.0057E-02
8.5552E-04
-8.7682E-03
-1.2638E-02
-1.0621E-02
-5.0605E-03
2.5319E-03
8.2515E-03
1.0598E-02
9.8987E-03
7.8495E-03
6.4880E-03
5.4784E-03
2.6166E-03
-4.6503E-03
-1.4117E-02
-1.9437E-02
-1.7064E-02
-1.1419E-02
-6.0022E-03
1.5645E-03
1.1844E-02
2.5087E-02
3.8161E-02
4.5158E-02
4.3743E-02
3.1405E-02
9.0706E-03
-1.5212E-02
-3.3701E-02
-4.3030E-02
-3.9931E-02
-2.3651E-02
-1.4306E-03
1.8448E-02
3.1309E-02
3.5849E-02
3.2432E-02
2.2276E-02
1.0011E-02
1.0766E-04
-4.3463E-03
-4.6722E-03
-5.2847E-03
-3.0709E-03
6.6201E-03
1.9735E-02
2.7829E-02
2.6651E-02
1.5254E-02
-5.9086E-03
-2.9337E-02
-4.6245E-02
-5.4213E-02
-5.5071E-02
-5.0791E-02
-3.8712E-02
-1.8731E-02
1.4903E-03
1.4594E-02
1.5736E-02
6.5801E-03
-2.5500E-03
-4.5802E-03
-1.4173E-04
4.6220E-03
6.3348E-04
-1.2004E-02
-2.3324E-02
-2.3528E-02
-9.9037E-03
8.8494E-03
2.1602E-02
2.1772E-02
9.2209E-03
-9.4439E-03
-2.7899E-02
-4.3753E-02
-5.7043E-02
-6.1908E-02
-5.1488E-02
-2.7757E-02
4.1563E-03
3.5634E-02
5.7960E-02
6.8374E-02
6.7924E-02
5.8493E-02
3.8218E-02
8.0315E-03
-2.2521E-02
-4.1674E-02
-4.3024E-02
-3.2575E-02
-2.0480E-02
-1.1390E-02
-6.7053E-03
-5.0404E-03
-7.4234E-03
-1.5977E-02
-2.8202E-02
-3.8274E-02
-4.1428E-02
-3.8350E-02
-2.7364E-02
-7.1928E-03
1.7150E-02
3.8984E-02
4.8836E-02
4.3548E-02
2.7799E-02
8.5293E-03
-7.7488E-03
-2.1161E-02
-3.0661E-02
-3.4881E-02
-3.5423E-02
-3.0251E-02
-1.7834E-02
-2.0965E-03
9.8492E-03
1.6103E-02
1.9816E-02
2.0218E-02
1.2504E-02
-4.5358E-03
-2.5179E-02
-4.1905E-02
-4.6701E-02
-3.4901E-02
-1.2143E-02
1.0907E-02
2.7464E-02
3.8164E-02
4.3626E-02
3.7942E-02
1.8593E-02
-8.3618E-03
-3.1213E-02
-3.8346E-02
-2.8871E-02
-1.1077E-02
6.1905E-03
1.6522E-02
1.9160E-02
1.9659E-02
1.8499E-02
7.9092E-03
-1.1295E-02
-2.7666E-02
-3.3856E-02
-2.9101E-02
-1.4108E-02
4.6519E-03
1.5952E-02
1.7236E-02
1.4397E-02
1.3495E-02
1.5762E-02
1.6357E-02
1.3246E-02
9.0424E-03
6.0215E-03
6.4294E-03
1.0626E-02
1.6187E-02
2.2548E-02
2.8925E-02
3.0970E-02
2.6591E-02
1.7805E-02
7.5696E-03
-2.4387E-03
-9.8206E-03
-1.1285E-02
-7.1373E-03
1.0292E-03
8.7799E-03
9.4088E-03
3.9627E-03
-8.5667E-04
-8.7556E-04
4.6902E-03
1.2366E-02
1.3927E-02
5.5719E-03
-5.9484E-03
-1.2273E-02
-9.8197E-03
-5.1722E-04
6.8993E-03
6.0276E-03
2.1788E-03
3.6046E-04
-2.7313E-03
-4.9971E-03
-1.8573E-03
4.6797E-03
1.2863E-02
1.9834E-02
2.0086E-02
1.1316E-02
-3.8216E-04
-8.2342E-03
-1.4283E-02
-2.0032E-02
-2.5898E-02
-3.3339E-02
-4.0120E-02
-4.2901E-02
-3.7672E-02
-2.4522E-02
-7.8942E-03
1.0747E-02
2.8312E-02
3.8769E-02
3.9359E-02
2.9687E-02
1.1159E-02
-1.0643E-02
-2.6486E-02
-3.1593E-02
-3.0548E-02
-2.9157E-02
-3.1707E-02
-3.7346E-02
-3.7562E-02
-3.0433E-02
-2.3428E-02
-2.2392E-02
-2.9512E-02
-4.3113E-02
-5.5116E-02
-5.7269E-02
-5.0234E-02
-4.0948E-02
-3.3649E-02
-2.6330E-02
-1.5103E-02
-7.0830E-04
1.2163E-02
2.1780E-02
2.9359E-02
3.3032E-02
3.0732E-02
2.3948E-02
1.3094E-02
-2.3073E-03
-1.9659E-02
-3.3022E-02
-3.7253E-02
-3.2446E-02
-2.3299E-02
-1.3871E-02
-4.1324E-03
2.9526E-03
4.4237E-03
3.2424E-03
1.2540E-03
-1.0166E-03
-3.0040E-03
-1.8727E-03
5.5308E-03
1.8432E-02
3.4777E-02
5.0832E-02
6.2123E-02
6.4073E-02
5.4050E-02
3.2914E-02
6.2172E-03
-1.6859E-02
-2.9522E-02
-2.7250E-02
-1.2935E-02
4.3850E-03
1.9176E-02
2.9507E-02
3.4969E-02
3.4941E-02
3.2941E-02
3.2580E-02
2.9838E-02
2.1755E-02
7.7873E-03
-1.1609E-02
-2.7727E-02
-2.8350E-02
-1.2378E-02
9.3773E-03
2.9405E-02
4.4253E-02
4.8074E-02
4.0741E-02
2.6537E-02
9.8679E-03
-1.3899E-03
-2.8986E-03
2.1795E-03
1.0039E-02
1.9831E-02
3.0663E-02
3.9211E-02
4.2501E-02
3.7272E-02
1.9558E-02
-6.4431E-03
-2.7990E-02
-3.8783E-02
-4.0254E-02
-3.1631E-02
-1.6112E-02
-6.0464E-04
1.4008E-02
2.3898E-02
2.0712E-02
5.3185E-03
-1.1804E-02
-2.0815E-02
-1.9786E-02
-1.2182E-02
-4.2561E-03
-2.9554E-04
2.5110E-03
3.2740E-03
-2.1950E-03
-1.1650E-02
-2.1702E-02
-3.2157E-02
-4.1373E-02
-4.2207E-02
-2.8979E-02
-7.3926E-03
9.5730E-03
1.6319E-02
1.5824E-02
1.1377E-02
5.1206E-03
-5.1491E-03
-2.1488E-02
-3.7119E-02
-4.0836E-02
-3.0046E-02
-1.5649E-02
-4.3875E-03
8.5741E-03
2.3058E-02
3.2624E-02
3.2010E-02
1.8466E-02
-2.0085E-03
-1.8768E-02
-2.6739E-02
-2.7528E-02
-2.4175E-02
-1.4633E-02
5.1552E-03
3.5608E-02
6.6928E-02
8.3495E-02
8.1708E-02
6.7255E-02
4.5671E-02
2.3770E-02
7.3555E-03
-7.2162E-03
-2.8111E-02
-5.0633E-02
-5.9799E-02
-4.8163E-02
-2.5634E-02
-8.0718E-03
-1.5283E-04
2.0002E-03
2.5055E-03
3.7270E-03
3.5670E-03
-2.1017E-03
-1.2620E-02
-2.2898E-02
-2.5799E-02
-1.9272E-02
-8.5137E-03
-4.8092E-04
-8.5927E-05
-2.4026E-03
-2.4143E-03
-2.9167E-03
-4.4653E-03
-7.3545E-03
-1.3147E-02
-1.9619E-02
-2.1004E-02
-1.6661E-02
-1.2629E-02
-1.1973E-02
-1.5393E-02
-1.8161E-02
-1.1050E-02
5.0494E-03
2.0828E-02
2.9048E-02
2.8877E-02
2.4157E-02
1.9945E-02
1.9362E-02
1.6992E-02
7.8677E-03
-5.1697E-03
-2.0311E-02
-3.2466E-02
-3.5590E-02
-3.3579E-02
-3.2035E-02
-3.0226E-02
-2.5504E-02
-2.0151E-02
-1.7898E-02
-1.7803E-02
-1.5533E-02
-5.8909E-03
1.0391E-02
2.8941E-02
4.4193E-02
4.5646E-02
2.8597E-02
-2.2909E-03
-3.5627E-02
-5.8240E-02
-6.5956E-02
-5.9574E-02
-4.4305E-02
-2.4689E-02
2.4494E-04
2.5041E-02
4.0955E-02
4.1451E-02
2.7216E-02
8.1649E-03
-6.6904E-03
-1.1273E-02
-8.9206E-03
-7.4446E-03
-5.4319E-03
-1.4644E-03
1.0010E-03
1.8734E-03
3.0652E-03
3.3129E-03
2.9398E-03
1.3912E-03
-4.0045E-03
-1.1247E-02
-2.0891E-02
-3.1114E-02
-3.1900E-02
-1.9020E-02
3.9894E-04
1.4176E-02
1.7312E-02
1.6634E-02
2.3559E-02
3.8166E-02
4.8776E-02
4.7778E-02
3.2087E-02
8.2726E-03
-9.5965E-03
-1.2904E-02
-2.4456E-03
1.1614E-02
2.0886E-02
2.2997E-02
2.0077E-02
1.3409E-02
1.5372E-03
-1.0577E-02
-1.8783E-02
-2.3580E-02
-2.6777E-02
-2.8769E-02
-2.3132E-02
-8.4668E-03
9.4621E-03
2.5775E-02
3.5206E-02
3.7879E-02
3.9230E-02
4.3138E-02
4.6407E-02
4.2798E-02
3.2328E-02
1.5501E-02
-3.7327E-03
-1.6737E-02
-2.1472E-02
-1.9851E-02
-1.2952E-02
3.9128E-05
1.6635E-02
2.9805E-02
3.6127E-02
3.1091E-02
1.1413E-02
-1.6266E-02
-3.9761E-02
-4.7854E-02
-3.7923E-02
-1.7344E-02
1.1501E-03
8.7423E-03
9.1433E-03
9.2392E-03
7.2453E-03
-2.2333E-03
-1.6353E-02
-2.5825E-02
-2.4766E-02
-1.5974E-02
-7.3426E-03
-3.9609E-05
1.0948E-02
2.5440E-02
3.9267E-02
5.0966E-02
5.5645E-02
5.0944E-02
4.6358E-02
4.7317E-02
5.1259E-02
5.2044E-02
4.2626E-02
2.3635E-02
1.6590E-03
-1.3893E-02
-2.0934E-02
-2.5167E-02
-3.0771E-02
-3.8442E-02
-4.0012E-02
-3.2873E-02
-2.3834E-02
-1.5805E-02
-1.1627E-02
-9.4163E-03
-2.0374E-03
1.3222E-02
3.3300E-02
5.1873E-02
6.7970E-02
8.6242E-02
1.0332E-01
1.0826E-01
9.6511E-02
6.9844E-02
3.0586E-02
-9.4157E-03
-3.1141E-02
-3.2192E-02
-2.3416E-02
-1.3541E-02
-9.0975E-03
-7.3086E-03
-3.3342E-03
3.6684E-04
8.2085E-04
-5.4957E-03
-1.8311E-02
-3.0854E-02
-3.7755E-02
-3.8972E-02
-3.5140E-02
-2.3612E-02
-7.5509E-03
3.5626E-03
4.1129E-03
-6.1473E-03
-2.2229E-02
-3.7809E-02
-4.7223E-02
-4.7848E-02
-4.5726E-02
-4.7866E-02
-5.4489E-02
-6.1138E-02
-6.4440E-02
-6.5676E-02
-6.8041E-02
-7.4287E-02
-8.3271E-02
-8.8440E-02
-8.1692E-02
-6.1283E-02
-3.8901E-02
-2.7214E-02
-2.8945E-02
-4.4516E-02
-6.7960E-02
-8.6651E-02
-9.2998E-02
-8.5424E-02
-6.9043E-02
-5.2030E-02
-3.9302E-02
-3.2115E-02
-2.8065E-02
-2.4573E-02
-1.9661E-02
-1.2037E-02
-1.6165E-03
1.1576E-02
2.4605E-02
3.3318E-02
3.7827E-02
4.0312E-02
4.1459E-02
4.4646E-02
5.0604E-02
5.0273E-02
3.6149E-02
9.0049E-03
-2.1504E-02
-3.9833E-02
-3.7460E-02
-1.8852E-02
2.8464E-03
1.6354E-02
1.8410E-02
1.1930E-02
3.4817E-03
-1.0215E-03
2.3066E-03
1.5479E-02
3.5075E-02
5.4013E-02
6.8919E-02
7.9305E-02
8.4589E-02
8.5597E-02
8.3288E-02
7.6067E-02
6.3082E-02
4.8698E-02
3.9577E-02
4.2995E-02
5.9667E-02
7.9071E-02
8.9842E-02
8.7785E-02
7.7129E-02
6.1350E-02
4.2936E-02
2.9374E-02
2.5574E-02
3.1504E-02
4.3230E-02
5.8104E-02
7.2624E-02
7.8920E-02
7.7054E-02
7.1836E-02
6.6389E-02
6.0326E-02
4.6885E-02
2.5853E-02
5.3847E-03
-4.9187E-03
2.8168E-03
2.3709E-02
4.4572E-02
5.6805E-02
5.6760E-02
4.3761E-02
1.8647E-02
-1.1091E-02
-3.2404E-02
-4.0710E-02
-4.1111E-02
-3.9494E-02
-3.7285E-02
-3.1539E-02
-2.1589E-02
-1.2838E-02
-1.2553E-02
-2.5525E-02
-5.1894E-02
-8.6783E-02
-1.1906E-01
-1.3315E-01
-1.2109E-01
-8.8839E-02
-5.4642E-02
-3.4820E-02
-2.8068E-02
-2.7443E-02
-2.8215E-02
-2.8220E-02
-3.1599E-02
-4.1786E-02
-5.7218E-02
-6.9692E-02
-7.3005E-02
-6.8904E-02
-6.2848E-02
-6.2868E-02
-6.8545E-02
-7.1451E-02
-7.0923E-02
-7.2240E-02
-7.4740E-02
-7.5008E-02
-6.9841E-02
-5.2456E-02
-2.3803E-02
7.3053E-03
3.5394E-02
5.5070E-02
6.5670E-02
7.0619E-02
6.7823E-02
5.6432E-02
3.9337E-02
2.0316E-02
3.4203E-03
-9.5409E-03
-1.7911E-02
-2.4621E-02
-3.5018E-02
-4.7334E-02
-5.2349E-02
-4.8213E-02
-4.4116E-02
-4.4460E-02
-4.6663E-02
-5.0165E-02
-5.2262E-02
-4.7555E-02
-3.9137E-02
-3.7406E-02
-4.8335E-02
-6.7435E-02
-8.5723E-02
-9.7370E-02
-9.8820E-02
-9.0433E-02
-7.6304E-02
-6.0833E-02
-4.4884E-02
-2.5690E-02
-6.2897E-03
5.0219E-03
3.7047E-03
-7.7105E-03
-2.2111E-02
-3.3865E-02
-3.8749E-02
-3.2990E-02
-1.8221E-02
1.0021E-03
2.2436E-02
4.3267E-02
5.9557E-02
6.9734E-02
7.2590E-02
6.3852E-02
4.3965E-02
2.6723E-02
2.9738E-02
5.6120E-02
9.0915E-02
1.1597E-01
1.2421E-01
1.1754E-01
1.0176E-01
9.0536E-02
9.3694E-02
1.0451E-01
1.1431E-01
1.1907E-01
1.1706E-01
1.1214E-01
1.0694E-01
1.0130E-01
9.3571E-02
7.8269E-02
5.5844E-02
3.3308E-02
1.4099E-02
-1.6670E-03
-1.5316E-02
-2.8475E-02
-4.1801E-02
-5.5794E-02
-6.7915E-02
-7.5834E-02
-7.9672E-02
-7.6926E-02
-6.7870E-02
-5.3951E-02
-3.4617E-02
-1.4412E-02
1.8599E-03
1.1808E-02
1.3854E-02
8.5950E-03
-5.5760E-04
-6.1943E-03
-6.4191E-03
-5.1550E-03
-3.0127E-03
-2.3521E-03
-8.8234E-03
-2.7949E-02
-5.6561E-02
-8.0547E-02
-9.2908E-02
-9.5591E-02
-9.3235E-02
-9.1018E-02
-8.5821E-02
-7.3357E-02
-5.4945E-02
-3.2023E-02
-7.8938E-03
1.0743E-02
1.7076E-02
7.6149E-03
-1.2720E-02
-3.1180E-02
-3.6937E-02
-2.6288E-02
-5.0021E-03
1.4488E-02
2.5230E-02
2.6810E-02
2.3317E-02
2.0852E-02
1.7483E-02
6.0617E-03
-1.3651E-02
-3.3688E-02
-5.1110E-02
-6.5950E-02
-7.4922E-02
-8.1187E-02
-8.4943E-02
-7.9631E-02
-6.1974E-02
-3.5388E-02
-1.0480E-02
4.7589E-03
5.9607E-03
-2.1458E-03
-7.8822E-03
-1.3443E-02
-2.4830E-02
-3.8175E-02
-4.6620E-02
-4.3422E-02
-2.7893E-02
-1.1368E-02
-5.2265E-03
-1.0609E-02
-2.5257E-02
-4.3563E-02
-5.8807E-02
-7.2651E-02
-8.9961E-02
-1.0895E-01
-1.2291E-01
-1.2606E-01
-1.1233E-01
-8.3195E-02
-5.1350E-02
-2.5874E-02
-8.5758E-03
3.2773E-03
1.0077E-02
8.0072E-03
-1.2257E-03
-1.6407E-02
-3.8035E-02
-6.1487E-02
-7.9967E-02
-8.6747E-02
-7.9164E-02
-6.1806E-02
-4.0062E-02
-1.7373E-02
2.0474E-04
9.8477E-03
1.3487E-02
1.5054E-02
1.9926E-02
2.8835E-02
4.1985E-02
5.8737E-02
7.3624E-02
7.9728E-02
7.4331E-02
6.1897E-02
4.5775E-02
3.2181E-02
3.0166E-02
3.9104E-02
5.2272E-02
6.4741E-02
7.6433E-02
8.7517E-02
9.6296E-02
1.0335E-01
1.1171E-01
1.2313E-01
1.3435E-01
1.4359E-01
1.5207E-01
1.5995E-01
1.6677E-01
1.7124E-01
1.7285E-01
1.6603E-01
1.4515E-01
1.1645E-01
8.8291E-02
6.3685E-02
4.4713E-02
3.3954E-02
2.6746E-02
1.6269E-02
5.2085E-03
-3.5726E-03
-6.7633E-03
-1.7235E-03
9.8243E-03
2.7985E-02
4.6050E-02
5.9331E-02
7.4620E-02
9.4593E-02
1.1484E-01
1.2918E-01
1.3152E-01
1.2081E-01
1.0120E-01
7.4863E-02
4.7028E-02
2.6580E-02
1.7177E-02
1.8351E-02
2.2693E-02
2.1601E-02
1.0343E-02
-1.3011E-02
-4.2594E-02
-7.2388E-02
-9.8248E-02
-1.1458E-01
-1.2151E-01
-1.2462E-01
-1.2742E-01
-1.2825E-01
-1.2128E-01
-1.0173E-01
-7.0390E-02
-3.1642E-02
6.6444E-03
3.8205E-02
6.1204E-02
6.6292E-02
3.9433E-02
-1.5137E-02
-6.9216E-02
-9.7639E-02
-9.5048E-02
-7.0554E-02
-4.1909E-02
-2.2380E-02
-1.8108E-02
-2.7267E-02
-3.7343E-02
-4.1731E-02
-4.6776E-02
-5.8388E-02
-6.9656E-02
-7.0084E-02
-5.5790E-02
-2.8016E-02
2.8088E-03
2.8529E-02
4.6091E-02
5.1718E-02
5.1303E-02
4.7125E-02
3.4207E-02
1.8696E-02
9.6432E-03
1.0149E-02
1.7544E-02
2.5390E-02
3.1131E-02
3.2418E-02
3.0040E-02
3.0423E-02
3.3960E-02
3.9729E-02
4.5069E-02
4.3345E-02
3.6429E-02
3.1106E-02
3.0842E-02
2.9586E-02
2.0332E-02
6.0822E-03
-9.1373E-03
-1.7633E-02
-1.7346E-02
-1.5774E-02
-1.6175E-02
-2.2358E-02
-3.1013E-02
-3.4004E-02
-2.8833E-02
-1.1292E-02
1.7407E-02
4.6269E-02
6.5796E-02
7.7329E-02
8.4352E-02
8.6592E-02
8.6871E-02
8.4866E-02
7.8478E-02
6.8706E-02
5.8919E-02
5.1631E-02
4.5839E-02
4.7578E-02
5.8963E-02
6.8401E-02
6.8378E-02
6.0769E-02
4.9692E-02
3.6810E-02
2.3708E-02
1.0313E-02
-4.0737E-03
-1.3554E-02
-1.2772E-02
-7.8159E-04
1.6425E-02
2.6815E-02
2.6139E-02
1.5973E-02
-1.5717E-03
-1.9496E-02
-3.0831E-02
-3.7304E-02
-4.5900E-02
-5.7880E-02
-6.8887E-02
-7.5224E-02
-7.2489E-02
-5.7657E-02
-3.4723E-02
-1.4145E-02
-6.1263E-03
-8.8618E-03
-1.1254E-02
-9.0302E-03
-5.2504E-03
-1.5970E-03
-2.2065E-03
-1.1228E-02
-2.2999E-02
-3.1958E-02
-3.6585E-02
-3.6589E-02
-3.3085E-02
-2.3315E-02
-9.9218E-03
3.9856E-05
3.2191E-03
-3.5781E-03
-1.7099E-02
-2.9446E-02
-3.5609E-02
-3.3042E-02
-2.4139E-02
-1.6406E-02
-1.5410E-02
-1.8073E-02
-1.7115E-02
-9.4821E-03
1.6062E-05
2.0697E-03
-8.0466E-03
-2.5876E-02
-4.3011E-02
-5.6011E-02
-6.2856E-02
-6.2764E-02
-5.8577E-02
-5.0891E-02
-4.2363E-02
-3.3905E-02
-2.4992E-02
-1.9195E-02
-1.2961E-02
-1.4020E-03
1.3784E-02
2.9976E-02
4.2571E-02
4.8459E-02
4.7155E-02
3.8932E-02
3.0798E-02
3.1947E-02
4.4972E-02
6.3548E-02
7.3873E-02
6.5271E-02
3.8838E-02
5.6585E-03
-2.2898E-02
-4.0427E-02
-4.4219E-02
-3.8791E-02
-3.1116E-02
-2.2391E-02
-1.3096E-02
-6.4582E-03
-6.0954E-03
-1.3675E-02
-2.4104E-02
-2.8159E-02
-2.2733E-02
-1.2905E-02
-3.6786E-03
4.1863E-03
1.2482E-02
2.3281E-02
3.3536E-02
3.9074E-02
3.5503E-02
1.5096E-02
-2.0946E-02
-6.2437E-02
-9.8218E-02
-1.2087E-01
-1.3068E-01
-1.3110E-01
-1.2736E-01
-1.2366E-01
-1.2188E-01
-1.2243E-01
-1.2066E-01
-1.0962E-01
-8.8780E-02
-6.4326E-02
-4.3225E-02
-3.3763E-02
-3.7871E-02
-4.9065E-02
-5.8676E-02
-5.7655E-02
-4.7122E-02
-3.4724E-02
-2.6208E-02
-2.6625E-02
-3.5739E-02
-4.7910E-02
-6.0117E-02
-7.2412E-02
-8.0865E-02
-8.3338E-02
-8.1235E-02
-7.2728E-02
-5.5230E-02
-3.1114E-02
-9.4143E-03
3.6442E-03
6.6379E-03
-1.1938E-03
-1.5045E-02
-2.8186E-02
-3.6742E-02
-3.8844E-02
-3.4414E-02
-2.2175E-02
-3.1520E-03
1.6178E-02
2.8819E-02
3.4040E-02
3.9033E-02
5.1002E-02
7.3954E-02
1.0627E-01
1.4080E-01
1.7237E-01
1.9999E-01
2.2575E-01
2.4534E-01
2.5133E-01
2.4084E-01
2.0698E-01
1.5443E-01
1.0054E-01
5.2928E-02
1.4642E-02
-1.2945E-02
-2.7016E-02
-2.2397E-02
-8.0907E-04
3.7931E-02
8.7119E-02
1.2404E-01
1.3833E-01
1.3918E-01
1.3685E-01
1.3615E-01
1.3753E-01
1.4176E-01
1.4549E-01
1.3915E-01
1.2283E-01
1.0676E-01
9.8534E-02
9.7136E-02
8.8148E-02
6.0220E-02
2.4004E-02
-4.3856E-03
-1.7781E-02
-1.6492E-02
-8.9931E-03
-5.5849E-03
-6.5616E-03
-3.6879E-03
3.0548E-03
7.8216E-03
6.9503E-03
-3.6895E-03
-2.1990E-02
-4.2211E-02
-6.3099E-02
-8.5779E-02
-1.0480E-01
-1.1181E-01
-1.0598E-01
-8.9792E-02
-6.9592E-02
-5.1498E-02
-3.8451E-02
-3.5639E-02
-4.5047E-02
-6.1382E-02
-7.3584E-02
-7.1562E-02
-5.2392E-02
-2.3117E-02
1.7003E-03
1.0348E-02
3.5262E-04
-2.0156E-02
-4.1566E-02
-6.1693E-02
-8.0203E-02
-9.6625E-02
-1.0926E-01
-1.1199E-01
-1.0376E-01
-9.0781E-02
-7.4270E-02
-5.5135E-02
-4.3985E-02
-4.4801E-02
-4.9697E-02
-5.4434E-02
-5.4804E-02
-4.5319E-02
-2.5367E-02
-2.0063E-03
1.2944E-02
1.8780E-02
1.9139E-02
1.3804E-02
7.5823E-03
5.7790E-03
1.1182E-02
2.2323E-02
3.6491E-02
5.3463E-02
6.9103E-02
8.1174E-02
9.0031E-02
9.1690E-02
8.2608E-02
5.9183E-02
1.9331E-02
-2.7630E-02
-6.5560E-02
-7.9079E-02
-5.4115E-02
4.9611E-03
7.0908E-02
1.2127E-01
1.4721E-01
1.4906E-01
1.3080E-01
9.0978E-02
3.3563E-02
-2.8126E-02
-8.1606E-02
-1.2021E-01
-1.4412E-01
-1.5280E-01
-1.4108E-01
-1.0625E-01
-5.2870E-02
5.4347E-03
4.7249E-02
5.5872E-02
2.9265E-02
-1.5924E-02
-5.3990E-02
-7.6343E-02
-9.1249E-02
-1.0077E-01
-9.7391E-02
-7.7125E-02
-4.5481E-02
-1.2149E-02
1.3162E-02
1.8342E-02
-3.4720E-03
-4.3865E-02
-8.4685E-02
-1.1399E-01
-1.3420E-01
-1.4425E-01
-1.3982E-01
-1.2640E-01
-1.0697E-01
-8.0567E-02
-5.2964E-02
-3.6307E-02
-3.6256E-02
-5.0573E-02
-7.2417E-02
-9.0891E-02
-1.0440E-01
-1.0898E-01
-9.6878E-02
-7.6252E-02
-5.5503E-02
-3.6954E-02
-2.7151E-02
-3.4054E-02
-5.7816E-02
-8.1779E-02
-8.9703E-02
-7.7243E-02
-4.5507E-02
-1.2284E-02
1.2014E-03
-2.7167E-03
-1.0628E-02
-1.5835E-02
-1.6707E-02
-1.8918E-02
-3.8307E-02
-7.8204E-02
-1.1961E-01
-1.3967E-01
-1.2109E-01
-7.0494E-02
-1.5724E-02
2.2181E-02
3.5684E-02
3.3080E-02
2.4880E-02
1.3525E-02
-3.3347E-03
-2.9604E-02
-5.3719E-02
-6.0572E-02
-4.6392E-02
-1.3453E-02
2.6211E-02
6.1778E-02
8.7355E-02
9.6882E-02
9.2050E-02
7.7756E-02
5.4982E-02
2.4232E-02
-6.6073E-03
-2.6152E-02
-3.2302E-02
-2.1174E-02
1.1644E-02
5.7624E-02
1.0927E-01
1.5729E-01
1.8461E-01
1.8281E-01
1.5658E-01
1.1735E-01
7.9173E-02
5.1594E-02
2.9884E-02
1.0887E-02
4.5381E-03
1.4644E-02
3.4822E-02
5.3618E-02
6.2023E-02
5.8796E-02
4.5832E-02
3.1528E-02
2.0581E-02
1.3348E-02
7.5080E-03
-9.6711E-03
-2.7589E-02
-2.1460E-02
4.9913E-03
3.7839E-02
6.5252E-02
7.3803E-02
5.9678E-02
3.4257E-02
1.3900E-02
6.7991E-03
8.5906E-03
4.2615E-03
-1.5281E-02
-4.2618E-02
-5.8464E-02
-4.7508E-02
-1.3469E-02
2.6431E-02
5.3221E-02
5.6406E-02
4.0170E-02
2.1545E-02
1.0104E-02
-2.2730E-03
-1.6355E-02
-1.8340E-02
5.6622E-04
3.5350E-02
7.2820E-02
1.0387E-01
1.2992E-01
1.4850E-01
1.4946E-01
1.3189E-01
1.0188E-01
6.7373E-02
3.1618E-02
-5.6032E-03
-3.4902E-02
-5.7029E-02
-6.7411E-02
-3.7593E-02
2.8520E-02
9.5230E-02
1.3960E-01
1.5085E-01
1.2677E-01
7.4080E-02
1.5596E-02
-2.2630E-02
-3.3606E-02
-2.3267E-02
-1.3857E-02
-2.2674E-02
-3.7071E-02
-4.0049E-02
-2.2936E-02
1.1194E-02
4.5735E-02
6.2159E-02
5.0337E-02
2.6017E-02
1.0515E-02
7.2793E-03
1.6702E-02
2.7170E-02
1.8530E-02
-7.4467E-03
-3.1616E-02
-4.1049E-02
-3.5584E-02
-2.3372E-02
-1.6697E-02
-2.3346E-02
-4.2568E-02
-6.8963E-02
-9.2839E-02
-1.0649E-01
-1.1445E-01
-1.2861E-01
-1.5418E-01
-1.8556E-01
-2.1074E-01
-2.1854E-01
-2.0297E-01
-1.6404E-01
-1.1538E-01
-7.6758E-02
-5.4930E-02
-5.0297E-02
-6.4860E-02
-9.0345E-02
-1.0753E-01
-1.0567E-01
-9.4105E-02
-8.6371E-02
-8.1268E-02
-7.4798E-02
-7.1773E-02
-7.1535E-02
-6.8702E-02
-6.3768E-02
-5.9117E-02
-5.7509E-02
-5.8318E-02
-5.9128E-02
-6.0613E-02
-5.8606E-02
-4.9750E-02
-4.0696E-02
-4.3337E-02
-5.5707E-02
-6.2805E-02
-6.4032E-02
-5.7957E-02
-4.4788E-02
-3.9536E-02
-4.1864E-02
-4.5251E-02
-4.6803E-02
-3.7964E-02
-2.0531E-02
-7.7714E-03
-2.9606E-03
-2.0475E-03
-1.2751E-02
-3.7015E-02
-5.0671E-02
-2.6030E-02
2.9159E-02
8.3362E-02
1.1756E-01
1.1622E-01
7.5541E-02
1.8623E-02
-3.0617E-02
-6.4747E-02
-8.5362E-02
-9.2278E-02
-8.3279E-02
-6.0568E-02
-3.7755E-02
-2.8160E-02
-2.8444E-02
-2.5931E-02
-1.4566E-02
-1.6481E-03
5.1021E-03
7.7254E-03
1.3170E-02
2.2932E-02
3.0649E-02
3.1185E-02
2.3286E-02
1.6384E-02
2.3999E-02
4.3102E-02
6.2981E-02
7.4321E-02
7.5325E-02
8.0055E-02
8.9254E-02
8.5300E-02
5.7096E-02
7.5578E-03
-4.0567E-02
-6.5324E-02
-6.0732E-02
-3.5426E-02
-1.3305E-02
-8.5155E-03
-1.1942E-02
-7.9673E-03
1.1079E-02
4.3559E-02
7.3029E-02
7.9866E-02
6.4810E-02
4.0207E-02
2.0162E-02
8.0458E-03
-1.0349E-02
-3.9464E-02
-6.4001E-02
-6.6513E-02
-4.1279E-02
-2.9229E-03
2.1433E-02
2.2597E-02
2.0874E-02
3.7008E-02
6.3734E-02
7.5430E-02
5.3850E-02
4.0184E-03
-4.4928E-02
-6.8633E-02
-6.4088E-02
-4.5627E-02
-4.0397E-02
-5.6978E-02
-7.7843E-02
-8.8741E-02
-8.8623E-02
-8.3863E-02
-8.0142E-02
-7.8062E-02
-7.8055E-02
-8.3783E-02
-9.7439E-02
-1.1261E-01
-1.1761E-01
-1.0721E-01
-8.2464E-02
-5.3498E-02
-4.1092E-02
-5.4896E-02
-7.7926E-02
-8.2792E-02
-6.1964E-02
-2.5085E-02
9.8181E-03
1.9376E-02
1.4270E-03
-2.9219E-02
-5.5787E-02
-6.5209E-02
-6.2533E-02
-6.2566E-02
-6.9857E-02
-6.7317E-02
-4.6720E-02
-2.6554E-02
-1.9590E-02
-2.7251E-02
-4.3206E-02
-5.8076E-02
-6.7385E-02
-7.1953E-02
-7.4814E-02
-6.6277E-02
-3.9222E-02
-5.6742E-03
1.9730E-02
2.9787E-02
2.4825E-02
1.1085E-02
-1.3103E-02
-4.6098E-02
-6.6229E-02
-6.5034E-02
-4.7054E-02
-1.6577E-02
1.1223E-02
2.4992E-02
2.0164E-02
1.1345E-03
-1.8108E-02
-2.5117E-02
-1.9402E-02
-9.2945E-03
6.5654E-03
2.4452E-02
3.2832E-02
2.9643E-02
1.2059E-02
-1.9242E-02
-4.3240E-02
-4.4779E-02
-3.5344E-02
-3.1570E-02
-4.5068E-02
-6.4546E-02
-6.7032E-02
-5.1522E-02
-2.0798E-02
2.2574E-02
6.6277E-02
9.6730E-02
1.1582E-01
1.3646E-01
1.4771E-01
1.3529E-01
1.0504E-01
5.4505E-02
-1.1962E-02
-6.5087E-02
-8.2794E-02
-6.7667E-02
-3.4581E-02
4.2908E-03
2.9918E-02
1.9007E-02
-1.7407E-02
-4.1259E-02
-3.3935E-02
-9.0619E-03
1.5537E-02
3.2471E-02
2.5523E-02
8.0755E-04
-5.0875E-03
1.3350E-02
4.6058E-02
9.3695E-02
1.4560E-01
1.7545E-01
1.5527E-01
9.2506E-02
2.9695E-02
5.7039E-03
2.7893E-02
6.7941E-02
9.6014E-02
9.6825E-02
7.0535E-02
3.5789E-02
9.1573E-03
-2.0739E-03
1.3608E-03
1.3020E-02
2.5775E-02
3.0521E-02
2.4744E-02
1.1294E-02
-7.4186E-03
-2.1449E-02
-1.8127E-02
3.2522E-03
5.5363E-02
1.3721E-01
2.0024E-01
2.2628E-01
2.1835E-01
1.6708E-01
1.0172E-01
6.5238E-02
5.8999E-02
5.3639E-02
7.9632E-03
-1.0438E-01
-1.8169E-01
-1.0584E-01
4.7771E-02
1.6969E-01
2.3681E-01
2.5753E-01
2.5498E-01
2.3594E-01
2.0123E-01
1.3909E-01
4.2434E-02
-4.2054E-02
-5.7690E-02
-2.0327E-03
7.8059E-02
1.4550E-01
1.8649E-01
2.0815E-01
2.2587E-01
2.2878E-01
2.1572E-01
1.9399E-01
1.5537E-01
1.0462E-01
7.3594E-02
8.5911E-02
1.0873E-01
1.0486E-01
7.9886E-02
5.5495E-02
5.2912E-02
7.8287E-02
1.1851E-01
1.4081E-01
1.1164E-01
3.4872E-02
-3.9477E-02
-6.4026E-02
-3.4149E-02
2.8283E-02
8.1067E-02
9.7355E-02
8.8372E-02
6.3458E-02
3.4561E-02
1.6123E-02
8.0290E-03
5.1614E-04
-2.2308E-02
-5.7801E-02
-9.0230E-02
-1.0725E-01
-9.5773E-02
-5.4565E-02
6.0763E-03
6.8753E-02
1.1691E-01
1.4436E-01
1.5539E-01
1.6036E-01
1.5462E-01
1.2576E-01
7.5058E-02
1.9403E-02
-1.6936E-02
-2.4736E-02
-6.0108E-03
3.1218E-02
6.9480E-02
9.8210E-02
1.1705E-01
1.2527E-01
1.1741E-01
9.8042E-02
7.8982E-02
6.2554E-02
3.6650E-02
-5.1958E-03
-4.1803E-02
-5.6966E-02
-3.4246E-02
2.6049E-02
7.9082E-02
1.1177E-01
1.3664E-01
1.5237E-01
1.5868E-01
1.4991E-01
1.2369E-01
7.6528E-02
1.4173E-02
-3.8311E-02
-6.4801E-02
-6.2912E-02
-3.5411E-02
1.6458E-02
8.5781E-02
1.5825E-01
2.1269E-01
2.2622E-01
2.0930E-01
1.8018E-01
1.4084E-01
9.2745E-02
2.0982E-02
-6.2971E-02
-1.1078E-01
-1.0574E-01
-5.8844E-02
1.7287E-02
9.7257E-02
1.4121E-01
1.2779E-01
7.9680E-02
4.8361E-02
6.7334E-02
1.1255E-01
1.4295E-01
1.4069E-01
1.1687E-01
9.9738E-02
8.9919E-02
8.8280E-02
1.0722E-01
1.3557E-01
1.6364E-01
1.7350E-01
1.4658E-01
1.0790E-01
9.6212E-02
1.2159E-01
1.5974E-01
1.8812E-01
2.0191E-01
1.9100E-01
1.5810E-01
1.2048E-01
8.1033E-02
4.0680E-02
1.0915E-02
-4.5749E-03
-7.6180E-04
3.6395E-02
9.9097E-02
1.5797E-01
2.0279E-01
2.4841E-01
2.9709E-01
3.3423E-01
3.4111E-01
3.0608E-01
2.4078E-01
1.6600E-01
1.0044E-01
4.9341E-02
6.5365E-03
-1.6137E-02
9.0305E-03
8.9388E-02
1.8851E-01
2.6297E-01
3.0555E-01
3.2367E-01
3.1272E-01
2.6755E-01
1.9106E-01
9.6301E-02
9.4802E-03
-4.3995E-02
-4.6443E-02
-2.3499E-03
4.4031E-02
5.9248E-02
5.1594E-02
3.7097E-02
3.6925E-02
5.7396E-02
8.3811E-02
1.1663E-01
1.5142E-01
1.8141E-01
2.0401E-01
2.0612E-01
1.9076E-01
1.6567E-01
1.3865E-01
1.2214E-01
1.1967E-01
1.2857E-01
1.3019E-01
1.0528E-01
5.1501E-02
8.4133E-03
2.8791E-02
9.8578E-02
1.8753E-01
2.8159E-01
3.5243E-01
3.7572E-01
3.4040E-01
2.7218E-01
2.0437E-01
1.4363E-01
1.0114E-01
7.7900E-02
6.1850E-02
4.5605E-02
2.6938E-02
1.7986E-04
-4.0605E-02
-5.5906E-02
-9.4269E-03
6.6822E-02
1.3967E-01
2.1003E-01
2.7060E-01
2.9752E-01
2.7656E-01
2.1232E-01
1.3653E-01
9.3324E-02
8.5537E-02
8.1996E-02
6.3530E-02
5.0454E-02
8.5212E-02
1.6407E-01
2.4666E-01
3.1132E-01
3.5276E-01
3.6182E-01
3.2413E-01
2.4346E-01
1.4628E-01
5.9994E-02
-2.5083E-03
-3.7567E-02
-4.5410E-02
-3.5144E-02
-2.9205E-02
-5.2578E-02
-8.6430E-02
-1.0329E-01
-1.1069E-01
-9.8516E-02
-6.9377E-02
-5.1117E-02
-4.1805E-02
-3.6772E-02
-3.7000E-02
-3.3450E-02
-2.1821E-02
-1.3735E-02
-2.2687E-02
-3.0023E-02
-1.8450E-02
1.8629E-03
3.7949E-02
8.6043E-02
1.0102E-01
7.6948E-02
4.6278E-02
5.7038E-03
-7.8130E-02
-2.1325E-01
-3.3384E-01
-4.0628E-01
-4.3271E-01
-3.7301E-01
-2.7206E-01
-1.8069E-01
-1.0761E-01
-1.0113E-01
-1.3090E-01
-1.4356E-01
-1.4044E-01
-1.2138E-01
-1.0542E-01
-1.1855E-01
-1.5855E-01
-2.0474E-01
-2.3566E-01
-2.2856E-01
-1.8630E-01
-1.2912E-01
-5.2286E-02
3.0268E-02
9.4816E-02
1.5045E-01
1.8572E-01
1.8364E-01
1.6923E-01
1.5607E-01
1.2271E-01
3.0366E-02
-1.1145E-01
-1.8497E-01
-1.2136E-01
-1.0093E-04
9.6828E-02
1.5689E-01
1.8473E-01
1.7319E-01
1.2702E-01
6.6742E-02
-1.9479E-03
-6.3266E-02
-7.9810E-02
-4.5003E-02
1.6313E-02
7.6172E-02
1.0461E-01
1.0426E-01
1.1003E-01
1.3330E-01
1.5224E-01
1.3272E-01
5.9688E-02
-3.0159E-02
-7.4557E-02
-4.5700E-02
3.3621E-02
1.1354E-01
1.6834E-01
2.0885E-01
2.4600E-01
2.8158E-01
2.9888E-01
2.8696E-01
2.3319E-01
1.1981E-01
-5.2761E-03
-9.2877E-02
-1.4218E-01
-1.5283E-01
-1.5290E-01
-1.7063E-01
-2.0040E-01
-2.3187E-01
-2.1966E-01
-1.4750E-01
-7.9867E-02
-3.5985E-02
3.8982E-04
1.5473E-02
1.3736E-02
1.5827E-02
1.5753E-02
-1.3584E-02
-6.7266E-02
-1.2386E-01
-1.7554E-01
-2.0337E-01
-1.9624E-01
-1.6840E-01
-1.3114E-01
-8.4309E-02
-4.9538E-02
-6.5167E-02
-1.2786E-01
-1.7806E-01
-1.8131E-01
-1.7126E-01
-1.7653E-01
-2.0329E-01
-2.4595E-01
-2.7569E-01
-2.7491E-01
-2.3678E-01
-1.6661E-01
-9.1367E-02
-3.3640E-02
-1.5861E-02
-5.0451E-02
-1.1855E-01
-1.8243E-01
-2.1857E-01
-2.3344E-01
-2.2696E-01
-1.9569E-01
-1.5459E-01
-1.1439E-01
-8.2004E-02
-6.3904E-02
-4.9475E-02
-2.7493E-02
-9.8539E-03
-8.4061E-03
-3.4733E-02
-9.5864E-02
-1.8271E-01
-2.7670E-01
-3.4171E-01
-3.6882E-01
-3.4205E-01
-2.5049E-01
-1.6154E-01
-1.0392E-01
-5.8779E-02
-2.6431E-02
-4.7350E-03
-6.5825E-03
-4.7955E-02
-1.3232E-01
-2.5530E-01
-3.6223E-01
-3.6931E-01
-2.9539E-01
-2.2786E-01
-1.9826E-01
-1.9329E-01
-1.8958E-01
-1.8513E-01
-1.7890E-01
-1.5243E-01
-1.0455E-01
-4.7880E-02
2.3245E-03
3.1160E-02
2.3221E-02
-4.2438E-02
-1.6548E-01
-2.8446E-01
-3.2760E-01
-2.7919E-01
-1.6230E-01
-3.5222E-02
4.1180E-02
7.2248E-02
9.0007E-02
1.0418E-01
1.2073E-01
1.0503E-01
2.1596E-02
-8.6039E-02
-1.8045E-01
-2.6096E-01
-3.0478E-01
-2.8831E-01
-2.2700E-01
-1.7477E-01
-1.5602E-01
-1.2497E-01
-6.1045E-02
1.6566E-02
1.1799E-01
2.2634E-01
2.7695E-01
2.2758E-01
1.0911E-01
-1.2294E-03
-7.3691E-02
-1.1781E-01
-1.2920E-01
-1.1875E-01
-1.0464E-01
-9.9815E-02
-1.0216E-01
-7.2781E-02
-4.0601E-02
-4.1182E-02
-2.9949E-02
-6.8188E-03
2.0943E-02
5.0648E-02
6.6532E-02
7.9556E-02
9.0793E-02
1.0049E-01
9.3883E-02
6.1558E-02
2.2108E-03
-7.3703E-02
-1.1260E-01
-1.0059E-01
-6.3314E-02
-2.8950E-02
-1.6291E-02
-1.5315E-02
-1.1236E-02
8.8692E-03
3.4258E-02
4.8011E-02
3.8514E-02
-2.4495E-02
-1.4183E-01
-2.5308E-01
-2.7905E-01
-2.0246E-01
-7.8648E-02
4.4175E-02
1.4924E-01
2.3233E-01
3.0572E-01
3.7464E-01
3.9479E-01
3.0602E-01
1.1097E-01
-1.1401E-01
-2.8691E-01
-3.7572E-01
-3.6448E-01
-2.8071E-01
-2.2088E-01
-1.9723E-01
-1.5660E-01
-9.2949E-02
5.2285E-03
1.1179E-01
1.8229E-01
2.3108E-01
2.5813E-01
2.6368E-01
2.8046E-01
3.1490E-01
3.3824E-01
3.2063E-01
2.6645E-01
2.0638E-01
1.5319E-01
9.7424E-02
3.3228E-02
-3.8149E-02
-1.1822E-01
-2.0187E-01
-2.6007E-01
-2.4887E-01
-1.5275E-01
-1.1835E-02
1.2427E-01
2.4676E-01
3.5060E-01
4.2012E-01
4.5446E-01
4.2481E-01
3.0832E-01
1.4943E-01
-7.8239E-03
-1.4472E-01
-2.3822E-01
-2.7386E-01
-2.8102E-01
-2.8750E-01
-2.6051E-01
-2.1254E-01
-1.8255E-01
-1.2801E-01
-4.6014E-02
1.2318E-02
3.2507E-02
-1.2892E-02
-9.7922E-02
-1.3885E-01
-1.3879E-01
-1.2738E-01
-1.1644E-01
-1.3213E-01
-1.6962E-01
-2.0654E-01
-2.2312E-01
-2.1637E-01
-1.9951E-01
-1.7176E-01
-1.3968E-01
-1.2042E-01
-1.1117E-01
-1.0415E-01
-1.0867E-01
-1.1653E-01
-1.1621E-01
-1.1497E-01
-1.3219E-01
-1.9810E-01
-2.7704E-01
-3.3545E-01
-3.5104E-01
-2.5879E-01
-1.1810E-01
-7.6637E-04
1.0154E-01
1.4036E-01
1.0237E-01
3.6083E-02
-2.8200E-02
-7.8251E-02
-1.1290E-01
-1.4127E-01
-1.6865E-01
-1.9224E-01
-1.9624E-01
-1.5073E-01
-8.2415E-02
-2.6776E-02
3.7456E-02
1.0118E-01
1.4018E-01
1.4898E-01
1.0533E-01
6.5383E-03
-1.0015E-01
-1.7602E-01
-2.2291E-01
-2.2637E-01
-1.6962E-01
-7.6130E-02
1.6665E-02
8.8356E-02
1.5990E-01
2.4071E-01
2.9887E-01
3.1697E-01
2.9920E-01
2.6036E-01
2.1421E-01
1.7842E-01
1.6741E-01
1.5342E-01
1.1491E-01
7.0314E-02
2.8190E-02
-1.4193E-02
-5.3704E-02
-7.8568E-02
-8.5597E-02
-9.9952E-02
-1.0976E-01
-7.8938E-02
-2.4998E-02
3.0558E-02
7.6454E-02
8.5455E-02
5.1118E-02
-1.3434E-02
-9.4992E-02
-1.7037E-01
-2.2025E-01
-2.3787E-01
-2.1560E-01
-1.5870E-01
-7.9603E-02
1.8243E-02
1.2555E-01
2.1505E-01
2.4502E-01
1.8670E-01
5.6421E-02
-9.6227E-02
-2.2493E-01
-3.0336E-01
-3.4207E-01
-3.7618E-01
-4.3103E-01
-5.1227E-01
-5.9234E-01
-6.2282E-01
-5.7756E-01
-4.7678E-01
-3.6491E-01
-2.6977E-01
-2.1105E-01
-2.0181E-01
-2.1983E-01
-2.4007E-01
-2.5743E-01
-2.6308E-01
-2.5544E-01
-2.2631E-01
-1.5446E-01
-5.6974E-02
2.1656E-02
6.5826E-02
7.6894E-02
4.7242E-02
-8.5545E-03
-6.4280E-02
-1.1216E-01
-1.5161E-01
-1.9455E-01
-2.4524E-01
-3.0191E-01
-3.6009E-01
-3.7417E-01
-3.2040E-01
-2.2799E-01
-1.2826E-01
-3.3434E-02
7.0272E-02
1.4385E-01
1.4722E-01
1.2887E-01
1.0050E-01
5.6216E-02
2.9851E-02
2.8018E-02
3.2279E-02
4.3025E-03
-5.2466E-02
-8.9293E-02
-1.0438E-01
-9.9093E-02
-6.6252E-02
-3.9747E-02
-3.9824E-02
-4.7401E-02
-4.8930E-02
-4.5260E-02
-3.4138E-02
-1.6275E-02
4.0266E-03
2.0187E-02
2.1037E-02
5.2134E-03
-3.5044E-02
-8.8868E-02
-1.2489E-01
-1.4657E-01
-1.3297E-01
-5.8391E-02
3.9946E-02
1.2692E-01
1.8596E-01
2.0902E-01
1.8678E-01
1.1193E-01
1.0403E-02
-8.6943E-02
-1.6490E-01
-2.2230E-01
-2.5807E-01
-2.8196E-01
-2.9104E-01
-2.5232E-01
-1.9946E-01
-1.5892E-01
-9.6476E-02
-3.3736E-02
3.1273E-03
-6.3466E-03
-8.8144E-02
-1.8776E-01
-2.5183E-01
-2.7527E-01
-2.6172E-01
-2.4700E-01
-2.4483E-01
-2.3957E-01
-2.2659E-01
-1.9684E-01
-1.6331E-01
-1.3285E-01
-9.8559E-02
-9.2771E-02
-1.4057E-01
-2.2371E-01
-3.0493E-01
-3.6007E-01
-3.8385E-01
-3.7223E-01
-3.3851E-01
-3.0191E-01
-2.7575E-01
-2.6889E-01
-2.6946E-01
-2.6612E-01
-2.5929E-01
-2.4995E-01
-2.4465E-01
-2.6368E-01
-3.1031E-01
-3.5203E-01
-3.7120E-01
-3.6902E-01
-3.5058E-01
-3.2188E-01
-2.7202E-01
-2.1567E-01
-1.8015E-01
-1.6689E-01
-1.8498E-01
-2.3235E-01
-2.9452E-01
-3.6076E-01
-4.0567E-01
-4.2313E-01
-4.0991E-01
-3.4834E-01
-2.6261E-01
-1.9608E-01
-1.6040E-01
-1.3748E-01
-1.1650E-01
-1.1343E-01
-1.5128E-01
-2.3945E-01
-3.4238E-01
-4.0692E-01
-4.1569E-01
-3.9822E-01
-3.9554E-01
-4.0419E-01
-4.1272E-01
-4.1535E-01
-3.8950E-01
-3.4299E-01
-3.0344E-01
-2.7021E-01
-2.2215E-01
-1.5510E-01
-9.6665E-02
-8.0232E-02
-1.2763E-01
-2.2903E-01
-3.3426E-01
-3.9323E-01
-3.9568E-01
-3.5617E-01
-2.7705E-01
-1.6166E-01
-3.4822E-02
7.0760E-02
1.4648E-01
2.1524E-01
2.8118E-01
3.1920E-01
2.9676E-01
1.9560E-01
6.8608E-02
2.6319E-03
2.1028E-02
8.8216E-02
1.6536E-01
2.3401E-01
2.7666E-01
2.7659E-01
2.4006E-01
1.9461E-01
1.7010E-01
1.7579E-01
2.0469E-01
2.3499E-01
2.4504E-01
2.4210E-01
2.4692E-01
2.7218E-01
3.1205E-01
3.6151E-01
4.2254E-01
4.8621E-01
5.3924E-01
5.6841E-01
5.8254E-01
5.8617E-01
5.5500E-01
4.9115E-01
4.1412E-01
3.3668E-01
2.6353E-01
1.9027E-01
1.2944E-01
9.4773E-02
1.0020E-01
1.5973E-01
2.6422E-01
3.9292E-01
5.0018E-01
5.2532E-01
4.5278E-01
3.2675E-01
2.0943E-01
1.4895E-01
1.5742E-01
2.0579E-01
2.6901E-01
3.0495E-01
2.5842E-01
1.8075E-01
1.5934E-01
1.8102E-01
2.1980E-01
2.7013E-01
2.9670E-01
2.8655E-01
2.4882E-01
2.0024E-01
1.7933E-01
1.8457E-01
1.8277E-01
1.6053E-01
1.1273E-01
4.4123E-02
-2.7049E-02
-8.7973E-02
-1.4427E-01
-1.9789E-01
-2.4305E-01
-2.7277E-01
-2.8133E-01
-2.7493E-01
-2.4520E-01
-1.9825E-01
-1.5789E-01
-1.1610E-01
-7.2823E-02
-3.7643E-02
-1.0051E-02
1.0074E-03
-1.3881E-02
-5.3392E-02
-1.0159E-01
-1.4845E-01
-1.8691E-01
-1.9629E-01
-1.7539E-01
-1.4501E-01
-1.1775E-01
-9.4682E-02
-8.3025E-02
-9.1080E-02
-1.1110E-01
-1.3310E-01
-1.5070E-01
-1.6187E-01
-1.5960E-01
-1.3058E-01
-8.7076E-02
-5.2501E-02
-3.4709E-02
-3.5404E-02
-5.0574E-02
-7.2564E-02
-9.6804E-02
-1.1593E-01
-1.2381E-01
-1.2029E-01
-1.0913E-01
-9.5488E-02
-7.7151E-02
-5.0853E-02
-1.7892E-02
1.4163E-02
4.3409E-02
7.4206E-02
1.0338E-01
1.2543E-01
1.2404E-01
1.1384E-01
1.2457E-01
1.4336E-01
1.6640E-01
1.8763E-01
1.8663E-01
1.6604E-01
1.3672E-01
1.0912E-01
8.3347E-02
7.0985E-02
7.7227E-02
6.7300E-02
5.0918E-02
5.7933E-02
5.9848E-02
5.0123E-02
6.0724E-02
9.7604E-02
1.4250E-01
1.6875E-01
1.6507E-01
1.4617E-01
1.2607E-01
1.1135E-01
9.9764E-02
9.3813E-02
1.0816E-01
1.4671E-01
2.0316E-01
2.5570E-01
2.9368E-01
3.3258E-01
3.7553E-01
4.1674E-01
4.5127E-01
4.6616E-01
4.4174E-01
3.8347E-01
3.1481E-01
2.4840E-01
1.9628E-01
1.5987E-01
1.3147E-01
1.0122E-01
7.9537E-02
8.4200E-02
1.0253E-01
1.3796E-01
2.0226E-01
2.8145E-01
3.6188E-01
4.3019E-01
4.4326E-01
3.5909E-01
2.1390E-01
6.5742E-02
-6.7001E-02
-1.7595E-01
-2.5822E-01
-3.0533E-01
-3.2655E-01
-3.3479E-01
-3.0978E-01
-2.5655E-01
-1.9952E-01
-1.2954E-01
-4.9387E-02
1.4005E-02
5.8400E-02
8.3539E-02
8.8858E-02
8.2789E-02
4.9421E-02
-1.4400E-02
-8.1624E-02
-1.3741E-01
-1.8486E-01
-2.2505E-01
-2.4722E-01
-2.5006E-01
-2.3737E-01
-2.0133E-01
-1.4684E-01
-8.8128E-02
-4.1070E-02
-1.6077E-02
-4.2978E-03
-6.7636E-03
-1.2989E-02
1.2186E-02
6.5565E-02
1.1369E-01
1.4812E-01
1.7926E-01
2.0245E-01
2.1439E-01
2.2002E-01
2.1482E-01
2.0953E-01
2.1270E-01
2.1634E-01
2.1545E-01
1.9639E-01
1.6242E-01
1.3297E-01
1.1467E-01
1.2325E-01
1.7606E-01
2.5627E-01
3.1885E-01
3.3852E-01
3.2245E-01
2.7973E-01
2.3381E-01
2.2175E-01
2.4039E-01
2.6152E-01
2.6987E-01
2.5366E-01
2.1686E-01
1.6542E-01
1.1388E-01
9.7181E-02
1.0660E-01
1.0689E-01
9.3329E-02
7.9208E-02
8.9686E-02
1.4405E-01
2.2312E-01
3.0578E-01
3.6987E-01
3.6387E-01
3.0047E-01
2.4060E-01
2.0275E-01
2.0243E-01
2.2829E-01
2.3256E-01
1.9928E-01
1.3241E-01
4.4018E-02
-4.0180E-02
-1.0816E-01
-1.6254E-01
-2.0882E-01
-2.4676E-01
-2.5262E-01
-2.0530E-01
-1.3018E-01
-7.0364E-02
-4.1139E-02
-4.2096E-02
-6.5373E-02
-8.8496E-02
-9.8745E-02
-1.0562E-01
-1.1742E-01
-1.2317E-01
-1.0841E-01
-7.6933E-02
-3.6958E-02
-7.7367E-03
-1.9811E-02
-7.0307E-02
-1.3780E-01
-2.0780E-01
-2.6100E-01
-2.8663E-01
-2.8548E-01
-2.7324E-01
-2.8028E-01
-3.0704E-01
-3.4570E-01
-3.9954E-01
-4.2340E-01
-3.9402E-01
-3.5234E-01
-3.1964E-01
-3.0781E-01
-3.1277E-01
-2.9940E-01
-2.5873E-01
-2.1337E-01
-1.7578E-01
-1.3275E-01
-8.1096E-02
-4.1310E-02
-1.8331E-02
9.2278E-03
5.2565E-02
9.8659E-02
1.4267E-01
1.8776E-01
2.2381E-01
2.4705E-01
2.5862E-01
2.4871E-01
2.1520E-01
1.6011E-01
8.2757E-02
-3.3463E-03
-7.4901E-02
-1.0688E-01
-8.8456E-02
-3.8757E-02
2.4260E-02
1.0106E-01
1.8015E-01
2.3365E-01
2.5147E-01
2.4373E-01
2.1005E-01
1.4979E-01
8.4087E-02
3.4809E-02
3.1138E-03
-2.3422E-02
-5.2797E-02
-7.6727E-02
-8.0139E-02
-6.2371E-02
-2.6337E-02
3.1798E-02
9.4703E-02
1.4074E-01
1.7728E-01
2.0268E-01
2.0778E-01
1.9885E-01
1.7004E-01
1.2833E-01
8.8363E-02
4.5532E-02
6.7929E-03
-2.2833E-02
-3.3805E-02
-7.4071E-03
4.1870E-02
8.2898E-02
9.8980E-02
9.3745E-02
7.5269E-02
4.6247E-02
1.7591E-02
-7.1116E-04
-9.4939E-04
2.0523E-02
6.1378E-02
1.1491E-01
1.5934E-01
1.8719E-01
2.0735E-01
2.1647E-01
2.1466E-01
2.0859E-01
2.0747E-01
2.2166E-01
2.4728E-01
2.7920E-01
3.1967E-01
3.5999E-01
3.8048E-01
3.6307E-01
3.0711E-01
2.3200E-01
1.5562E-01
9.5318E-02
7.2326E-02
9.1910E-02
1.4247E-01
2.0705E-01
2.6860E-01
3.2223E-01
3.6971E-01
4.0223E-01
4.0352E-01
3.6455E-01
2.9883E-01
2.3316E-01
1.8543E-01
1.6103E-01
1.5910E-01
1.8094E-01
2.2030E-01
2.6626E-01
3.1696E-01
3.6449E-01
3.9517E-01
3.9475E-01
3.5407E-01
2.8341E-01
1.9981E-01
1.2038E-01
6.0635E-02
2.3125E-02
3.7199E-03
-3.7967E-03
-4.2068E-03
1.2685E-03
3.4930E-03
-1.8984E-03
-1.0149E-02
-2.4016E-02
-4.1893E-02
-5.7963E-02
-6.6219E-02
-5.5585E-02
-2.7550E-02
2.0423E-03
2.2771E-02
3.5532E-02
4.0448E-02
2.9758E-02
-5.0530E-03
-5.3161E-02
-9.4038E-02
-1.3018E-01
-1.6480E-01
-1.9235E-01
-2.1397E-01
-2.2225E-01
-2.1283E-01
-1.9070E-01
-1.5613E-01
-1.1685E-01
-8.6512E-02
-7.2999E-02
-8.5814E-02
-1.3293E-01
-1.9963E-01
-2.5422E-01
-2.8275E-01
-2.9179E-01
-2.8290E-01
-2.5056E-01
-1.9851E-01
-1.4115E-01
-8.8719E-02
-4.4068E-02
-1.5310E-02
-7.4836E-03
-1.9476E-02
-6.0741E-02
-1.2132E-01
-1.7429E-01
-2.1088E-01
-2.2076E-01
-2.0597E-01
-1.8731E-01
-1.7177E-01
-1.5780E-01
-1.4926E-01
-1.5487E-01
-1.6258E-01
-1.5352E-01
-1.3699E-01
-1.1681E-01
-8.9156E-02
-6.2039E-02
-3.8852E-02
-1.8946E-02
1.8456E-03
2.9495E-02
6.7607E-02
1.1431E-01
1.6030E-01
2.0051E-01
2.3200E-01
2.5026E-01
2.5045E-01
2.3244E-01
2.0984E-01
1.9376E-01
1.8439E-01
1.7789E-01
1.6380E-01
1.3757E-01
1.0677E-01
8.2073E-02
7.2120E-02
7.7934E-02
9.7344E-02
1.2416E-01
1.4406E-01
1.5050E-01
1.5108E-01
1.5577E-01
1.7298E-01
2.0153E-01
2.2631E-01
2.3554E-01
2.3003E-01
2.2151E-01
2.2246E-01
2.3430E-01
2.5242E-01
2.6881E-01
2.7666E-01
2.7282E-01
2.6041E-01
2.4899E-01
2.3996E-01
2.3287E-01
2.2584E-01
2.1297E-01
1.9858E-01
1.8595E-01
1.7353E-01
1.6397E-01
1.5642E-01
1.4568E-01
1.2941E-01
1.0830E-01
8.4705E-02
6.2900E-02
4.5138E-02
3.0724E-02
1.9566E-02
1.2202E-02
4.1528E-03
-1.0830E-02
-2.7486E-02
-3.9486E-02
-4.9925E-02
-5.9847E-02
-6.9376E-02
-7.8814E-02
-8.7424E-02
-9.5491E-02
-9.7154E-02
-8.7204E-02
-7.1985E-02
-6.2783E-02
-6.4056E-02
-7.2383E-02
-8.3886E-02
-9.4911E-02
-1.0305E-01
-1.1024E-01
-1.1733E-01
-1.2000E-01
-1.1591E-01
-1.1047E-01
-1.0822E-01
-1.0623E-01
-1.0558E-01
-1.1151E-01
-1.2140E-01
-1.2943E-01
-1.2960E-01
-1.1997E-01
-1.0757E-01
-1.0153E-01
-1.0881E-01
-1.3031E-01
-1.5742E-01
-1.7768E-01
-1.9074E-01
-2.0478E-01
-2.1965E-01
-2.3371E-01
-2.4841E-01
-2.6194E-01
-2.6856E-01
-2.6116E-01
-2.3443E-01
-1.9114E-01
-1.4126E-01
-9.1166E-02
-4.5712E-02
-1.0159E-02
1.3267E-02
2.3581E-02
2.0375E-02
3.4266E-03
-1.8704E-02
-3.3314E-02
-3.4459E-02
-1.8428E-02
7.8177E-03
3.2948E-02
5.5431E-02
7.4640E-02
8.9726E-02
9.9680E-02
1.0077E-01
9.1524E-02
7.5663E-02
5.7766E-02
4.0649E-02
2.7277E-02
1.7099E-02
5.3353E-03
-1.0947E-02
-2.6153E-02
-3.4452E-02
-3.8083E-02
-3.9215E-02
-3.9699E-02
-4.1691E-02
-4.8127E-02
-5.7803E-02
-6.0341E-02
-5.3774E-02
-4.4444E-02
-3.5442E-02
-2.9804E-02
-2.6927E-02
-2.4884E-02
-2.4288E-02
-2.2603E-02
-2.0823E-02
-2.6836E-02
-4.1011E-02
-5.6496E-02
-6.9745E-02
-7.9305E-02
-8.4051E-02
-8.1959E-02
-7.3582E-02
-6.3302E-02
-5.1438E-02
-3.7016E-02
-2.4533E-02
-2.1553E-02
-3.1701E-02
-4.9713E-02
-6.5150E-02
-7.4501E-02
-7.9529E-02
-7.8035E-02
-7.2906E-02
-6.5527E-02
-5.0865E-02
-3.3874E-02
-2.3153E-02
-2.1946E-02
-2.9114E-02
-4.1447E-02
-5.6310E-02
-6.7888E-02
-7.4617E-02
-7.8772E-02
-7.4667E-02
-5.9482E-02
-4.1395E-02
-2.4515E-02
-5.2161E-03
1.4036E-02
2.8345E-02
3.9419E-02
4.8580E-02
5.6972E-02
6.5303E-02
7.0659E-02
7.2362E-02
7.1585E-02
6.9154E-02
6.6687E-02
6.6577E-02
7.0516E-02
7.6377E-02
8.1806E-02
9.1699E-02
1.1045E-01
1.3202E-01
1.4987E-01
1.6122E-01
1.6484E-01
1.6208E-01
1.5234E-01
1.3799E-01
1.2426E-01
1.1301E-01
1.0664E-01
1.0751E-01
1.1264E-01
1.1570E-01
1.1483E-01
1.1106E-01
1.0394E-01
9.4614E-02
8.3417E-02
7.0161E-02
5.6822E-02
4.6929E-02
4.3344E-02
4.2751E-02
4.2475E-02
4.2699E-02
4.2100E-02
4.4110E-02
5.1919E-02
6.4358E-02
7.4589E-02
7.2664E-02
5.8710E-02
3.9514E-02
2.3129E-02
1.3146E-02
6.7686E-03
2.9974E-03
-1.7743E-03
-9.1093E-03
-1.5291E-02
-1.7648E-02
-1.4388E-02
-1.1335E-02
-1.6413E-02
-2.7149E-02
-3.7867E-02
-4.8037E-02
-5.5187E-02
-5.3647E-02
-4.6363E-02
-4.1486E-02
-4.0693E-02
-4.0100E-02
-3.6016E-02
-2.6072E-02
-1.2065E-02
-2.2456E-03
-9.1895E-04
-7.1303E-03
-2.0084E-02
-3.5200E-02
-4.7859E-02
-5.8817E-02
-7.1683E-02
-8.2905E-02
-8.4991E-02
-8.2040E-02
-8.0003E-02
-7.9797E-02
-8.3086E-02
-8.8455E-02
-9.3173E-02
-9.6116E-02
-9.8913E-02
-1.0405E-01
-1.1078E-01
-1.1581E-01
-1.1688E-01
-1.1563E-01
-1.1201E-01
-1.0438E-01
-9.4920E-02
-8.8844E-02
-9.0568E-02
-9.7312E-02
-1.0205E-01
-1.0450E-01
-1.0920E-01
-1.1609E-01
-1.2300E-01
-1.2748E-01
-1.2908E-01
-1.3020E-01
-1.2567E-01
-1.1311E-01
-1.0007E-01
-8.9054E-02
-7.8551E-02
-6.9234E-02
-6.2163E-02
-5.4373E-02
-4.3444E-02
-3.5863E-02
-3.7223E-02
-4.5669E-02
-5.2987E-02
-5.2461E-02
-4.8607E-02
-4.0964E-02
-2.4259E-02
-6.0234E-03
8.0976E-03
2.1088E-02
3.0449E-02
2.9698E-02
1.7011E-02
-3.8734E-04
-1.1744E-02
-1.3328E-02
-6.0995E-03
6.0358E-03
1.6250E-02
2.1676E-02
2.4344E-02
2.9088E-02
3.8800E-02
5.2427E-02
6.6238E-02
7.5564E-02
8.2668E-02
9.0705E-02
9.7450E-02
1.0159E-01
1.0419E-01
1.0826E-01
1.1422E-01
1.1723E-01
1.1029E-01
9.0925E-02
6.7306E-02
5.0859E-02
4.6898E-02
5.1041E-02
5.5460E-02
5.8146E-02
5.9854E-02
6.2739E-02
6.8336E-02
7.4227E-02
8.0921E-02
8.9223E-02
9.4671E-02
9.4602E-02
9.0971E-02
8.5656E-02
7.9433E-02
7.5100E-02
7.4430E-02
7.6432E-02
7.9944E-02
8.3217E-02
8.4420E-02
8.2653E-02
7.7979E-02
6.8156E-02
5.4421E-02
4.2502E-02
3.0916E-02
1.8467E-02
8.0310E-03
-2.0128E-04
-3.5595E-03
9.4511E-04
1.1057E-02
2.2826E-02
3.2749E-02
3.7498E-02
3.6836E-02
3.5383E-02
3.5408E-02
3.2573E-02
2.4487E-02
1.4102E-02
4.6627E-03
-2.7387E-03
-8.4980E-03
-1.0553E-02
-6.3612E-03
2.1502E-03
1.2066E-02
2.1621E-02
2.8843E-02
3.3390E-02
3.8641E-02
4.6733E-02
5.5189E-02
6.1701E-02
6.5712E-02
6.7451E-02
6.4315E-02
5.5700E-02
4.7270E-02
4.2369E-02
4.3734E-02
4.8677E-02
5.0147E-02
4.7512E-02
4.1998E-02
3.8667E-02
4.0671E-02
4.6570E-02
5.4605E-02
5.8905E-02
5.8211E-02
5.3305E-02
4.6179E-02
4.4502E-02
4.8207E-02
5.2484E-02
5.7441E-02
6.2979E-02
6.7199E-02
6.9507E-02
6.9543E-02
6.6264E-02
6.1213E-02
5.5862E-02
5.0235E-02
4.7340E-02
4.7202E-02
4.4554E-02
4.0062E-02
3.7256E-02
3.3596E-02
3.0221E-02
2.9136E-02
2.6059E-02
2.1506E-02
1.4875E-02
3.1836E-03
-9.7213E-03
-2.0081E-02
-2.8402E-02
-3.6093E-02
-3.8383E-02
-3.4041E-02
-2.9887E-02
-2.7690E-02
-3.1785E-02
-4.4844E-02
-5.9271E-02
-7.0174E-02
-7.5672E-02
-7.6998E-02
-7.9983E-02
-8.4555E-02
-8.6251E-02
-8.5089E-02
-8.4157E-02
-8.5118E-02
-8.8403E-02
-9.5276E-02
-1.0428E-01
-1.1050E-01
-1.1332E-01
-1.1566E-01
-1.1887E-01
-1.2329E-01
-1.2702E-01
-1.2518E-01
-1.1445E-01
-9.9315E-02
-8.8028E-02
-8.2337E-02
-7.9713E-02
-8.0951E-02
-8.8378E-02
-1.0059E-01
-1.1284E-01
-1.2038E-01
-1.1956E-01
-1.1010E-01
-9.7244E-02
-8.5723E-02
-7.8473E-02
-7.7951E-02
-8.0326E-02
-8.1186E-02
-7.9732E-02
-7.5763E-02
-7.1078E-02
-6.5537E-02
-5.9347E-02
-5.4365E-02
-4.9150E-02
-4.2876E-02
-3.7656E-02
-3.5249E-02
-3.4145E-02
-3.4888E-02
-4.0062E-02
-4.7234E-02
-5.3854E-02
-5.6340E-02
-5.2783E-02
-4.9530E-02
-4.8598E-02
-4.7662E-02
-4.7967E-02
-4.8896E-02
-5.1735E-02
-6.0217E-02
-7.1487E-02
-8.0526E-02
-8.8704E-02
-9.6972E-02
-1.0104E-01
-1.0162E-01
-1.0132E-01
-9.8934E-02
-9.5333E-02
-8.9934E-02
-8.2482E-02
-7.6060E-02
-7.0173E-02
-6.5735E-02
-6.7561E-02
-7.3892E-02
-7.9035E-02
-7.9887E-02
-7.6355E-02
-6.9114E-02
-5.8032E-02
-4.9449E-02
-4.6972E-02
-4.4596E-02
-4.1328E-02
-3.8990E-02
-3.6505E-02
-3.4118E-02
-3.3626E-02
-3.9023E-02
-4.9778E-02
-5.9845E-02
-6.8127E-02
-7.2760E-02
-7.0105E-02
-6.0667E-02
-4.4665E-02
-2.6652E-02
-1.2659E-02
-2.3164E-03
4.9306E-03
7.4900E-03
7.7481E-03
1.0263E-02
1.5095E-02
2.1960E-02
2.7991E-02
2.9312E-02
2.9629E-02
3.0510E-02
3.2014E-02
3.6142E-02
4.1716E-02
4.8680E-02
5.1197E-02
4.1645E-02
2.6111E-02
1.0191E-02
-4.9611E-03
-1.4559E-02
-2.0455E-02
-2.6960E-02
-3.4792E-02
-4.4181E-02
-5.3571E-02
-6.1473E-02
-6.6825E-02
-7.2113E-02
-7.8808E-02
-8.5218E-02
-9.3396E-02
-1.0119E-01
-1.0534E-01
-1.0737E-01
-1.0656E-01
-1.0345E-01
-9.8483E-02
-9.2165E-02
-8.5975E-02
-7.7145E-02
-6.6983E-02
-5.9846E-02
-5.5192E-02
-5.2022E-02
-4.9452E-02
-4.5721E-02
-4.1535E-02
-4.0093E-02
-4.2114E-02
-4.4970E-02
-4.7044E-02
-5.0480E-02
-5.7387E-02
-6.4743E-02
-7.0581E-02
-7.5563E-02
-7.8982E-02
-8.1676E-02
-8.4657E-02
-8.9219E-02
-9.5430E-02
-1.0031E-01
-1.0292E-01
-1.0148E-01
-9.5619E-02
-9.0295E-02
-8.7442E-02
-8.5592E-02
-8.3672E-02
-8.1226E-02
-7.8934E-02
-7.7055E-02
-7.5259E-02
-7.5471E-02
-7.9944E-02
-8.6131E-02
-9.0725E-02
-9.2741E-02
-9.3379E-02
-9.4817E-02
-9.5161E-02
-9.4041E-02
-9.4722E-02
-9.5764E-02
-9.4040E-02
-9.1976E-02
-9.1785E-02
-9.0991E-02
-9.0113E-02
-8.9949E-02
-8.7408E-02
-8.2416E-02
-7.5563E-02
-6.7222E-02
-6.0620E-02
-5.7478E-02
-5.7484E-02
-5.9550E-02
-6.3684E-02
-6.9688E-02
-7.3147E-02
-7.1671E-02
-6.8057E-02
-6.6896E-02
-6.9806E-02
-7.5239E-02
-8.1537E-02
-8.2381E-02
-7.6494E-02
-7.1727E-02
-6.7968E-02
-6.1711E-02
-5.7135E-02
-5.5879E-02
-5.2386E-02
-4.5083E-02
-3.7646E-02
-3.0464E-02
-2.2271E-02
-1.6186E-02
-1.7597E-02
-2.5042E-02
-2.9565E-02
-2.5973E-02
-1.5921E-02
-6.6643E-04
1.7969E-02
3.2700E-02
3.8767E-02
3.9825E-02
4.0593E-02
4.3044E-02
4.6842E-02
5.1052E-02
5.6390E-02
6.1497E-02
6.1890E-02
5.7433E-02
5.3878E-02
5.6049E-02
6.6029E-02
8.0235E-02
9.0768E-02
9.3851E-02
8.9734E-02
8.2730E-02
7.5780E-02
6.7879E-02
6.1920E-02
5.9342E-02
5.9009E-02
6.0525E-02
6.2428E-02
6.5049E-02
6.8732E-02
7.2873E-02
7.6707E-02
7.9995E-02
8.1705E-02
7.8064E-02
7.0513E-02
6.3707E-02
5.6641E-02
4.8280E-02
4.1773E-02
3.8446E-02
3.7025E-02
3.6314E-02
3.4693E-02
3.2075E-02
2.9081E-02
2.5630E-02
2.0664E-02
1.2444E-02
4.0832E-04
-1.6885E-02
-3.8401E-02
-5.8962E-02
-7.5707E-02
-8.7276E-02
-9.0709E-02
-8.7034E-02
-8.3148E-02
-8.3214E-02
-8.6029E-02
-8.8671E-02
-8.8676E-02
-8.3894E-02
-7.3755E-02
-6.3738E-02
-5.9909E-02
-6.4291E-02
-7.5714E-02
-8.8606E-02
-9.6320E-02
-9.4924E-02
-8.6643E-02
-7.5708E-02
-6.5417E-02
-6.0224E-02
-5.8784E-02
-5.8607E-02
-6.0319E-02
-6.0278E-02
-5.5128E-02
-4.4940E-02
-3.0499E-02
-1.4221E-02
5.6880E-04
1.2940E-02
2.3691E-02
3.0195E-02
3.1497E-02
3.2380E-02
3.5374E-02
3.7931E-02
3.7169E-02
3.2897E-02
2.5992E-02
1.9778E-02
1.8246E-02
2.3125E-02
3.3036E-02
3.9633E-02
3.8115E-02
3.0350E-02
1.8379E-02
7.5262E-03
1.8729E-03
3.6883E-03
1.0172E-02
1.2422E-02
1.0374E-02
8.9004E-03
9.3292E-03
1.4972E-02
2.6584E-02
3.7602E-02
4.2415E-02
4.0076E-02
3.3149E-02
2.8319E-02
2.8266E-02
2.9931E-02
3.3777E-02
3.9538E-02
4.1576E-02
3.7587E-02
3.1945E-02
2.9229E-02
3.1516E-02
3.8060E-02
4.4891E-02
4.8783E-02
4.7833E-02
4.1273E-02
3.2404E-02
2.7822E-02
3.0724E-02
3.8801E-02
4.9876E-02
6.0104E-02
6.3963E-02
6.0045E-02
5.4357E-02
5.4814E-02
6.0240E-02
6.4935E-02
6.5770E-02
6.2924E-02
5.6366E-02
4.5232E-02
3.4988E-02
3.1299E-02
3.3995E-02
4.0143E-02
4.7425E-02
5.3530E-02
5.4885E-02
5.2443E-02
4.8981E-02
4.5510E-02
4.2187E-02
3.9294E-02
3.7865E-02
3.6208E-02
3.5259E-02
3.8200E-02
4.3088E-02
4.8625E-02
5.4764E-02
5.7883E-02
5.4891E-02
4.5078E-02
3.2453E-02
2.2454E-02
1.5916E-02
1.5335E-02
2.0739E-02
3.0070E-02
4.2194E-02
5.0968E-02
5.5018E-02
5.5430E-02
5.1009E-02
4.4040E-02
3.6057E-02
2.7420E-02
1.7824E-02
7.8659E-03
2.5392E-03
4.9939E-03
1.2553E-02
2.2771E-02
3.3391E-02
4.1091E-02
4.5280E-02
4.5262E-02
3.9984E-02
3.1259E-02
2.1283E-02
1.0755E-02
2.1530E-03
-1.5471E-03
-1.9253E-03
-1.1386E-03
6.8900E-05
2.2039E-04
2.6724E-04
8.2535E-04
-6.4205E-04
-3.1313E-03
-3.0794E-03
-1.7357E-03
-9.1027E-04
1.8258E-03
6.8478E-03
1.1485E-02
1.3521E-02
1.2509E-02
1.1267E-02
1.1846E-02
1.2517E-02
1.1620E-02
1.0804E-02
1.1107E-02
1.2770E-02
1.8396E-02
2.8809E-02
4.2496E-02
5.5990E-02
6.4978E-02
6.8747E-02
6.7105E-02
6.1280E-02
5.5649E-02
5.2628E-02
5.2916E-02
5.5358E-02
5.9254E-02
6.4816E-02
7.0441E-02
7.6516E-02
8.3204E-02
8.9383E-02
9.3273E-02
9.1052E-02
8.1848E-02
6.6294E-02
4.5462E-02
2.7727E-02
2.0735E-02
2.3103E-02
3.2280E-02
4.1799E-02
4.3221E-02
3.8102E-02
3.1340E-02
2.2111E-02
1.1291E-02
5.2469E-03
2.4385E-03
-2.1043E-03
-5.0287E-03
-4.7396E-03
-3.4753E-03
-2.0794E-03
2.8951E-03
1.5431E-02
3.0768E-02
4.0219E-02
4.0858E-02
3.6211E-02
2.7677E-02
1.4921E-02
2.9217E-03
-4.7562E-03
-8.9024E-03
-9.7592E-03
-7.4972E-03
-2.2582E-03
6.1436E-03
1.4359E-02
1.8154E-02
1.7933E-02
1.4237E-02
7.2374E-03
-1.6886E-04
-5.2063E-03
-7.5481E-03
-8.4322E-03
-7.6624E-03
-6.8569E-03
-8.9436E-03
-1.2517E-02
-1.7186E-02
-2.3130E-02
-2.8659E-02
-3.4223E-02
-3.7747E-02
-3.7555E-02
-3.7302E-02
-3.7592E-02
-3.8653E-02
-4.2782E-02
-4.7644E-02
-5.0668E-02
-5.0053E-02
-4.4236E-02
-3.6831E-02
-3.2299E-02
-3.4092E-02
-4.2761E-02
-5.1807E-02
-5.8319E-02
-6.3214E-02
-6.4485E-02
-6.4451E-02
-6.6825E-02
-7.0589E-02
-7.3375E-02
-7.5590E-02
-7.9489E-02
-8.5136E-02
-8.9972E-02
-9.0602E-02
-8.6121E-02
-7.7615E-02
-6.7679E-02
-5.7127E-02
-4.4041E-02
-3.1402E-02
-2.1368E-02
-1.4326E-02
-1.3493E-02
-1.6280E-02
-1.7660E-02
-1.6952E-02
-1.4761E-02
-1.1629E-02
-8.6823E-03
-7.6767E-03
-6.9264E-03
-3.7052E-03
6.8924E-04
5.1191E-03
1.0924E-02
1.7005E-02
1.8461E-02
1.5516E-02
1.2343E-02
7.5757E-03
6.8299E-04
-4.0813E-03
-5.9380E-03
-5.0348E-03
6.8824E-04
1.0805E-02
2.3664E-02
3.4317E-02
3.9100E-02
4.0259E-02
3.8830E-02
3.7278E-02
3.6416E-02
3.3640E-02
3.0694E-02
2.9718E-02
3.1113E-02
3.4706E-02
3.7053E-02
3.6382E-02
3.5660E-02
3.4608E-02
3.2790E-02
3.2509E-02
3.3017E-02
3.3279E-02
3.1170E-02
2.7003E-02
2.6172E-02
3.0638E-02
3.6889E-02
4.0411E-02
3.9402E-02
3.1538E-02
1.7654E-02
5.3505E-03
-6.1791E-04
-1.0671E-03
3.6522E-04
7.4006E-04
1.0800E-03
2.9012E-03
4.5621E-03
6.8566E-03
1.2804E-02
1.9350E-02
2.2742E-02
2.0970E-02
1.2451E-02
-2.1454E-03
-1.9937E-02
-3.2919E-02
-3.7012E-02
-3.3777E-02
-2.4175E-02
-1.3608E-02
-6.5267E-03
-2.6514E-03
-1.8369E-03
-3.3177E-03
-6.5473E-03
-1.3258E-02
-2.2617E-02
-2.8827E-02
-3.1931E-02
-3.5556E-02
-3.6348E-02
-3.3630E-02
-2.9805E-02
-2.4185E-02
-1.8129E-02
-1.3439E-02
-1.2543E-02
-1.5941E-02
-1.8502E-02
-1.8031E-02
-1.5815E-02
-1.1422E-02
-4.6604E-03
2.8444E-03
8.4384E-03
1.0654E-02
1.1170E-02
1.1826E-02
1.0257E-02
5.3009E-03
8.6152E-04
-2.6958E-03
-7.2891E-03
-1.0762E-02
-1.1202E-02
-9.3739E-03
-6.3945E-03
-1.7591E-03
3.7425E-03
6.9299E-03
7.0335E-03
6.4397E-03
5.4468E-03
3.2613E-03
2.8393E-03
2.8922E-03
1.0889E-03
1.9155E-03
7.6637E-03
1.8006E-02
3.0201E-02
4.0895E-02
4.9731E-02
5.3450E-02
5.1403E-02
4.6906E-02
3.9324E-02
2.8309E-02
1.6282E-02
4.8112E-03
-3.7583E-03
-5.1283E-03
2.7663E-03
1.7394E-02
3.3998E-02
4.9214E-02
6.2365E-02
7.4446E-02
8.5742E-02
9.4319E-02
9.8516E-02
9.8777E-02
9.6108E-02
9.2581E-02
9.1152E-02
9.3166E-02
9.7964E-02
1.0298E-01
1.0563E-01
1.0450E-01
1.0143E-01
9.9075E-02
9.6408E-02
9.4974E-02
9.5377E-02
9.4094E-02
8.9040E-02
8.0545E-02
7.4166E-02
7.2339E-02
7.2684E-02
7.3280E-02
7.1306E-02
6.8610E-02
6.9098E-02
7.5532E-02
8.5617E-02
9.2672E-02
9.4716E-02
9.0621E-02
8.3522E-02
7.8052E-02
7.3132E-02
6.9025E-02
6.4852E-02
5.9742E-02
5.4069E-02
4.8176E-02
4.4723E-02
4.3072E-02
4.1889E-02
4.0292E-02
3.7392E-02
3.4848E-02
3.1797E-02
2.8074E-02
2.5551E-02
2.5997E-02
2.8604E-02
2.9930E-02
3.1386E-02
3.2191E-02
3.1684E-02
3.1793E-02
2.7770E-02
2.1511E-02
1.8342E-02
1.6670E-02
1.7066E-02
1.8410E-02
1.9218E-02
2.1389E-02
2.3974E-02
2.8615E-02
3.7163E-02
4.4239E-02
4.7881E-02
4.9260E-02
4.8648E-02
4.6893E-02
4.3734E-02
4.4673E-02
4.9976E-02
5.2505E-02
5.2926E-02
5.2375E-02
5.1461E-02
5.1595E-02
5.1377E-02
5.1568E-02
5.3224E-02
5.3467E-02
5.0464E-02
4.6467E-02
4.2474E-02
3.9222E-02
3.8505E-02
3.9402E-02
3.9388E-02
3.8437E-02
3.7847E-02
3.5032E-02
2.7936E-02
1.9854E-02
1.3686E-02
9.0602E-03
6.2408E-03
5.4169E-03
5.3368E-03
6.3746E-03
7.9822E-03
8.5588E-03
9.1753E-03
1.0353E-02
9.6138E-03
6.3792E-03
2.8296E-03
-7.5951E-04
-2.1092E-03
1.9614E-03
8.7601E-03
1.4677E-02
1.8979E-02
2.1887E-02
2.3295E-02
2.2660E-02
2.0252E-02
1.8398E-02
1.8439E-02
1.7050E-02
1.4436E-02
1.4707E-02
1.7952E-02
2.3715E-02
2.9961E-02
3.5091E-02
3.8920E-02
4.0332E-02
4.2633E-02
4.5149E-02
4.5216E-02
4.4089E-02
4.0410E-02
3.4988E-02
2.9856E-02
2.8424E-02
3.4223E-02
4.4229E-02
5.5134E-02
6.4524E-02
6.8909E-02
6.7670E-02
6.3498E-02
5.8509E-02
5.1751E-02
4.1801E-02
2.9908E-02
1.6890E-02
3.9425E-03
-4.2460E-03
-8.6775E-03
-1.3596E-02
-1.7467E-02
-1.9729E-02
-2.2410E-02
-2.5803E-02
-2.8265E-02
-2.9243E-02
-2.9725E-02
-2.7504E-02
-2.2514E-02
-1.9368E-02
-1.8299E-02
-1.8197E-02
-1.9097E-02
-1.9154E-02
-1.7333E-02
-1.3133E-02
-9.1877E-03
-8.3941E-03
-1.0158E-02
-1.4939E-02
-2.3057E-02
-3.2873E-02
-4.3083E-02
-5.4701E-02
-6.4685E-02
-6.8529E-02
-6.6908E-02
-5.8071E-02
-4.3276E-02
-2.9008E-02
-1.8455E-02
-1.3265E-02
-1.4798E-02
-2.1889E-02
-2.9845E-02
-3.5694E-02
-3.8112E-02
-3.4920E-02
-2.7649E-02
-1.9189E-02
-1.0296E-02
-2.1567E-03
3.0591E-03
5.1312E-03
4.2578E-03
-7.6777E-04
-9.2148E-03
-1.9632E-02
-3.1241E-02
-3.9991E-02
-4.0867E-02
-3.4155E-02
-2.2835E-02
-9.8253E-03
1.6405E-03
1.0272E-02
1.5597E-02
1.5730E-02
9.9509E-03
4.7681E-04
-1.1521E-02
-2.5436E-02
-3.8276E-02
-4.7888E-02
-5.1757E-02
-4.8827E-02
-4.4287E-02
-4.0669E-02
-3.8331E-02
-3.9757E-02
-4.1784E-02
-4.3309E-02
-4.6313E-02
-4.8083E-02
-4.9132E-02
-5.0003E-02
-4.8621E-02
-4.5114E-02
-3.9348E-02
-3.3248E-02
-2.9581E-02
-2.9159E-02
-3.2162E-02
-3.6789E-02
-4.0112E-02
-4.0424E-02
-4.0315E-02
-4.1011E-02
-3.8801E-02
-3.6040E-02
-3.6362E-02
-3.7424E-02
-3.8598E-02
-4.0199E-02
-4.3165E-02
-4.8286E-02
-5.3046E-02
-5.7097E-02
-6.0002E-02
-5.8898E-02
-5.3859E-02
-4.4876E-02
-3.1965E-02
-1.9567E-02
-1.1016E-02
-5.6676E-03
-3.5257E-03
-5.9699E-03
-1.1728E-02
-1.6641E-02
-1.9893E-02
-2.3571E-02
-2.5369E-02
-2.2391E-02
-1.7122E-02
-1.1444E-02
-5.9662E-03
-1.7225E-03
2.1541E-03
3.9370E-03
2.0706E-03
-2.3989E-03
-8.5873E-03
-1.4540E-02
-1.8758E-02
-1.8416E-02
-1.2782E-02
-5.8355E-03
-1.7959E-03
-1.6863E-03
-1.6515E-03
4.8724E-04
4.3298E-03
8.4944E-03
1.1622E-02
1.3137E-02
1.1808E-02
1.0700E-02
1.0850E-02
8.8128E-03
4.6285E-03
-4.4635E-04
-6.9205E-03
-1.4802E-02
-1.9374E-02
-1.8305E-02
-1.6702E-02
-1.5903E-02
-1.3913E-02
-1.3885E-02
-1.6898E-02
-1.7174E-02
-1.3581E-02
-1.0324E-02
-9.8440E-03
-1.4082E-02
-2.1438E-02
-2.7836E-02
-3.1449E-02
-3.3717E-02
-3.7696E-02
-4.2290E-02
-4.5371E-02
-4.6027E-02
-4.4283E-02
-4.2686E-02
-4.1145E-02
-4.0469E-02
-4.3078E-02
-4.5791E-02
-4.5447E-02
-4.2639E-02
-3.8588E-02
-3.4757E-02
-2.9721E-02
-2.2498E-02
-1.7400E-02
-1.5883E-02
-1.5257E-02
-1.4854E-02
-1.4129E-02
-1.2035E-02
-9.8626E-03
-9.4569E-03
-9.8811E-03
-1.0399E-02
-1.2017E-02
-1.4075E-02
-1.7219E-02
-2.2612E-02
-2.7814E-02
-3.2820E-02
-3.8509E-02
-4.2664E-02
-4.4360E-02
-4.3599E-02
-4.0772E-02
-3.5298E-02
-2.7597E-02
-2.1231E-02
-1.6565E-02
-1.3419E-02
-1.4985E-02
-2.0944E-02
-2.5311E-02
-2.5714E-02
-2.4961E-02
-2.2690E-02
-1.9723E-02
-1.9696E-02
-2.2545E-02
-2.6018E-02
-2.7430E-02
-2.6077E-02
-2.3554E-02
-2.1025E-02
-1.9639E-02
-1.9361E-02
-2.0104E-02
-2.3364E-02
-2.7444E-02
-2.9264E-02
-2.9524E-02
-2.9803E-02
-3.1162E-02
-3.2800E-02
-3.3169E-02
-3.3276E-02
-3.3664E-02
-3.3831E-02
-3.3696E-02
-3.3526E-02
-3.3578E-02
-3.3361E-02
-3.1093E-02
-2.6171E-02
-2.2348E-02
-2.0418E-02
-1.7864E-02
-1.6367E-02
-1.6417E-02
-1.6218E-02
-1.6099E-02
-1.6207E-02
-1.5465E-02
-1.4659E-02
-1.4815E-02
-1.5501E-02
-1.8063E-02
-2.0774E-02
-2.1046E-02
-2.0458E-02
-1.9468E-02
-1.8840E-02
-1.8370E-02
-1.6005E-02
-1.1230E-02
-4.8087E-03
9.2865E-04
4.5983E-03
5.8193E-03
4.6455E-03
1.7984E-03
-1.6599E-03
-3.2662E-03
-2.2994E-03
-2.5864E-04
2.6157E-04
-2.9312E-03
-8.0134E-03
-1.3446E-02
-1.8630E-02
-2.0359E-02
-1.8547E-02
-1.4155E-02
-6.0496E-03
1.1129E-03
2.8220E-03
2.0536E-03
3.4825E-04
-4.6562E-03
-1.2199E-02
-1.8700E-02
-2.1991E-02
-2.1109E-02
-1.7732E-02
-1.3481E-02
-8.4656E-03
-4.9037E-03
-3.1089E-03
-2.9752E-03
-3.8958E-03
-4.6846E-03
-7.6070E-03
-1.0766E-02
-1.2096E-02
-1.3700E-02
-1.4685E-02
-1.5317E-02
-1.7213E-02
-1.8689E-02
-1.9622E-02
-2.1246E-02
-2.3076E-02
-2.5559E-02
-2.7804E-02
-2.8668E-02
-2.8944E-02
-2.7687E-02
-2.3443E-02
-1.9618E-02
-2.2120E-02
-2.9496E-02
-3.7386E-02
-4.4375E-02
-4.8982E-02
-5.0859E-02
-5.1736E-02
-5.4790E-02
-5.8547E-02
-6.1267E-02
-6.5392E-02
-6.9306E-02
-7.1815E-02
-7.3235E-02
-7.2282E-02
-7.0070E-02
-6.8917E-02
-6.9840E-02
-7.1046E-02
-7.1667E-02
-7.2596E-02
-7.2041E-02
-7.0095E-02
-6.7845E-02
-6.4112E-02
-6.0461E-02
-5.7343E-02
-5.1918E-02
-4.5185E-02
-4.1827E-02
-4.1787E-02
-4.2006E-02
-4.4629E-02
-4.9674E-02
-5.3085E-02
-5.4210E-02
-5.3319E-02
-4.8616E-02
-4.0373E-02
-3.3450E-02
-2.9288E-02
-2.5650E-02
-2.2120E-02
-2.0418E-02
-2.2127E-02
-2.4407E-02
-2.7072E-02
-3.0917E-02
-3.2246E-02
-3.0635E-02
-2.6911E-02
-2.3207E-02
-2.2739E-02
-2.3373E-02
-2.4617E-02
-2.7969E-02
-3.0152E-02
-3.0654E-02
-3.1524E-02
-3.2012E-02
-3.3362E-02
-3.5827E-02
-3.8115E-02
-4.0664E-02
-4.2287E-02
-4.1695E-02
-3.9468E-02
-3.7752E-02
-3.6296E-02
-3.4170E-02
-3.2783E-02
-3.0231E-02
-2.6985E-02
-2.3183E-02
-1.6643E-02
-1.2606E-02
-1.1991E-02
-1.0647E-02
-7.1883E-03
-8.6005E-04
4.8115E-03
8.1305E-03
9.5606E-03
8.7863E-03
7.5390E-03
6.0990E-03
4.9424E-03
4.5620E-03
3.7789E-03
1.4771E-03
-1.8136E-03
-5.0246E-03
-7.3502E-03
-6.8667E-03
-6.0748E-03
-8.1670E-03
-1.0399E-02
-1.0438E-02
-8.7692E-03
-6.6188E-03
-4.9955E-03
-4.4617E-03
-4.7756E-03
-3.8224E-03
1.1565E-04
5.8541E-03
1.1693E-02
1.5829E-02
1.5291E-02
9.5878E-03
6.8636E-04
-1.0604E-02
-2.3124E-02
-3.2422E-02
-3.6521E-02
-3.8232E-02
-3.8303E-02
-3.7458E-02
-3.6530E-02
-3.3390E-02
-2.6959E-02
-1.8382E-02
-1.0668E-02
-6.8231E-03
-8.1145E-03
-1.3015E-02
-1.6555E-02
-1.6033E-02
-1.2571E-02
-7.5572E-03
-2.3081E-03
1.5549E-03
2.9813E-03
4.2281E-03
7.2764E-03
1.0221E-02
1.2380E-02
1.3936E-02
1.4536E-02
1.4201E-02
1.2957E-02
1.1521E-02
8.7572E-03
4.3433E-03
-1.8907E-05
-2.9968E-03
-3.2289E-03
-2.7318E-03
-2.1806E-03
-5.5110E-04
-1.3797E-04
-2.9933E-05
1.8750E-03
5.0091E-03
8.1796E-03
9.6636E-03
9.8022E-03
9.4212E-03
9.2674E-03
1.0274E-02
1.2990E-02
1.8069E-02
2.4025E-02
3.0300E-02
3.6419E-02
4.2201E-02
4.9117E-02
5.4375E-02
5.6837E-02
5.8082E-02
5.5739E-02
4.9642E-02
4.2955E-02
3.6981E-02
3.4596E-02
3.7335E-02
4.1322E-02
4.4883E-02
4.8120E-02
5.1723E-02
5.6492E-02
5.9922E-02
6.2204E-02
6.4132E-02
6.3803E-02
6.3204E-02
6.4269E-02
6.6567E-02
7.1768E-02
7.7881E-02
8.3089E-02
8.9415E-02
9.3868E-02
9.4280E-02
9.4240E-02
9.4601E-02
9.2470E-02
8.9820E-02
8.8784E-02
8.6583E-02
8.3708E-02
8.0746E-02
7.7748E-02
7.4254E-02
6.7956E-02
6.0969E-02
5.5910E-02
5.2708E-02
4.9975E-02
4.9348E-02
5.2914E-02
5.6576E-02
5.8665E-02
5.9609E-02
6.0136E-02
6.2991E-02
6.5722E-02
6.6249E-02
6.6758E-02
6.7458E-02
6.7388E-02
6.6728E-02
6.8000E-02
7.1910E-02
7.4121E-02
7.3439E-02
7.1424E-02
6.8182E-02
6.5825E-02
6.4941E-02
6.4618E-02
6.4188E-02
6.2789E-02
6.0538E-02
5.7429E-02
5.7781E-02
6.1882E-02
6.3901E-02
6.5136E-02
6.7400E-02
6.7898E-02
6.5277E-02
6.2457E-02
6.0432E-02
5.8095E-02
5.8909E-02
6.1425E-02
6.2372E-02
6.3439E-02
6.4798E-02
6.7314E-02
7.0168E-02
6.9983E-02
6.6304E-02
6.0236E-02
5.2344E-02
4.2594E-02
3.2909E-02
2.6943E-02
2.4364E-02
2.3011E-02
2.2149E-02
1.9438E-02
1.6085E-02
1.4055E-02
1.1020E-02
8.9280E-03
9.8867E-03
1.2198E-02
1.3619E-02
1.2881E-02
1.1804E-02
9.8478E-03
5.5460E-03
-4.6645E-04
-6.4159E-03
-1.0112E-02
-1.2370E-02
-1.4093E-02
-1.6074E-02
-1.8319E-02
-1.9398E-02
-1.9248E-02
-1.7150E-02
-1.4293E-02
-1.2915E-02
-1.3174E-02
-1.5992E-02
-2.1521E-02
-2.7888E-02
-3.2934E-02
-3.4601E-02
-3.3501E-02
-3.3045E-02
-3.3516E-02
-3.3625E-02
-3.2356E-02
-2.7628E-02
-2.1080E-02
-1.4745E-02
-9.6604E-03
-6.9442E-03
-5.4833E-03
-5.7828E-03
-7.5388E-03
-7.7782E-03
-5.2845E-03
-3.6261E-03
-4.1432E-03
-3.7661E-03
-4.5588E-03
-5.6618E-03
-5.6216E-03
-8.4209E-03
-1.2707E-02
-1.6155E-02
-1.6155E-02
-1.0886E-02
-3.8119E-03
1.9600E-03
5.2027E-03
7.7534E-03
1.0271E-02
1.0742E-02
8.3859E-03
4.7362E-03
1.4519E-03
-2.4848E-03
-5.7286E-03
-7.5114E-03
-7.6339E-03
-3.9893E-03
1.9702E-03
8.5024E-03
1.3691E-02
1.5534E-02
1.4190E-02
1.0247E-02
5.0402E-03
5.6668E-04
-1.9962E-03
-4.7581E-03
-7.2969E-03
-7.7429E-03
-8.6126E-03
-8.7601E-03
-8.4644E-03
-1.0484E-02
-1.1109E-02
-1.0339E-02
-1.0956E-02
-1.2119E-02
-1.4436E-02
-1.7049E-02
-1.9719E-02
-2.2863E-02
-2.4771E-02
-2.6375E-02
-2.6393E-02
-2.4477E-02
-2.3903E-02
-2.2858E-02
-1.9774E-02
-1.5931E-02
-1.1065E-02
-6.0190E-03
-4.4190E-03
-7.6117E-03
-1.3265E-02
-1.9985E-02
-2.5656E-02
-2.8011E-02
-2.6770E-02
-2.2857E-02
-1.9233E-02
-1.7132E-02
-1.5999E-02
-1.6946E-02
-1.7936E-02
-1.5646E-02
-1.3090E-02
-1.2493E-02
-1.2917E-02
-1.4884E-02
-1.6724E-02
-1.7361E-02
-1.6613E-02
-1.4688E-02
-1.4560E-02
-1.6107E-02
-1.7378E-02
-1.9413E-02
-2.3322E-02
-2.6429E-02
-2.7948E-02
-3.0224E-02
-3.1441E-02
-3.1731E-02
-3.2819E-02
-3.3928E-02
-3.6012E-02
-3.8885E-02
-4.1695E-02
-4.3941E-02
-4.4221E-02
-4.2467E-02
-4.0609E-02
-3.9235E-02
-3.6908E-02
-3.5170E-02
-3.4902E-02
-3.4965E-02
-3.5912E-02
-3.6400E-02
-3.4677E-02
-3.1460E-02
-2.8879E-02
-2.8237E-02
-2.9491E-02
-3.1335E-02
-3.1912E-02
-3.2231E-02
-3.2859E-02
-3.3708E-02
-3.4634E-02
-3.4202E-02
-3.1884E-02
-2.8173E-02
-2.5258E-02
-2.2647E-02
-2.0378E-02
-2.0972E-02
-2.3389E-02
-2.6077E-02
-2.5709E-02
-2.2908E-02
-2.2955E-02
-2.3746E-02
-2.2986E-02
-2.2283E-02
-2.1753E-02
-2.0647E-02
-1.8417E-02
-1.6870E-02
-1.6512E-02
-1.7306E-02
-2.1488E-02
-2.6009E-02
-2.7578E-02
-2.7344E-02
-2.2865E-02
-1.4840E-02
-9.1371E-03
-5.6714E-03
-2.0039E-03
2.0601E-04
-6.0295E-04
-1.1435E-03
7.5391E-04
9.1598E-04
-1.7276E-03
-3.9010E-03
-4.8793E-03
-5.2150E-03
-3.8208E-03
-7.5020E-05
3.8190E-03
7.4574E-03
9.5219E-03
5.1376E-03
-4.0595E-03
-1.2484E-02
-1.9158E-02
-2.2225E-02
-1.9831E-02
-1.6028E-02
-1.1994E-02
-6.6348E-03
-3.4519E-03
-3.0658E-03
-2.6931E-03
-2.4139E-03
-4.7641E-03
-9.2145E-03
-1.3406E-02
-1.7189E-02
-2.0617E-02
-2.2627E-02
-2.1382E-02
-1.9103E-02
-1.6968E-02
-1.3159E-02
-1.0079E-02
-7.6421E-03
-5.0777E-03
-3.4177E-03
-1.1452E-03
1.8084E-03
4.9533E-03
7.6111E-03
8.0301E-03
6.6368E-03
4.9434E-03
3.8676E-03
4.6194E-03
7.3601E-03
1.0244E-02
1.1088E-02
9.7460E-03
8.3313E-03
8.3532E-03
9.4542E-03
1.1932E-02
1.6501E-02
2.0690E-02
2.3406E-02
2.5501E-02
2.6230E-02
2.7491E-02
3.0182E-02
3.2733E-02
3.4813E-02
3.6436E-02
3.8832E-02
4.0928E-02
4.1599E-02
4.2759E-02
4.3916E-02
4.5196E-02
4.6382E-02
4.5785E-02
4.4322E-02
4.2444E-02
4.0791E-02
3.9345E-02
3.7314E-02
3.5667E-02
3.5289E-02
3.4568E-02
3.1335E-02
2.7683E-02
2.4550E-02
2.1459E-02
2.0887E-02
2.2635E-02
2.3779E-02
2.3379E-02
2.2065E-02
2.0873E-02
2.0170E-02
1.8568E-02
1.6949E-02
1.6738E-02
1.6645E-02
1.4677E-02
1.0489E-02
7.4815E-03
6.2956E-03
4.7523E-03
3.0879E-03
2.1284E-03
1.1183E-03
-6.6380E-04
-1.3194E-03
3.7735E-07
3.2822E-03
6.5535E-03
7.3253E-03
8.6135E-03
1.2178E-02
1.7192E-02
2.2524E-02
2.6860E-02
3.1382E-02
3.4753E-02
3.4764E-02
3.3369E-02
3.1742E-02
2.9281E-02
2.7202E-02
2.8062E-02
3.2671E-02
3.8644E-02
4.2357E-02
4.2554E-02
4.0246E-02
3.6244E-02
3.2196E-02
2.9234E-02
2.6277E-02
2.2333E-02
1.8404E-02
1.5942E-02
1.4615E-02
1.5975E-02
1.9995E-02
2.3233E-02
2.5114E-02
2.4643E-02
2.2653E-02
2.2357E-02
2.4235E-02
2.8263E-02
3.1773E-02
3.0177E-02
2.3525E-02
1.7118E-02
1.2578E-02
7.3103E-03
4.0334E-03
5.1205E-03
8.2716E-03
1.1546E-02
1.3784E-02
1.6315E-02
2.0199E-02
2.2796E-02
2.3805E-02
2.4214E-02
2.1996E-02
1.7900E-02
1.4363E-02
1.1378E-02
1.0130E-02
1.1855E-02
1.4964E-02
1.8603E-02
2.2199E-02
2.3625E-02
2.3462E-02
2.2702E-02
1.9210E-02
1.3056E-02
7.1163E-03
1.8049E-03
-3.5221E-03
-8.1030E-03
-9.8443E-03
-6.6938E-03
-1.3441E-03
3.7958E-03
9.2909E-03
1.3163E-02
1.5347E-02
1.7317E-02
1.7612E-02
1.5926E-02
1.2978E-02
8.8026E-03
5.8588E-03
5.1934E-03
6.0719E-03
1.0249E-02
1.4376E-02
1.4646E-02
1.3786E-02
1.2878E-02
1.2558E-02
1.1659E-02
9.7243E-03
1.0909E-02
1.2434E-02
1.0564E-02
8.6290E-03
8.1416E-03
8.1419E-03
8.3777E-03
8.8888E-03
9.6099E-03
1.0485E-02
1.1996E-02
1.4984E-02
1.9421E-02
2.5178E-02
3.1778E-02
3.5238E-02
3.4179E-02
3.2099E-02
2.9482E-02
2.5947E-02
2.3449E-02
2.3972E-02
2.6386E-02
2.7171E-02
2.6985E-02
2.7665E-02
2.7603E-02
2.5673E-02
2.3194E-02
1.9949E-02
1.5368E-02
1.2197E-02
1.0608E-02
1.0521E-02
1.2690E-02
1.4561E-02
1.5687E-02
1.6583E-02
1.7275E-02
1.6708E-02
1.4332E-02
1.2686E-02
1.2349E-02
1.3242E-02
1.5140E-02
1.7574E-02
1.9199E-02
1.8553E-02
1.7903E-02
1.6268E-02
1.1911E-02
8.1454E-03
5.7531E-03
4.0507E-03
3.9921E-03
4.6625E-03
6.1153E-03
7.8241E-03
6.9928E-03
5.0929E-03
3.1835E-03
1.0057E-03
6.3701E-04
7.5092E-04
-3.5721E-04
-3.1183E-03
-8.7341E-03
-1.4342E-02
-1.6405E-02
-1.5843E-02
-1.3827E-02
-1.1084E-02
-9.2091E-03
-8.4651E-03
-9.0825E-03
-1.0060E-02
-9.4640E-03
-9.4859E-03
-1.1889E-02
-1.5368E-02
-1.8156E-02
-1.9463E-02
-2.0922E-02
-2.0674E-02
-1.6861E-02
-1.3309E-02
-1.0968E-02
-8.4515E-03
-6.3705E-03
-5.4104E-03
-5.8819E-03
-6.6088E-03
-7.0319E-03
-8.4857E-03
-1.0900E-02
-1.3323E-02
-1.4833E-02
-1.3935E-02
-1.2650E-02
-1.4104E-02
-1.7458E-02
-2.2621E-02
-2.8398E-02
-3.1868E-02
-3.3815E-02
-3.4860E-02
-3.4562E-02
-3.3822E-02
-3.3794E-02
-3.3696E-02
-3.2214E-02
-3.0444E-02
-2.8919E-02
-2.9409E-02
-3.2399E-02
-3.5267E-02
-3.8456E-02
-3.9323E-02
-3.5737E-02
-3.1407E-02
-2.7000E-02
-2.3034E-02
-2.0358E-02
-1.7887E-02
-1.7270E-02
-2.0483E-02
-2.5714E-02
-3.0374E-02
-3.4886E-02
-3.8357E-02
-4.0245E-02
-4.1585E-02
-3.9855E-02
-3.7363E-02
-3.6672E-02
-3.4075E-02
-3.0544E-02
-2.8624E-02
-2.9623E-02
-3.2218E-02
-3.2627E-02
-3.2324E-02
-3.2433E-02
-3.0815E-02
-2.7417E-02
-2.4297E-02
-2.1479E-02
-1.7685E-02
-1.4269E-02
-1.2583E-02
-1.2133E-02
-1.1833E-02
-1.0974E-02
-1.0053E-02
-1.1191E-02
-1.3735E-02
-1.3712E-02
-1.0156E-02
-6.4340E-03
-5.7867E-03
-6.2827E-03
-7.1325E-03
-9.7301E-03
-1.2444E-02
-1.5897E-02
-1.8342E-02
-1.6533E-02
-1.4324E-02
-1.3192E-02
-1.1354E-02
-1.0398E-02
-1.0463E-02
-1.0795E-02
-1.0914E-02
-1.0186E-02
-1.0314E-02
-1.1643E-02
-1.2191E-02
-1.1044E-02
-9.3172E-03
-8.0798E-03
-6.9959E-03
-7.0220E-03
-8.6587E-03
-1.1038E-02
-1.4191E-02
-1.6872E-02
-1.7437E-02
-1.6295E-02
-1.4500E-02
-1.1371E-02
-7.3091E-03
-5.9482E-03
-6.5813E-03
-6.3009E-03
-6.2973E-03
-7.4582E-03
-9.7154E-03
-1.1624E-02
-1.2404E-02
-1.1985E-02
-8.7454E-03
-5.7693E-03
-4.7731E-03
-3.7931E-03
-4.2173E-03
-5.0734E-03
-4.8057E-03
-4.3848E-03
-4.6567E-03
-6.6637E-03
-8.5907E-03
-9.4082E-03
-1.0727E-02
-1.2420E-02
-1.3644E-02
-1.3242E-02
-1.0005E-02
-4.7166E-03
-1.3621E-04
3.0897E-03
6.1772E-03
7.6334E-03
6.9313E-03
5.8306E-03
4.0785E-03
1.3653E-03
-1.1986E-03
-3.2712E-03
-4.4280E-03
-4.5382E-03
-5.5721E-03
-8.0018E-03
-1.0723E-02
-1.4446E-02
-1.7616E-02
-1.8695E-02
-2.1568E-02
-2.6317E-02
-2.8914E-02
-3.0700E-02
-3.2578E-02
-3.2931E-02
-3.2758E-02
-3.2353E-02
-3.0795E-02
-2.8883E-02
-2.6534E-02
-2.2379E-02
-1.8512E-02
-1.6473E-02
-1.4128E-02
-1.2453E-02
-1.2710E-02
-1.2886E-02
-1.3009E-02
-1.5280E-02
-1.9624E-02
-2.3201E-02
-2.5902E-02
-2.9748E-02
-3.3168E-02
-3.4346E-02
-3.4377E-02
-3.5212E-02
-3.6708E-02
-3.7069E-02
-3.7695E-02
-3.9206E-02
-3.8902E-02
-3.6679E-02
-3.3836E-02
-3.1165E-02
-2.9527E-02
-2.9189E-02
-2.9761E-02
-3.0752E-02
-3.2100E-02
-3.1568E-02
-2.8531E-02
-2.6428E-02
-2.5923E-02
-2.5433E-02
-2.5911E-02
-2.7890E-02
-2.8398E-02
-2.7562E-02
-2.7226E-02
-2.7144E-02
-2.8638E-02
-3.0807E-02
-3.3026E-02
-3.5055E-02
-3.4432E-02
-3.2686E-02
-3.1043E-02
-2.8669E-02
-2.7619E-02
-2.8137E-02
-2.8087E-02
-2.8099E-02
-2.9044E-02
-2.9890E-02
-2.8998E-02
-2.6371E-02
-2.4053E-02
-2.1727E-02
-1.8892E-02
-1.6700E-02
-1.7015E-02
-2.0299E-02
-2.3851E-02
-2.7205E-02
-2.8847E-02
-2.8467E-02
-2.8435E-02
-2.6286E-02
-2.3616E-02
-2.2715E-02
-2.0975E-02
-1.9030E-02
-1.7484E-02
-1.7336E-02
-1.8715E-02
-1.9856E-02
-2.1974E-02
-2.4460E-02
-2.6537E-02
-2.7791E-02
-2.6229E-02
-2.2844E-02
-1.8878E-02
-1.5589E-02
-1.3582E-02
-1.2724E-02
-1.3363E-02
-1.2978E-02
-1.2300E-02
-1.2855E-02
-1.2495E-02
-1.1982E-02
-1.1466E-02
-1.0449E-02
-1.0705E-02
-1.1276E-02
-1.0554E-02
-8.6117E-03
-4.9999E-03
-1.7742E-03
1.8436E-04
2.7557E-03
3.2055E-03
9.2478E-04
1.3995E-04
1.2842E-03
2.2364E-03
2.9492E-03
4.0545E-03
5.5742E-03
8.6345E-03
1.1495E-02
1.2333E-02
1.3749E-02
1.6265E-02
1.8018E-02
1.8723E-02
1.9457E-02
1.9039E-02
1.6727E-02
1.4528E-02
1.2792E-02
1.1797E-02
1.1985E-02
1.2736E-02
1.2323E-02
1.0274E-02
8.7792E-03
7.2250E-03
4.2777E-03
2.3626E-03
2.8701E-03
2.4793E-03
3.5709E-04
6.5306E-04
2.8834E-03
4.5636E-03
6.6355E-03
8.2883E-03
8.5893E-03
8.3697E-03
7.0041E-03
2.8024E-03
-2.1056E-03
-3.1978E-03
-2.4996E-03
-2.3247E-03
-7.3744E-04
1.5485E-03
3.7318E-03
4.9669E-03
4.8829E-03
4.9616E-03
4.6944E-03
4.1774E-03
4.7893E-03
6.8618E-03
8.3441E-03
7.7581E-03
8.2049E-03
9.7622E-03
1.0021E-02
9.8129E-03
8.1445E-03
5.3538E-03
4.8257E-03
5.3591E-03
5.2371E-03
6.5824E-03
1.0075E-02
1.5010E-02
1.9593E-02
2.1310E-02
2.1447E-02
2.0715E-02
1.7773E-02
1.4201E-02
1.1324E-02
9.6083E-03
9.6052E-03
1.0178E-02
1.0809E-02
1.1895E-02
1.3831E-02
1.5401E-02
1.4906E-02
1.4154E-02
1.3434E-02
1.0937E-02
7.0561E-03
2.9695E-03
3.3105E-04
-7.0114E-04
-5.7116E-04
1.4647E-03
5.5911E-03
1.0135E-02
1.1397E-02
1.0029E-02
9.5174E-03
8.9720E-03
8.7694E-03
1.0951E-02
1.3510E-02
1.4324E-02
1.4673E-02
1.5099E-02
1.4267E-02
1.3666E-02
1.3601E-02
1.1614E-02
9.8944E-03
9.7838E-03
9.7927E-03
1.1341E-02
1.4675E-02
1.8995E-02
2.2152E-02
2.1452E-02
1.9486E-02
1.9049E-02
1.9657E-02
2.0744E-02
2.2809E-02
2.5064E-02
2.5811E-02
2.6230E-02
2.5971E-02
2.4740E-02
2.6244E-02
2.8837E-02
2.8407E-02
2.8449E-02
3.1099E-02
3.2492E-02
3.2681E-02
3.4521E-02
3.6220E-02
3.6176E-02
3.7259E-02
3.9600E-02
4.2718E-02
4.8327E-02
5.3639E-02
5.7376E-02
5.9358E-02
5.7711E-02
5.5131E-02
5.1222E-02
4.5531E-02
4.2928E-02
4.2232E-02
4.1704E-02
4.4642E-02
5.0119E-02
5.5371E-02
6.0731E-02
6.4232E-02
6.3542E-02
6.1967E-02
6.1575E-02
6.0965E-02
5.9820E-02
5.8347E-02
5.6722E-02
5.4532E-02
5.2478E-02
5.0171E-02
4.7217E-02
4.5811E-02
4.5034E-02
4.3355E-02
4.1853E-02
4.0829E-02
3.9964E-02
4.0261E-02
4.1457E-02
4.1314E-02
3.9225E-02
3.6583E-02
3.4019E-02
3.0089E-02
2.6741E-02
2.6065E-02
2.5049E-02
2.4022E-02
2.5146E-02
2.5870E-02
2.5355E-02
2.5815E-02
2.6371E-02
2.5975E-02
2.4658E-02
2.2178E-02
2.0348E-02
1.9422E-02
1.8475E-02
1.9090E-02
2.1252E-02
2.4045E-02
2.7280E-02
2.8244E-02
2.8165E-02
3.0327E-02
3.2801E-02
3.4441E-02
3.4221E-02
3.2431E-02
3.1308E-02
2.9065E-02
2.5478E-02
2.3140E-02
2.1935E-02
2.0207E-02
1.8310E-02
1.7462E-02
1.6104E-02
1.2935E-02
8.9001E-03
5.1649E-03
2.6225E-03
1.8362E-04
-2.8152E-03
-3.8552E-03
-1.4392E-03
2.7724E-03
6.6827E-03
9.2732E-03
1.0520E-02
1.1652E-02
1.1832E-02
8.8933E-03
4.8085E-03
1.2109E-03
-2.9145E-03
-7.0529E-03
-1.0087E-02
-1.1715E-02
-1.2585E-02
-1.2452E-02
-1.1584E-02
-1.2422E-02
-1.4827E-02
-1.7745E-02
-2.0966E-02
-2.3028E-02
-2.3205E-02
-2.1663E-02
-1.9912E-02
-2.0906E-02
-2.4352E-02
-2.6431E-02
-2.5680E-02
-2.3186E-02
-2.0560E-02
-1.9406E-02
-1.8956E-02
-1.8918E-02
-1.8849E-02
-1.6590E-02
-1.3999E-02
-1.2597E-02
-1.0689E-02
-1.0832E-02
-1.3876E-02
-1.5311E-02
-1.5023E-02
-1.4045E-02
-1.0478E-02
-5.9643E-03
-3.1238E-03
-1.1022E-03
6.0111E-04
1.6155E-03
3.7545E-03
7.0844E-03
9.5330E-03
1.1352E-02
1.1066E-02
8.2055E-03
4.5860E-03
-1.0666E-04
-3.8849E-03
-5.7821E-03
-6.6671E-03
-6.3611E-03
-6.1027E-03
-6.2623E-03
-7.1699E-03
-8.6811E-03
-8.8518E-03
-8.0458E-03
-8.6087E-03
-9.2672E-03
-8.1899E-03
-7.5012E-03
-7.1618E-03
-5.4998E-03
-1.5034E-03
4.3158E-03
8.3685E-03
1.1541E-02
1.3503E-02
1.1464E-02
1.0229E-02
1.0815E-02
1.0398E-02
9.7093E-03
8.4333E-03
7.1273E-03
5.6497E-03
4.0295E-03
2.7544E-03
1.5596E-03
9.7393E-04
-1.5996E-03
-6.0602E-03
-9.1240E-03
-1.1294E-02
-1.2429E-02
-1.0878E-02
-7.4297E-03
-5.1789E-03
-4.4872E-03
-3.1652E-03
-2.0743E-03
-2.8386E-03
-4.1578E-03
-4.5919E-03
-4.9343E-03
-5.1761E-03
-4.7937E-03
-4.5593E-03
-5.1153E-03
-5.6185E-03
-5.0538E-03
-5.4324E-03
-6.8293E-03
-8.6084E-03
-1.3562E-02
-2.0288E-02
-2.5420E-02
-2.7794E-02
-2.6372E-02
-2.2504E-02
-1.8376E-02
-1.5182E-02
-1.3769E-02
-1.3505E-02
-1.4239E-02
-1.6251E-02
-1.7529E-02
-1.7768E-02
-1.9669E-02
-2.2524E-02
-2.4165E-02
-2.6011E-02
-2.8087E-02
-2.9521E-02
-3.0605E-02
-3.0314E-02
-2.9547E-02
-2.8774E-02
-2.7983E-02
-2.8571E-02
-2.9417E-02
-2.9670E-02
-2.9458E-02
-2.8625E-02
-2.8194E-02
-2.8907E-02
-3.0500E-02
-3.3178E-02
-3.6158E-02
-3.7795E-02
-3.8268E-02
-3.7857E-02
-3.7321E-02
-3.6286E-02
-3.4601E-02
-3.4034E-02
-3.3948E-02
-3.5127E-02
-3.7331E-02
-3.8880E-02
-4.0818E-02
-4.2129E-02
-4.2967E-02
-4.2971E-02
-4.0027E-02
-3.6798E-02
-3.4166E-02
-3.0257E-02
-2.7098E-02
-2.6164E-02
-2.4863E-02
-2.3415E-02
-2.4425E-02
-2.5093E-02
-2.3901E-02
-2.3664E-02
-2.4217E-02
-2.4218E-02
-2.3359E-02
-2.2622E-02
-2.3232E-02
-2.4322E-02
-2.4542E-02
-2.2379E-02
-1.7984E-02
-1.4924E-02
-1.3189E-02
-1.0565E-02
-1.0150E-02
-1.1205E-02
-1.0923E-02
-1.2382E-02
-1.4338E-02
-1.5751E-02
-1.9474E-02
-2.3532E-02
-2.6520E-02
-2.8131E-02
-2.7407E-02
-2.5009E-02
-2.1339E-02
-1.8410E-02
-1.7068E-02
-1.6411E-02
-1.6147E-02
-1.5164E-02
-1.3819E-02
-1.2824E-02
-1.1916E-02
-1.1157E-02
-1.1069E-02
-1.1243E-02
-1.0019E-02
-8.4662E-03
-8.0913E-03
-7.8891E-03
-7.5372E-03
-7.4606E-03
-8.6256E-03
-1.0532E-02
-1.1340E-02
-1.2966E-02
-1.5560E-02
-1.6468E-02
-1.6599E-02
-1.6597E-02
-1.5961E-02
-1.4705E-02
-1.3161E-02
-1.1297E-02
-9.3779E-03
-7.6249E-03
-5.2309E-03
-3.9014E-03
-2.7398E-03
-8.5207E-04
-9.0091E-04
-1.2022E-03
-3.9720E-04
5.8281E-04
1.1874E-03
1.9216E-03
3.6149E-03
4.7132E-03
5.9401E-03
8.4274E-03
9.8497E-03
1.0125E-02
1.0049E-02
8.2695E-03
6.1997E-03
5.2963E-03
5.2559E-03
6.8660E-03
9.4280E-03
1.1214E-02
1.2041E-02
1.3526E-02
1.4427E-02
1.3644E-02
1.3996E-02
1.3459E-02
1.1036E-02
1.0610E-02
1.0136E-02
8.0061E-03
6.7620E-03
6.5964E-03
8.7534E-03
1.2149E-02
1.4462E-02
1.7758E-02
2.1342E-02
2.3228E-02
2.3206E-02
2.1279E-02
1.8579E-02
1.6329E-02
1.4435E-02
1.1700E-02
9.4529E-03
9.1749E-03
9.8216E-03
9.8868E-03
7.6573E-03
4.6431E-03
4.0149E-03
3.8620E-03
2.3523E-03
1.6412E-03
1.0614E-03
-3.1666E-04
-2.2458E-03
-4.7767E-03
-5.0010E-03
-3.7550E-03
-4.7739E-03
-6.1631E-03
-5.7423E-03
-5.1607E-03
-5.5625E-03
-6.5852E-03
-6.5722E-03
-5.0259E-03
-4.4514E-03
-3.3563E-03
2.9798E-04
2.3856E-03
2.2318E-03
3.0942E-03
4.2550E-03
4.7905E-03
6.8504E-03
1.0261E-02
1.2032E-02
1.3085E-02
1.4830E-02
1.4913E-02
1.4199E-02
1.5560E-02
1.7184E-02
1.7291E-02
1.7853E-02
1.8999E-02
1.9133E-02
1.9278E-02
2.0675E-02
2.2160E-02
2.2677E-02
2.4647E-02
2.8853E-02
3.1114E-02
3.0529E-02
3.0048E-02
2.9822E-02
2.8794E-02
2.7805E-02
2.7029E-02
2.6119E-02
2.4704E-02
2.1903E-02
1.9421E-02
1.8051E-02
1.6961E-02
1.6915E-02
1.7367E-02
1.7720E-02
1.8210E-02
1.8960E-02
2.0777E-02
2.3016E-02
2.3618E-02
2.2579E-02
2.1474E-02
2.1545E-02
2.2821E-02
2.2686E-02
2.0272E-02
1.8598E-02
1.9015E-02
1.9950E-02
2.1408E-02
2.3772E-02
2.3183E-02
1.9537E-02
1.8234E-02
1.8428E-02
1.7475E-02
1.7997E-02
2.0971E-02
2.3034E-02
2.2446E-02
2.1860E-02
2.2996E-02
2.5226E-02
2.7833E-02
2.9257E-02
2.8490E-02
2.7216E-02
2.6829E-02
2.5417E-02
2.3841E-02
2.5437E-02
2.8438E-02
2.9131E-02
2.7945E-02
2.5917E-02
2.1279E-02
1.7176E-02
1.6601E-02
1.6422E-02
1.6554E-02
1.7645E-02
1.9201E-02
1.9962E-02
1.9292E-02
1.9062E-02
1.8444E-02
1.7434E-02
1.7343E-02
1.7535E-02
1.7095E-02
1.7184E-02
1.9420E-02
2.1366E-02
2.2298E-02
2.3170E-02
2.2207E-02
1.9258E-02
1.5525E-02
1.0725E-02
5.8185E-03
3.9603E-03
4.7152E-03
6.7447E-03
1.1152E-02
1.6184E-02
1.9731E-02
2.1051E-02
1.9254E-02
1.6185E-02
1.4173E-02
1.1587E-02
7.6065E-03
4.7256E-03
3.2870E-03
3.2745E-03
4.9868E-03
8.8722E-03
1.4399E-02
1.6388E-02
1.5989E-02
1.6023E-02
1.2173E-02
6.6298E-03
3.1405E-03
5.6925E-04
-1.1142E-03
-1.7581E-03
-7.0891E-04
1.3595E-03
3.9773E-03
8.0651E-03
1.1234E-02
1.0843E-02
8.5905E-03
6.4009E-03
3.9277E-03
2.2029E-03
2.1123E-03
3.3875E-03
5.8168E-03
7.7820E-03
9.0660E-03
1.1127E-02
1.2819E-02
1.2941E-02
1.2573E-02
1.0987E-02
8.4343E-03
7.2000E-03
7.9587E-03
1.0405E-02
1.3077E-02
1.5143E-02
1.6033E-02
1.4510E-02
9.4595E-03
2.4047E-03
-2.7064E-03
-5.0333E-03
-5.0405E-03
-3.9444E-03
-1.9399E-03
1.6863E-03
3.6478E-03
3.9844E-03
6.6949E-03
1.0866E-02
1.1849E-02
9.2938E-03
6.9552E-03
5.5998E-03
4.6858E-03
3.4382E-03
1.9640E-03
2.8601E-03
5.4163E-03
7.6721E-03
8.5171E-03
7.8492E-03
7.7956E-03
7.1196E-03
5.0932E-03
4.1689E-03
4.1723E-03
4.1186E-03
4.7534E-03
6.9619E-03
9.6914E-03
1.1192E-02
1.0915E-02
9.8560E-03
9.9994E-03
1.0368E-02
8.9044E-03
7.5063E-03
7.1158E-03
6.5524E-03
7.4880E-03
1.0154E-02
1.3031E-02
1.5024E-02
1.4583E-02
1.3274E-02
1.0777E-02
6.5816E-03
3.6383E-03
9.7938E-04
-4.8137E-04
-2.6145E-04
-1.5736E-03
-1.2686E-03
1.4139E-03
3.0358E-03
4.3275E-03
4.8831E-03
3.7528E-03
1.6936E-03
1.3649E-04
4.7922E-04
1.3758E-03
6.8093E-04
4.8387E-04
3.8254E-03
5.1393E-03
1.2827E-03
-1.6431E-03
-4.1482E-03
-7.5426E-03
-8.8489E-03
-9.0994E-03
-1.0020E-02
-1.2125E-02
-1.2809E-02
-1.1544E-02
-1.1170E-02
-1.0120E-02
-8.3550E-03
-7.3632E-03
-7.3149E-03
-8.4961E-03
-1.0464E-02
-1.3086E-02
-1.4023E-02
-1.3427E-02
-1.3794E-02
-1.4461E-02
-1.5488E-02
-1.6945E-02
-1.9480E-02
-2.2750E-02
-2.5010E-02
-2.7013E-02
-2.8119E-02
-2.8325E-02
-2.8736E-02
-2.8795E-02
-2.7828E-02
-2.5449E-02
-2.2410E-02
-1.9302E-02
-1.7313E-02
-1.7142E-02
-1.7901E-02
-2.0047E-02
-2.1910E-02
-1.9800E-02
-1.6440E-02
-1.5993E-02
-1.5858E-02
-1.5238E-02
-1.5521E-02
-1.5360E-02
-1.4336E-02
-1.3164E-02
-1.2980E-02
-1.3924E-02
-1.4779E-02
-1.5662E-02
-1.7280E-02
-1.9111E-02
-2.0247E-02
-2.1118E-02
-2.3145E-02
-2.3361E-02
-2.0357E-02
-1.9634E-02
-1.9735E-02
-1.8412E-02
-1.9513E-02
-2.1157E-02
-2.1658E-02
-2.2506E-02
-2.3360E-02
-2.3396E-02
-2.1871E-02
-1.9871E-02
-1.7953E-02
-1.5716E-02
-1.4173E-02
-1.3784E-02
-1.4344E-02
-1.6443E-02
-1.9233E-02
-1.8495E-02
-1.4519E-02
-1.1771E-02
-8.8582E-03
-5.1316E-03
-3.7464E-03
-4.0988E-03
-4.6638E-03
-5.5660E-03
-5.9077E-03
-5.7094E-03
-6.7006E-03
-8.5671E-03
-1.0049E-02
-1.1177E-02
-1.2262E-02
-1.1025E-02
-6.5123E-03
-3.9756E-03
-3.0284E-03
-3.8313E-04
2.4776E-04
-1.2699E-03
-2.4349E-03
-3.7506E-03
-5.4103E-03
-6.5634E-03
-5.9595E-03
-4.2997E-03
-3.7435E-03
-4.0741E-03
-3.0302E-03
-3.1034E-03
-6.5043E-03
-9.6546E-03
-1.3032E-02
-1.7360E-02
-2.0327E-02
-2.2191E-02
-2.2191E-02
-2.0184E-02
-1.7945E-02
-1.5983E-02
-1.5363E-02
-1.6890E-02
-1.8095E-02
-1.7745E-02
-1.7954E-02
-1.8229E-02
-1.7506E-02
-1.6518E-02
-1.5970E-02
-1.7178E-02
-1.8964E-02
-2.0255E-02
-2.2165E-02
-2.3487E-02
-2.3624E-02
-2.4237E-02
-2.5835E-02
-2.6803E-02
-2.7129E-02
-2.7906E-02
-2.6558E-02
-2.3304E-02
-2.1455E-02
-2.0304E-02
-1.8644E-02
-1.6391E-02
-1.4835E-02