5.1770E+03
5.0000E-03
-1.7118E-02
-1.7064E-02
-1.7009E-02
-1.6956E-02
-1.6905E-02
-1.6854E-02
-1.6799E-02
-1.6744E-02
-1.6690E-02
-1.6632E-02
-1.6571E-02
-1.6512E-02
-1.6455E-02
-1.6401E-02
-1.6356E-02
-1.6318E-02
-1.6275E-02
-1.6224E-02
-1.6172E-02
-1.6123E-02
-1.6069E-02
-1.5994E-02
-1.5894E-02
-1.5787E-02
-1.5713E-02
-1.5696E-02
-1.5709E-02
-1.5707E-02
-1.5675E-02
-1.5631E-02
-1.5570E-02
-1.5462E-02
-1.5360E-02
-1.5347E-02
-1.5341E-02
-1.5225E-02
-1.5037E-02
-1.4861E-02
-1.4745E-02
-1.4707E-02
-1.4758E-02
-1.4857E-02
-1.4939E-02
-1.4951E-02
-1.4909E-02
-1.4857E-02
-1.4805E-02
-1.4761E-02
-1.4730E-02
-1.4660E-02
-1.4450E-02
-1.4122E-02
-1.3879E-02
-1.3971E-02
-1.4274E-02
-1.4416E-02
-1.4375E-02
-1.4291E-02
-1.4128E-02
-1.3814E-02
-1.3414E-02
-1.3090E-02
-1.2968E-02
-1.2949E-02
-1.2815E-02
-1.2466E-02
-1.2190E-02
-1.2287E-02
-1.2465E-02
-1.2490E-02
-1.2590E-02
-1.2914E-02
-1.3312E-02
-1.3552E-02
-1.3572E-02
-1.3529E-02
-1.3416E-02
-1.3056E-02
-1.2484E-02
-1.1917E-02
-1.1560E-02
-1.1441E-02
-1.1390E-02
-1.1293E-02
-1.1201E-02
-1.1325E-02
-1.1804E-02
-1.2448E-02
-1.2756E-02
-1.2382E-02
-1.1683E-02
-1.0851E-02
-9.6903E-03
-8.5187E-03
-7.9622E-03
-7.8650E-03
-7.8157E-03
-7.6912E-03
-7.4656E-03
-7.2756E-03
-7.6470E-03
-8.7064E-03
-9.4986E-03
-9.7610E-03
-1.0190E-02
-1.0501E-02
-1.0012E-02
-9.3493E-03
-9.0152E-03
-8.5042E-03
-7.5356E-03
-6.4469E-03
-5.7086E-03
-5.4566E-03
-5.3827E-03
-5.2768E-03
-5.1134E-03
-4.9079E-03
-4.8605E-03
-5.2834E-03
-5.9354E-03
-6.2253E-03
-6.1893E-03
-5.9713E-03
-5.2866E-03
-4.4123E-03
-4.3892E-03
-5.6241E-03
-7.6703E-03
-9.5606E-03
-1.0728E-02
-1.1242E-02
-1.0873E-02
-9.0176E-03
-5.5381E-03
-7.6028E-04
4.1315E-03
7.6602E-03
8.9984E-03
8.8266E-03
7.8369E-03
6.0723E-03
3.7285E-03
1.8027E-03
1.7659E-03
3.8993E-03
5.8552E-03
6.5654E-03
7.4899E-03
8.9856E-03
9.5777E-03
7.9230E-03
4.3590E-03
7.9250E-04
-2.5250E-03
-6.5013E-03
-1.0203E-02
-1.2028E-02
-1.1829E-02
-1.0190E-02
-7.4291E-03
-3.5428E-03
9.8901E-04
4.5795E-03
6.6609E-03
8.2689E-03
1.0131E-02
1.2043E-02
1.3316E-02
1.3586E-02
1.3435E-02
1.4358E-02
1.7318E-02
2.0721E-02
2.2858E-02
2.3717E-02
2.4093E-02
2.4365E-02
2.3983E-02
2.2777E-02
2.1939E-02
2.2170E-02
2.2665E-02
2.1781E-02
1.8970E-02
1.6049E-02
1.4038E-02
1.2358E-02
1.1095E-02
1.0818E-02
1.1023E-02
1.1385E-02
1.2504E-02
1.5001E-02
1.8764E-02
2.2382E-02
2.4727E-02
2.5827E-02
2.5772E-02
2.4450E-02
2.2427E-02
2.0648E-02
1.9841E-02
1.9853E-02
2.0017E-02
2.0601E-02
2.2559E-02
2.6041E-02
3.0064E-02
3.3182E-02
3.5376E-02
3.7711E-02
4.0520E-02
4.2083E-02
4.0360E-02
3.7348E-02
3.6240E-02
3.5861E-02
3.4493E-02
3.3239E-02
3.3595E-02
3.5599E-02
3.7524E-02
3.7897E-02
3.7453E-02
3.8487E-02
4.2084E-02
4.4466E-02
4.1898E-02
3.6828E-02
3.2449E-02
2.9520E-02
2.7879E-02
2.7606E-02
2.8543E-02
3.1020E-02
3.5875E-02
4.3409E-02
5.2284E-02
5.8614E-02
5.9791E-02
5.7239E-02
5.2041E-02
4.4238E-02
3.5732E-02
2.8455E-02
2.2589E-02
1.8856E-02
1.8697E-02
2.2128E-02
2.8646E-02
3.7023E-02
4.5757E-02
5.3678E-02
6.1031E-02
6.7763E-02
7.1984E-02
7.3096E-02
7.3082E-02
7.1931E-02
6.8640E-02
6.5676E-02
6.4469E-02
6.2435E-02
5.8408E-02
5.3548E-02
4.7992E-02
4.1887E-02
3.7130E-02
3.4238E-02
3.1991E-02
3.1009E-02
3.2339E-02
3.4007E-02
3.4424E-02
3.4256E-02
3.4235E-02
3.4338E-02
3.4392E-02
3.4424E-02
3.4483E-02
3.4493E-02
3.4504E-02
3.5159E-02
3.7333E-02
4.1129E-02
4.5488E-02
4.8691E-02
5.0056E-02
5.0652E-02
5.2921E-02
5.6682E-02
5.8889E-02
5.7876E-02
5.3945E-02
4.9018E-02
4.4490E-02
4.1088E-02
3.9858E-02
4.1130E-02
4.3230E-02
4.6539E-02
5.3203E-02
6.0509E-02
6.3458E-02
6.2674E-02
5.9944E-02
5.5078E-02
4.9273E-02
4.5224E-02
4.3421E-02
4.3503E-02
4.5768E-02
5.0014E-02
5.4887E-02
5.9556E-02
6.4163E-02
6.8939E-02
7.3260E-02
7.5654E-02
7.4543E-02
6.9045E-02
6.0888E-02
5.1946E-02
4.3653E-02
3.7434E-02
3.4039E-02
3.1982E-02
2.9786E-02
2.8031E-02
2.9347E-02
3.5729E-02
4.4926E-02
5.4754E-02
6.5484E-02
7.5543E-02
8.1582E-02
8.3901E-02
8.3797E-02
8.0043E-02
7.1916E-02
6.2066E-02
5.3091E-02
4.5791E-02
3.9839E-02
3.5074E-02
3.1569E-02
2.9684E-02
2.9338E-02
2.8239E-02
2.4183E-02
1.8518E-02
1.5690E-02
1.9027E-02
2.5283E-02
3.0966E-02
3.7653E-02
4.5657E-02
5.1417E-02
5.2417E-02
4.8910E-02
4.3937E-02
3.9105E-02
3.4328E-02
3.0820E-02
2.9648E-02
2.8769E-02
2.7510E-02
2.8646E-02
3.2900E-02
3.8014E-02
4.2083E-02
4.4569E-02
4.5782E-02
4.5717E-02
4.4164E-02
4.1652E-02
3.9477E-02
3.9231E-02
4.1126E-02
4.3705E-02
4.6139E-02
4.8374E-02
4.9961E-02
4.9987E-02
4.7631E-02
4.2191E-02
3.3933E-02
2.5918E-02
2.0879E-02
1.8794E-02
1.9278E-02
2.2550E-02
2.8175E-02
3.4660E-02
3.8912E-02
3.8418E-02
3.3424E-02
2.7185E-02
2.1896E-02
1.6297E-02
1.0410E-02
7.0260E-03
8.1260E-03
1.4005E-02
2.2528E-02
3.1216E-02
3.8000E-02
4.2452E-02
4.5319E-02
4.6504E-02
4.4277E-02
3.7770E-02
2.9922E-02
2.5207E-02
2.3763E-02
2.3699E-02
2.4470E-02
2.7422E-02
3.3227E-02
3.8525E-02
4.0090E-02
3.9821E-02
3.9129E-02
3.6709E-02
3.1979E-02
2.5318E-02
1.7226E-02
8.6816E-03
1.7100E-03
-2.4377E-03
-3.5507E-03
-1.4311E-03
5.0825E-03
1.5992E-02
2.9256E-02
4.1989E-02
5.2546E-02
5.9875E-02
6.3508E-02
6.3812E-02
6.2210E-02
5.9564E-02
5.5307E-02
4.8732E-02
3.9948E-02
3.0386E-02
2.1457E-02
1.4125E-02
8.8945E-03
6.3041E-03
6.4620E-03
9.6352E-03
1.5444E-02
2.1520E-02
2.7022E-02
3.3376E-02
3.8108E-02
3.6183E-02
2.7670E-02
1.4132E-02
-3.5582E-03
-2.2692E-02
-3.8375E-02
-4.8196E-02
-5.1807E-02
-4.9083E-02
-3.6839E-02
-1.3309E-02
1.4871E-02
3.8578E-02
5.5837E-02
6.7702E-02
7.5374E-02
7.9998E-02
8.2799E-02
8.5095E-02
8.7366E-02
8.9643E-02
9.2184E-02
9.4827E-02
9.5455E-02
9.2044E-02
8.6000E-02
7.9116E-02
7.2115E-02
6.5662E-02
6.0612E-02
5.7618E-02
5.7887E-02
6.2128E-02
6.8904E-02
7.6119E-02
8.3077E-02
8.9973E-02
9.6910E-02
1.0393E-01
1.1100E-01
1.1746E-01
1.2225E-01
1.2540E-01
1.2842E-01
1.3256E-01
1.3548E-01
1.3459E-01
1.3183E-01
1.2936E-01
1.2718E-01
1.2498E-01
1.2270E-01
1.1979E-01
1.1493E-01
1.0751E-01
9.8778E-02
8.9463E-02
7.7114E-02
6.0047E-02
4.1084E-02
2.2157E-02
2.4245E-03
-1.9477E-02
-4.4493E-02
-7.1719E-02
-9.8099E-02
-1.2015E-01
-1.3727E-01
-1.4942E-01
-1.5666E-01
-1.5970E-01
-1.6053E-01
-1.5946E-01
-1.5581E-01
-1.5166E-01
-1.4910E-01
-1.4815E-01
-1.4836E-01
-1.5003E-01
-1.5386E-01
-1.6026E-01
-1.6838E-01
-1.7815E-01
-1.9042E-01
-2.0551E-01
-2.2352E-01
-2.4351E-01
-2.6357E-01
-2.8165E-01
-2.9698E-01
-3.0900E-01
-3.1743E-01
-3.2237E-01
-3.2457E-01
-3.2267E-01
-3.1353E-01
-2.9665E-01
-2.7176E-01
-2.4039E-01
-2.0642E-01
-1.7325E-01
-1.3992E-01
-1.0323E-01
-6.2075E-02
-1.9160E-02
2.0614E-02
5.4785E-02
8.3926E-02
1.1167E-01
1.3826E-01
1.6051E-01
1.7833E-01
1.9446E-01
2.1190E-01
2.3005E-01
2.4374E-01
2.5033E-01
2.5770E-01
2.8357E-01
3.2723E-01
3.5975E-01
3.6964E-01
3.6990E-01
3.6922E-01
3.5859E-01
3.2592E-01
2.8325E-01
2.5576E-01
2.4113E-01
2.2298E-01
1.9676E-01
1.6778E-01
1.4198E-01
1.1846E-01
9.3927E-02
6.7788E-02
3.9300E-02
7.1380E-03
-2.6142E-02
-5.5922E-02
-8.0529E-02
-9.9012E-02
-1.1181E-01
-1.2225E-01
-1.3310E-01
-1.4115E-01
-1.4309E-01
-1.4230E-01
-1.4209E-01
-1.4228E-01
-1.4204E-01
-1.4217E-01
-1.4447E-01
-1.4811E-01
-1.4996E-01
-1.5014E-01
-1.5188E-01
-1.5733E-01
-1.6553E-01
-1.7335E-01
-1.8150E-01
-1.9339E-01
-2.0921E-01
-2.2728E-01
-2.4510E-01
-2.6019E-01
-2.7139E-01
-2.8009E-01
-2.8670E-01
-2.9006E-01
-2.9104E-01
-2.9227E-01
-2.9407E-01
-2.9693E-01
-3.0474E-01
-3.2040E-01
-3.4190E-01
-3.6400E-01
-3.8146E-01
-3.9002E-01
-3.8194E-01
-3.4962E-01
-2.9233E-01
-2.1814E-01
-1.4720E-01
-9.3174E-02
-5.2135E-02
-1.8521E-02
8.2125E-03
2.8307E-02
4.3540E-02
5.8267E-02
7.3644E-02
8.7210E-02
9.8209E-02
1.0769E-01
1.1693E-01
1.2613E-01
1.3509E-01
1.4522E-01
1.5818E-01
1.7264E-01
1.8614E-01
1.9738E-01
2.0686E-01
2.1439E-01
2.1676E-01
2.1167E-01
2.0206E-01
1.8923E-01
1.7153E-01
1.4940E-01
1.2426E-01
9.8230E-02
7.3761E-02
5.1798E-02
2.9085E-02
3.5070E-03
-2.0014E-02
-3.7693E-02
-5.1694E-02
-6.5842E-02
-8.3504E-02
-1.0731E-01
-1.3838E-01
-1.7460E-01
-2.1545E-01
-2.6165E-01
-3.0936E-01
-3.5369E-01
-3.9214E-01
-4.2296E-01
-4.4562E-01
-4.6264E-01
-4.7420E-01
-4.7752E-01
-4.7058E-01
-4.5379E-01
-4.2561E-01
-3.8328E-01
-3.3257E-01
-2.7991E-01
-2.2817E-01
-1.7726E-01
-1.2638E-01
-7.7210E-02
-3.3654E-02
1.3495E-03
2.9012E-02
5.2811E-02
7.5174E-02
9.6168E-02
1.1499E-01
1.3091E-01
1.4468E-01
1.6017E-01
1.8056E-01
2.0110E-01
2.1529E-01
2.2983E-01
2.7461E-01
3.6105E-01
4.3314E-01
4.5414E-01
4.5095E-01
4.4970E-01
4.5145E-01
4.5033E-01
4.4587E-01
4.4184E-01
4.3986E-01
4.3806E-01
4.3267E-01
4.2192E-01
4.0909E-01
3.9671E-01
3.8467E-01
3.7250E-01
3.6023E-01
3.4799E-01
3.3576E-01
3.2353E-01
3.1146E-01
2.9908E-01
2.8482E-01
2.6586E-01
2.3840E-01
1.9638E-01
1.3605E-01
6.6643E-02
-2.9374E-03
-7.0168E-02
-1.3318E-01
-1.8982E-01
-2.4107E-01
-2.8741E-01
-3.2743E-01
-3.5892E-01
-3.8065E-01
-3.9323E-01
-3.9760E-01
-3.9816E-01
-3.9811E-01
-3.9818E-01
-3.9847E-01
-3.9833E-01
-3.9635E-01
-3.9258E-01
-3.8919E-01
-3.8627E-01
-3.8239E-01
-3.7827E-01
-3.7580E-01
-3.7588E-01
-3.7842E-01
-3.8260E-01
-3.8671E-01
-3.8927E-01
-3.9031E-01
-3.9055E-01
-3.9049E-01
-3.9012E-01
-3.9048E-01
-3.9432E-01
-4.0286E-01
-4.1485E-01
-4.3052E-01
-4.4978E-01
-4.6692E-01
-4.7713E-01
-4.8111E-01
-4.7938E-01
-4.7077E-01
-4.5665E-01
-4.3865E-01
-4.1847E-01
-3.9836E-01
-3.8055E-01
-3.6577E-01
-3.5361E-01
-3.4235E-01
-3.3079E-01
-3.1901E-01
-3.0792E-01
-2.9830E-01
-2.8944E-01
-2.7976E-01
-2.6783E-01
-2.5364E-01
-2.3781E-01
-2.2080E-01
-2.0230E-01
-1.8237E-01
-1.6188E-01
-1.4106E-01
-1.1804E-01
-9.1341E-02
-6.2288E-02
-3.1600E-02
3.9237E-04
3.0253E-02
5.5004E-02
7.7370E-02
1.0045E-01
1.2417E-01
1.4581E-01
1.6329E-01
1.7881E-01
1.9503E-01
2.1282E-01
2.3122E-01
2.4797E-01
2.6061E-01
2.6868E-01
2.7518E-01
2.8181E-01
2.8736E-01
2.8996E-01
2.8804E-01
2.8156E-01
2.6862E-01
2.4507E-01
2.0848E-01
1.6135E-01
1.1555E-01
7.7073E-02
4.2064E-02
9.4386E-03
-1.8000E-02
-4.0499E-02
-5.8566E-02
-7.1755E-02
-8.0524E-02
-8.5876E-02
-8.9367E-02
-9.2079E-02
-9.4586E-02
-9.6220E-02
-9.6714E-02
-9.9282E-02
-1.0727E-01
-1.2010E-01
-1.3709E-01
-1.5809E-01
-1.8100E-01
-2.0453E-01
-2.2988E-01
-2.5654E-01
-2.8083E-01
-2.9976E-01
-3.1291E-01
-3.2341E-01
-3.3185E-01
-3.3606E-01
-3.3542E-01
-3.2848E-01
-3.0842E-01
-2.6597E-01
-2.0268E-01
-1.3241E-01
-6.9500E-02
-1.3227E-02
4.1043E-02
9.1567E-02
1.3584E-01
1.7460E-01
2.0963E-01
2.4123E-01
2.6829E-01
2.8719E-01
3.0004E-01
3.2478E-01
3.7077E-01
4.0791E-01
4.1570E-01
4.1130E-01
4.1107E-01
4.1574E-01
4.2090E-01
4.2529E-01
4.2980E-01
4.3419E-01
4.3735E-01
4.3890E-01
4.3914E-01
4.3898E-01
4.3904E-01
4.3915E-01
4.3855E-01
4.3674E-01
4.3436E-01
4.3171E-01
4.2916E-01
4.2776E-01
4.2536E-01
4.1265E-01
3.8231E-01
3.3956E-01
2.9597E-01
2.5822E-01
2.2037E-01
1.7626E-01
1.2824E-01
7.8322E-02
2.6555E-02
-2.4014E-02
-7.2299E-02
-1.2313E-01
-1.7591E-01
-2.2334E-01
-2.6394E-01
-3.0112E-01
-3.3806E-01
-3.7462E-01
-4.0830E-01
-4.3640E-01
-4.5714E-01
-4.7255E-01
-4.8455E-01
-4.9451E-01
-5.0415E-01
-5.1503E-01
-5.2754E-01
-5.4097E-01
-5.5389E-01
-5.6551E-01
-5.7548E-01
-5.8314E-01
-5.8880E-01
-5.9475E-01
-6.0030E-01
-6.0264E-01
-6.0427E-01
-6.0954E-01
-6.1781E-01
-6.2723E-01
-6.3702E-01
-6.4475E-01
-6.4688E-01
-6.4257E-01
-6.3147E-01
-6.1378E-01
-5.8953E-01
-5.5925E-01
-5.2704E-01
-4.9673E-01
-4.6858E-01
-4.3972E-01
-4.0720E-01
-3.7284E-01
-3.3999E-01
-3.0918E-01
-2.7860E-01
-2.4673E-01
-2.1575E-01
-1.8892E-01
-1.6573E-01
-1.4501E-01
-1.2661E-01
-1.1139E-01
-1.0065E-01
-9.4114E-02
-9.1242E-02
-9.0576E-02
-9.0250E-02
-8.8720E-02
-8.5087E-02
-7.8510E-02
-6.8465E-02
-5.3791E-02
-3.3614E-02
-9.6791E-03
1.5496E-02
3.9295E-02
5.9645E-02
7.6008E-02
8.9626E-02
1.0134E-01
1.1090E-01
1.1844E-01
1.2531E-01
1.3172E-01
1.3694E-01
1.4211E-01
1.4883E-01
1.5727E-01
1.6616E-01
1.7391E-01
1.8001E-01
1.8499E-01
1.9037E-01
1.9772E-01
2.0774E-01
2.1988E-01
2.3346E-01
2.4762E-01
2.6109E-01
2.7241E-01
2.8068E-01
2.8613E-01
2.9071E-01
2.9477E-01
2.9683E-01
2.9710E-01
2.9688E-01
2.9611E-01
2.9419E-01
2.9170E-01
2.8933E-01
2.8713E-01
2.8439E-01
2.7987E-01
2.7286E-01
2.6396E-01
2.5464E-01
2.4496E-01
2.3377E-01
2.2090E-01
2.0748E-01
1.9507E-01
1.8310E-01
1.6981E-01
1.5488E-01
1.3886E-01
1.2262E-01
1.0646E-01
9.0234E-02
7.4446E-02
6.0726E-02
5.0582E-02
4.3248E-02
3.6501E-02
2.9975E-02
2.5156E-02
2.2918E-02
2.2437E-02
2.2347E-02
2.3528E-02
2.7178E-02
3.1202E-02
3.3765E-02
3.5666E-02
3.8580E-02
4.2696E-02
4.5679E-02
4.6395E-02
4.6373E-02
4.5536E-02
4.2241E-02
3.7225E-02
3.2708E-02
3.0437E-02
3.0277E-02
3.0557E-02
2.9858E-02
2.7907E-02
2.5622E-02
2.2779E-02
1.7854E-02
9.9321E-03
-9.8386E-04
-1.3054E-02
-2.4154E-02
-3.3056E-02
-3.9890E-02
-4.4803E-02
-4.7432E-02
-4.8395E-02
-4.9724E-02
-5.0888E-02
-5.0055E-02
-4.8659E-02
-4.7645E-02
-4.5207E-02
-4.1930E-02
-4.0337E-02
-3.8894E-02
-3.5570E-02
-3.2730E-02
-3.2067E-02
-3.2278E-02
-3.2885E-02
-3.4622E-02
-3.7105E-02
-3.9401E-02
-4.0660E-02
-3.9777E-02
-3.6165E-02
-3.1454E-02
-2.6439E-02
-1.9733E-02
-9.9665E-03
2.8453E-03
1.6837E-02
3.0854E-02
4.5558E-02
6.2004E-02
8.0083E-02
9.7510E-02
1.1215E-01
1.2471E-01
1.3624E-01
1.4664E-01
1.5487E-01
1.6037E-01
1.6492E-01
1.6901E-01
1.7110E-01
1.7116E-01
1.7090E-01
1.7184E-01
1.7366E-01
1.7400E-01
1.7107E-01
1.6517E-01
1.5892E-01
1.5369E-01
1.4806E-01
1.4165E-01
1.3594E-01
1.3185E-01
1.2925E-01
1.2722E-01
1.2472E-01
1.2096E-01
1.1607E-01
1.1150E-01
1.0901E-01
1.0793E-01
1.0528E-01
1.0164E-01
1.0017E-01
1.0117E-01
1.0338E-01
1.0576E-01
1.0803E-01
1.1033E-01
1.1267E-01
1.1498E-01
1.1723E-01
1.1957E-01
1.2203E-01
1.2394E-01
1.2419E-01
1.2289E-01
1.2090E-01
1.1810E-01
1.1057E-01
9.4999E-02
7.6567E-02
5.9550E-02
4.2519E-02
2.4104E-02
5.3422E-03
-1.1717E-02
-2.6146E-02
-3.8778E-02
-4.9628E-02
-5.8087E-02
-6.4762E-02
-6.9045E-02
-6.9100E-02
-6.5574E-02
-6.1037E-02
-5.4008E-02
-4.2160E-02
-2.9424E-02
-1.9807E-02
-1.3466E-02
-9.8116E-03
-8.8154E-03
-9.5455E-03
-1.2300E-02
-1.8473E-02
-2.7460E-02
-3.7065E-02
-4.5707E-02
-5.2703E-02
-5.8249E-02
-6.3145E-02
-6.7918E-02
-7.1313E-02
-7.2108E-02
-7.2319E-02
-7.5546E-02
-8.3940E-02
-9.5539E-02
-1.0738E-01
-1.1821E-01
-1.2696E-01
-1.3232E-01
-1.3397E-01
-1.3247E-01
-1.2914E-01
-1.2472E-01
-1.1978E-01
-1.1576E-01
-1.1443E-01
-1.1613E-01
-1.2010E-01
-1.2480E-01
-1.2974E-01
-1.3472E-01
-1.3656E-01
-1.3136E-01
-1.1909E-01
-1.0025E-01
-7.6297E-02
-5.3196E-02
-3.6991E-02
-2.6721E-02
-1.9401E-02
-1.2756E-02
-5.3658E-03
3.3842E-03
1.3324E-02
2.5005E-02
3.9961E-02
5.9468E-02
8.3125E-02
1.0823E-01
1.3448E-01
1.6396E-01
1.9396E-01
2.1886E-01
2.3994E-01
2.6005E-01
2.7635E-01
2.8595E-01
2.9293E-01
3.0759E-01
3.3331E-01
3.5415E-01
3.5950E-01
3.5824E-01
3.5935E-01
3.5984E-01
3.4828E-01
3.2421E-01
3.0488E-01
2.9504E-01
2.8358E-01
2.6366E-01
2.3442E-01
1.9799E-01
1.5724E-01
1.1639E-01
7.9558E-02
4.7807E-02
1.7123E-02
-1.4237E-02
-4.4158E-02
-7.1968E-02
-9.7462E-02
-1.1852E-01
-1.3322E-01
-1.4296E-01
-1.4895E-01
-1.5063E-01
-1.4856E-01
-1.4478E-01
-1.4313E-01
-1.4624E-01
-1.5377E-01
-1.6288E-01
-1.7265E-01
-1.8514E-01
-2.0047E-01
-2.1578E-01
-2.2879E-01
-2.3851E-01
-2.4538E-01
-2.5057E-01
-2.5536E-01
-2.5900E-01
-2.6001E-01
-2.5980E-01
-2.5941E-01
-2.5746E-01
-2.5145E-01
-2.3988E-01
-2.2446E-01
-2.0576E-01
-1.8322E-01
-1.5826E-01
-1.3288E-01
-1.0553E-01
-7.4860E-02
-4.4251E-02
-1.5625E-02
1.2059E-02
3.7803E-02
6.0286E-02
8.1538E-02
1.0035E-01
1.1263E-01
1.2116E-01
1.3098E-01
1.4020E-01
1.4619E-01
1.5065E-01
1.5410E-01
1.5545E-01
1.5677E-01
1.6057E-01
1.6647E-01
1.7393E-01
1.8266E-01
1.9057E-01
1.9612E-01
2.0135E-01
2.0816E-01
2.1574E-01
2.2117E-01
2.2241E-01
2.2179E-01
2.2197E-01
2.2342E-01
2.2572E-01
2.2988E-01
2.3882E-01
2.5358E-01
2.7041E-01
2.8658E-01
3.0261E-01
3.1933E-01
3.3480E-01
3.4523E-01
3.5071E-01
3.5485E-01
3.5882E-01
3.6172E-01
3.6388E-01
3.6607E-01
3.6843E-01
3.7082E-01
3.7312E-01
3.7528E-01
3.7761E-01
3.8036E-01
3.8216E-01
3.8052E-01
3.7573E-01
3.7001E-01
3.6148E-01
3.3622E-01
2.8559E-01
2.3563E-01
2.0804E-01
1.8753E-01
1.5934E-01
1.2600E-01
9.3247E-02
6.3637E-02
3.8239E-02
1.6218E-02
-4.9876E-03
-2.3451E-02
-3.5025E-02
-4.1551E-02
-4.6495E-02
-5.1449E-02
-5.5224E-02
-5.6304E-02
-5.7179E-02
-6.1712E-02
-7.1562E-02
-8.5186E-02
-9.9426E-02
-1.1239E-01
-1.2442E-01
-1.3721E-01
-1.5030E-01
-1.6136E-01
-1.7001E-01
-1.7715E-01
-1.8329E-01
-1.8750E-01
-1.8902E-01
-1.8965E-01
-1.9128E-01
-1.9282E-01
-1.9339E-01
-1.9435E-01
-1.9693E-01
-2.0114E-01
-2.0591E-01
-2.1054E-01
-2.1506E-01
-2.1975E-01
-2.2451E-01
-2.2809E-01
-2.2845E-01
-2.2424E-01
-2.1450E-01
-1.9911E-01
-1.7938E-01
-1.5688E-01
-1.3429E-01
-1.1364E-01
-9.4744E-02
-7.5171E-02
-5.3144E-02
-3.0702E-02
-9.1683E-03
1.2738E-02
3.5456E-02
5.8715E-02
8.3616E-02
1.1030E-01
1.3601E-01
1.5925E-01
1.8072E-01
1.9989E-01
2.1446E-01
2.2363E-01
2.2876E-01
2.3191E-01
2.3264E-01
2.2930E-01
2.2334E-01
2.1610E-01
2.0700E-01
1.9402E-01
1.7502E-01
1.5103E-01
1.2397E-01
9.6085E-02
6.8061E-02
3.8789E-02
7.1510E-03
-2.6896E-02
-6.1077E-02
-9.2602E-02
-1.2010E-01
-1.4494E-01
-1.6802E-01
-1.8833E-01
-2.0411E-01
-2.1447E-01
-2.1979E-01
-2.2090E-01
-2.2048E-01
-2.2052E-01
-2.2163E-01
-2.2483E-01
-2.3082E-01
-2.3744E-01
-2.4201E-01
-2.4383E-01
-2.4422E-01
-2.4419E-01
-2.4205E-01
-2.3617E-01
-2.2792E-01
-2.1797E-01
-2.0563E-01
-1.9181E-01
-1.7768E-01
-1.6358E-01
-1.5021E-01
-1.3822E-01
-1.2524E-01
-1.0815E-01
-8.8053E-02
-6.7522E-02
-4.8229E-02
-2.9505E-02
-9.2865E-03
1.3016E-02
3.5018E-02
5.2315E-02
6.3778E-02
7.1508E-02
7.7535E-02
8.2573E-02
8.7234E-02
9.1495E-02
9.4662E-02
9.6505E-02
9.6730E-02
9.4779E-02
8.9926E-02
8.2365E-02
7.3058E-02
6.1633E-02
4.6774E-02
2.9827E-02
1.5142E-02
2.8606E-03
-1.0089E-02
-2.3627E-02
-3.5143E-02
-4.2877E-02
-4.7808E-02
-5.2130E-02
-5.6700E-02
-6.1488E-02
-6.6381E-02
-7.0302E-02
-7.1891E-02
-7.1902E-02
-7.1683E-02
-7.1589E-02
-7.1977E-02
-7.3394E-02
-7.5488E-02
-7.7943E-02
-8.1383E-02
-8.5328E-02
-8.7496E-02
-8.7420E-02
-8.7187E-02
-8.9121E-02
-9.2576E-02
-9.3828E-02
-9.2127E-02
-8.9507E-02
-8.5829E-02
-7.9762E-02
-7.1759E-02
-6.1817E-02
-4.9400E-02
-3.6182E-02
-2.3987E-02
-1.2355E-02
-1.3697E-03
7.4618E-03
1.4280E-02
2.1102E-02
2.9966E-02
4.0710E-02
5.1103E-02
6.0992E-02
7.1729E-02
8.3090E-02
9.5182E-02
1.0930E-01
1.2452E-01
1.3791E-01
1.4827E-01
1.5552E-01
1.6013E-01
1.6260E-01
1.6349E-01
1.6245E-01
1.5860E-01
1.5212E-01
1.4254E-01
1.2903E-01
1.1276E-01
9.6353E-02
8.2580E-02
7.2899E-02
6.6427E-02
6.2035E-02
5.9235E-02
5.7158E-02
5.4640E-02
5.0966E-02
4.7005E-02
4.3924E-02
4.0717E-02
3.6894E-02
3.4490E-02
3.3390E-02
3.0710E-02
2.6159E-02
2.1276E-02
1.6066E-02
8.7283E-03
-2.2865E-03
-1.6372E-02
-3.2305E-02
-4.9515E-02
-6.7502E-02
-8.4956E-02
-1.0103E-01
-1.1548E-01
-1.2790E-01
-1.3761E-01
-1.4475E-01
-1.4847E-01
-1.4705E-01
-1.3999E-01
-1.2728E-01
-1.1090E-01
-9.2443E-02
-7.2569E-02
-5.1357E-02
-2.8532E-02
-4.9447E-03
1.7591E-02
3.7765E-02
5.7085E-02
7.7148E-02
9.5682E-02
1.1053E-01
1.2299E-01
1.3373E-01
1.4204E-01
1.4891E-01
1.5559E-01
1.6241E-01
1.6992E-01
1.7844E-01
1.8674E-01
1.9455E-01
2.0382E-01
2.1393E-01
2.2225E-01
2.3159E-01
2.4551E-01
2.5956E-01
2.6994E-01
2.7886E-01
2.8744E-01
2.9337E-01
2.9446E-01
2.9109E-01
2.8645E-01
2.8055E-01
2.7106E-01
2.5994E-01
2.5005E-01
2.4057E-01
2.2759E-01
2.0728E-01
1.7909E-01
1.4351E-01
1.0342E-01
6.3200E-02
2.6939E-02
-4.8227E-03
-3.3073E-02
-5.7475E-02
-7.6171E-02
-8.8917E-02
-9.8357E-02
-1.0739E-01
-1.1627E-01
-1.2299E-01
-1.2612E-01
-1.2671E-01
-1.2649E-01
-1.2477E-01
-1.2144E-01
-1.1916E-01
-1.1761E-01
-1.1430E-01
-1.1273E-01
-1.1709E-01
-1.2362E-01
-1.2915E-01
-1.3512E-01
-1.4120E-01
-1.4460E-01
-1.4461E-01
-1.4300E-01
-1.4229E-01
-1.4087E-01
-1.3430E-01
-1.2107E-01
-1.0112E-01
-7.5626E-02
-4.4553E-02
-7.7147E-03
3.1339E-02
6.8738E-02
1.0345E-01
1.3571E-01
1.6545E-01
1.9115E-01
2.1119E-01
2.2741E-01
2.4097E-01
2.5112E-01
2.5688E-01
2.5813E-01
2.5763E-01
2.5760E-01
2.5805E-01
2.5735E-01
2.5390E-01
2.4883E-01
2.4448E-01
2.4233E-01
2.4185E-01
2.4190E-01
2.4345E-01
2.4695E-01
2.4964E-01
2.5037E-01
2.5047E-01
2.4886E-01
2.4335E-01
2.3582E-01
2.2897E-01
2.2359E-01
2.1887E-01
2.1429E-01
2.1107E-01
2.1088E-01
2.1371E-01
2.1812E-01
2.2285E-01
2.2820E-01
2.3472E-01
2.4179E-01
2.4888E-01
2.5586E-01
2.6214E-01
2.6724E-01
2.7184E-01
2.7608E-01
2.7939E-01
2.8159E-01
2.8174E-01
2.7739E-01
2.6620E-01
2.4816E-01
2.2394E-01
1.9500E-01
1.6661E-01
1.4267E-01
1.2234E-01
1.0447E-01
8.9233E-02
7.6628E-02
6.7179E-02
6.1354E-02
5.9177E-02
6.0051E-02
6.3476E-02
6.9831E-02
7.8983E-02
9.0294E-02
1.0235E-01
1.1304E-01
1.2081E-01
1.2650E-01
1.3137E-01
1.3600E-01
1.4043E-01
1.4506E-01
1.5143E-01
1.5984E-01
1.6814E-01
1.7531E-01
1.8211E-01
1.8854E-01
1.9329E-01
1.9491E-01
1.9193E-01
1.8354E-01
1.7023E-01
1.5268E-01
1.3283E-01
1.1236E-01
9.2465E-02
7.5042E-02
6.2310E-02
5.3532E-02
4.5259E-02
3.3192E-02
1.7442E-02
8.6269E-04
-1.6093E-02
-3.4040E-02
-5.1852E-02
-6.7224E-02
-7.8557E-02
-8.6409E-02
-9.1416E-02
-9.4492E-02
-9.7532E-02
-1.0269E-01
-1.1017E-01
-1.1919E-01
-1.2931E-01
-1.4098E-01
-1.5432E-01
-1.6738E-01
-1.7764E-01
-1.8495E-01
-1.8965E-01
-1.9183E-01
-1.9118E-01
-1.8758E-01
-1.8270E-01
-1.7800E-01
-1.7360E-01
-1.6865E-01
-1.6237E-01
-1.5531E-01
-1.4836E-01
-1.4162E-01
-1.3427E-01
-1.2571E-01
-1.1715E-01
-1.0954E-01
-1.0162E-01
-9.3080E-02
-8.5215E-02
-7.7514E-02
-6.8965E-02
-6.1316E-02
-5.5938E-02
-5.1495E-02
-4.7321E-02
-4.4238E-02
-4.2616E-02
-4.2535E-02
-4.3808E-02
-4.5933E-02
-4.8326E-02
-5.0756E-02
-5.2897E-02
-5.4095E-02
-5.4396E-02
-5.4420E-02
-5.3762E-02
-5.1970E-02
-5.0442E-02
-5.0160E-02
-5.0329E-02
-5.0204E-02
-5.0193E-02
-5.1260E-02
-5.2834E-02
-5.2743E-02
-5.0775E-02
-4.8241E-02
-4.5101E-02
-4.1036E-02
-3.7293E-02
-3.5022E-02
-3.4339E-02
-3.4994E-02
-3.6983E-02
-4.0175E-02
-4.5151E-02
-5.2752E-02
-6.2176E-02
-7.1457E-02
-7.8756E-02
-8.3909E-02
-8.8436E-02
-9.2575E-02
-9.5497E-02
-9.7672E-02
-9.9897E-02
-1.0227E-01
-1.0455E-01
-1.0678E-01
-1.0969E-01
-1.1409E-01
-1.1994E-01
-1.2676E-01
-1.3385E-01
-1.4039E-01
-1.4522E-01
-1.4764E-01
-1.4785E-01
-1.4667E-01
-1.4316E-01
-1.3515E-01
-1.2328E-01
-1.1046E-01
-1.0030E-01
-9.3470E-02
-8.8635E-02
-8.4970E-02
-8.2220E-02
-7.9840E-02
-7.8075E-02
-7.7434E-02
-7.6687E-02
-7.4969E-02
-7.3590E-02
-7.3362E-02
-7.3547E-02
-7.3518E-02
-7.3527E-02
-7.4396E-02
-7.6773E-02
-8.0610E-02
-8.5246E-02
-8.9937E-02
-9.3889E-02
-9.6016E-02
-9.5654E-02
-9.3227E-02
-8.9139E-02
-8.2377E-02
-7.1329E-02
-5.6709E-02
-4.1476E-02
-2.8354E-02
-1.7221E-02
-8.2401E-03
-3.3146E-03
-2.9111E-03
-4.8522E-03
-7.1442E-03
-9.4932E-03
-1.2073E-02
-1.3790E-02
-1.3174E-02
-1.1444E-02
-1.0703E-02
-1.0781E-02
-1.1065E-02
-1.1370E-02
-1.0333E-02
-6.8852E-03
-3.5856E-03
-2.7406E-03
-3.1438E-03
-3.3182E-03
-3.1038E-03
-3.3150E-03
-5.7121E-03
-1.1682E-02
-1.9913E-02
-2.7586E-02
-3.6056E-02
-4.8531E-02
-6.4035E-02
-7.9721E-02
-9.3429E-02
-1.0438E-01
-1.1210E-01
-1.1682E-01
-1.2005E-01
-1.2474E-01
-1.3153E-01
-1.3865E-01
-1.4531E-01
-1.5254E-01
-1.6126E-01
-1.6880E-01
-1.7177E-01
-1.7249E-01
-1.7377E-01
-1.7408E-01
-1.7270E-01
-1.7158E-01
-1.7132E-01
-1.7157E-01
-1.7339E-01
-1.7761E-01
-1.8282E-01
-1.8647E-01
-1.8748E-01
-1.8823E-01
-1.8977E-01
-1.8993E-01
-1.8754E-01
-1.8332E-01
-1.7803E-01
-1.7120E-01
-1.6205E-01
-1.5040E-01
-1.3699E-01
-1.2350E-01
-1.1171E-01
-1.0236E-01
-9.5260E-02
-8.9664E-02
-8.5973E-02
-8.5137E-02
-8.5773E-02
-8.5227E-02
-8.1285E-02
-7.4005E-02
-6.5026E-02
-5.6424E-02
-4.9370E-02
-4.3708E-02
-3.9278E-02
-3.6341E-02
-3.4932E-02
-3.4430E-02
-3.3438E-02
-3.1309E-02
-2.7684E-02
-2.0509E-02
-8.4042E-03
5.7336E-03
2.0405E-02
3.6157E-02
5.0093E-02
5.9133E-02
6.6592E-02
7.4783E-02
8.1660E-02
8.6589E-02
9.0928E-02
9.4870E-02
9.7401E-02
9.8232E-02
9.8520E-02
1.0004E-01
1.0335E-01
1.0738E-01
1.0986E-01
1.1037E-01
1.1017E-01
1.0931E-01
1.0772E-01
1.0670E-01
1.0542E-01
1.0114E-01
9.5034E-02
8.9489E-02
8.3183E-02
7.4772E-02
6.5473E-02
5.5232E-02
4.2678E-02
2.8183E-02
1.1594E-02
-8.3254E-03
-3.0746E-02
-5.2803E-02
-7.2040E-02
-8.6348E-02
-9.5253E-02
-1.0089E-01
-1.0681E-01
-1.1331E-01
-1.1846E-01
-1.2180E-01
-1.2451E-01
-1.2815E-01
-1.3277E-01
-1.3753E-01
-1.4207E-01
-1.4681E-01
-1.5255E-01
-1.5992E-01
-1.6872E-01
-1.7732E-01
-1.8459E-01
-1.9130E-01
-1.9836E-01
-2.0550E-01
-2.1110E-01
-2.1423E-01
-2.1639E-01
-2.1826E-01
-2.1917E-01
-2.1933E-01
-2.1915E-01
-2.1812E-01
-2.1626E-01
-2.1504E-01
-2.1555E-01
-2.1746E-01
-2.1894E-01
-2.1948E-01
-2.2058E-01
-2.2276E-01
-2.2524E-01
-2.2757E-01
-2.2985E-01
-2.3217E-01
-2.3447E-01
-2.3678E-01
-2.3921E-01
-2.4143E-01
-2.4269E-01
-2.4286E-01
-2.4274E-01
-2.4288E-01
-2.4285E-01
-2.4175E-01
-2.3992E-01
-2.3896E-01
-2.3872E-01
-2.3704E-01
-2.3205E-01
-2.2354E-01
-2.1320E-01
-2.0033E-01
-1.8223E-01
-1.5892E-01
-1.3194E-01
-1.0382E-01
-7.6276E-02
-4.9996E-02
-2.5754E-02
-4.2883E-03
1.5203E-02
3.3811E-02
5.2243E-02
7.0777E-02
8.9246E-02
1.0702E-01
1.2306E-01
1.3655E-01
1.4767E-01
1.5736E-01
1.6682E-01
1.7556E-01
1.8205E-01
1.8769E-01
1.9540E-01
2.0482E-01
2.1424E-01
2.2336E-01
2.3267E-01
2.4210E-01
2.5019E-01
2.5558E-01
2.5843E-01
2.5742E-01
2.5035E-01
2.3800E-01
2.2229E-01
2.0436E-01
1.8343E-01
1.5860E-01
1.3059E-01
1.0082E-01
7.0626E-02
4.0635E-02
1.0769E-02
-1.9759E-02
-5.1507E-02
-8.3284E-02
-1.1375E-01
-1.4284E-01
-1.6980E-01
-1.9322E-01
-2.1266E-01
-2.2723E-01
-2.3666E-01
-2.4213E-01
-2.4653E-01
-2.5077E-01
-2.5362E-01
-2.5476E-01
-2.5518E-01
-2.5646E-01
-2.5847E-01
-2.5931E-01
-2.5655E-01
-2.4769E-01
-2.3222E-01
-2.1133E-01
-1.8688E-01
-1.6099E-01
-1.3591E-01
-1.1389E-01
-9.4805E-02
-7.6428E-02
-5.8771E-02
-4.4166E-02
-3.3643E-02
-2.6132E-02
-1.9195E-02
-1.2865E-02
-9.6135E-03
-1.0502E-02
-1.3925E-02
-1.6242E-02
-1.6670E-02
-1.6419E-02
-1.4813E-02
-1.1017E-02
-6.3681E-03
-1.0366E-03
6.6062E-03
1.6748E-02
2.7922E-02
3.7583E-02
4.4517E-02
4.9654E-02
5.4472E-02
5.8919E-02
6.0931E-02
5.8706E-02
5.2291E-02
4.1863E-02
2.7030E-02
8.9345E-03
-1.1820E-02
-3.5179E-02
-6.0809E-02
-8.8131E-02
-1.1610E-01
-1.4367E-01
-1.7020E-01
-1.9570E-01
-2.1988E-01
-2.4014E-01
-2.5325E-01
-2.6006E-01
-2.6244E-01
-2.6178E-01
-2.5857E-01
-2.5237E-01
-2.4346E-01
-2.3200E-01
-2.1861E-01
-2.0553E-01
-1.9520E-01
-1.8784E-01
-1.8287E-01
-1.7960E-01
-1.7749E-01
-1.7540E-01
-1.7030E-01
-1.5996E-01
-1.4585E-01
-1.2905E-01
-1.0959E-01
-8.9401E-02
-7.0331E-02
-5.1943E-02
-3.3785E-02
-1.6537E-02
-8.0156E-04
1.3389E-02
2.7016E-02
4.1110E-02
5.6217E-02
7.2574E-02
9.0646E-02
1.1048E-01
1.3028E-01
1.4649E-01
1.5793E-01
1.6581E-01
1.7109E-01
1.7418E-01
1.7644E-01
1.7824E-01
1.7896E-01
1.7958E-01
1.8135E-01
1.8374E-01
1.8638E-01
1.8991E-01
1.9490E-01
2.0151E-01
2.0883E-01
2.1535E-01
2.1967E-01
2.2177E-01
2.2222E-01
2.2083E-01
2.1624E-01
2.0781E-01
1.9643E-01
1.8305E-01
1.6738E-01
1.5002E-01
1.3387E-01
1.1871E-01
1.0177E-01
8.4861E-02
7.1901E-02
6.2726E-02
5.5806E-02
5.0291E-02
4.6008E-02
4.3230E-02
4.2425E-02
4.5064E-02
5.1732E-02
6.0011E-02
6.7752E-02
7.7143E-02
8.9482E-02
1.0138E-01
1.1117E-01
1.2013E-01
1.2854E-01
1.3606E-01
1.4391E-01
1.5300E-01
1.6252E-01
1.7111E-01
1.7851E-01
1.8634E-01
1.9510E-01
2.0328E-01
2.0981E-01
2.1478E-01
2.1928E-01
2.2386E-01
2.2840E-01
2.3332E-01
2.3962E-01
2.4752E-01
2.5634E-01
2.6456E-01
2.7142E-01
2.7684E-01
2.7978E-01
2.7817E-01
2.7139E-01
2.5973E-01
2.4384E-01
2.2334E-01
1.9707E-01
1.6673E-01
1.3483E-01
1.0359E-01
7.4046E-02
4.5868E-02
1.7924E-02
-9.2275E-03
-3.3345E-02
-5.4026E-02
-7.2828E-02
-9.1354E-02
-1.0972E-01
-1.2708E-01
-1.4342E-01
-1.5950E-01
-1.7566E-01
-1.9193E-01
-2.0890E-01
-2.2781E-01
-2.4937E-01
-2.7248E-01
-2.9578E-01
-3.1896E-01
-3.4178E-01
-3.6367E-01
-3.8432E-01
-4.0324E-01
-4.1927E-01
-4.3139E-01
-4.4029E-01
-4.4665E-01
-4.5031E-01
-4.5135E-01
-4.4887E-01
-4.4226E-01
-4.3000E-01
-4.0709E-01
-3.6425E-01
-2.9817E-01
-2.2614E-01
-1.5947E-01
-9.5011E-02
-3.3716E-02
1.8189E-02
6.0514E-02
9.5435E-02
1.2469E-01
1.4903E-01
1.6894E-01
1.8721E-01
2.0535E-01
2.2265E-01
2.3905E-01
2.5527E-01
2.7033E-01
2.8209E-01
2.8995E-01
2.9544E-01
2.9982E-01
3.0298E-01
3.0874E-01
3.2574E-01
3.5066E-01
3.6539E-01
3.5902E-01
3.3569E-01
3.1520E-01
3.0761E-01
3.0495E-01
3.0041E-01
2.9349E-01
2.8473E-01
2.7389E-01
2.6210E-01
2.5051E-01
2.3909E-01
2.2681E-01
2.1334E-01
2.0019E-01
1.8910E-01
1.8060E-01
1.7396E-01
1.6935E-01
1.6734E-01
1.6566E-01
1.6030E-01
1.5134E-01
1.3957E-01
1.2243E-01
9.8864E-02
7.2982E-02
4.6468E-02
1.7810E-02
-1.1841E-02
-3.9800E-02
-6.4224E-02
-8.4040E-02
-9.9664E-02
-1.1438E-01
-1.2964E-01
-1.4279E-01
-1.5272E-01
-1.6151E-01
-1.7064E-01
-1.8004E-01
-1.8886E-01
-1.9480E-01
-1.9504E-01
-1.8933E-01
-1.7881E-01
-1.6534E-01
-1.4923E-01
-1.3032E-01
-1.0965E-01
-8.8672E-02
-6.7884E-02
-4.7138E-02
-2.6335E-02
-5.4807E-03
1.5340E-02
3.6041E-02
5.6919E-02
7.8788E-02
1.0166E-01
1.2389E-01
1.4257E-01
1.5572E-01
1.6521E-01
1.7147E-01
1.7293E-01
1.7031E-01
1.6590E-01
1.6134E-01
1.5653E-01
1.5130E-01
1.4838E-01
1.5051E-01
1.5478E-01
1.5769E-01
1.5891E-01
1.5792E-01
1.5332E-01
1.4529E-01
1.3398E-01
1.1913E-01
1.0094E-01
8.0708E-02
5.9753E-02
3.8974E-02
1.9774E-02
3.8333E-03
-8.2679E-03
-1.7113E-02
-2.2535E-02
-2.3564E-02
-2.0000E-02
-1.4087E-02
-6.0832E-03
5.8243E-03
2.0829E-02
3.6661E-02
5.1538E-02
6.6013E-02
8.1509E-02
9.6564E-02
1.0897E-01
1.1925E-01
1.2836E-01
1.3626E-01
1.4264E-01
1.4768E-01
1.5245E-01
1.5638E-01
1.5730E-01
1.5441E-01
1.4826E-01
1.4022E-01
1.3138E-01
1.2303E-01
1.1660E-01
1.1304E-01
1.1176E-01
1.1128E-01
1.0932E-01
1.0444E-01
9.6665E-02
8.6335E-02
7.3036E-02
5.6858E-02
3.8843E-02
2.1166E-02
6.3151E-03
-4.1419E-03
-1.1374E-02
-1.5817E-02
-1.6668E-02
-1.3658E-02
-7.5760E-03
-1.0733E-03
3.6450E-03
5.9119E-03
5.3758E-03
1.9494E-03
-2.9145E-03
-7.5312E-03
-1.0997E-02
-1.3420E-02
-1.5618E-02
-1.8044E-02
-2.0341E-02
-2.1616E-02
-2.1911E-02
-2.2871E-02
-2.6345E-02
-3.2341E-02
-3.7594E-02
-4.0899E-02
-4.4479E-02
-4.8075E-02
-4.9450E-02
-4.9294E-02
-4.8983E-02
-4.8109E-02
-4.5307E-02
-3.9723E-02
-3.2032E-02
-2.2976E-02
-1.3408E-02
-4.7839E-03
1.5413E-03
5.7712E-03
8.1786E-03
8.4343E-03
6.4627E-03
2.8761E-03
-2.7550E-03
-1.1052E-02
-1.9814E-02
-2.6922E-02
-3.2437E-02
-3.6916E-02
-3.9870E-02
-3.9846E-02
-3.6075E-02
-3.0129E-02
-2.2588E-02
-1.2538E-02
-2.2468E-04
1.3426E-02
2.7355E-02
4.1219E-02
5.5196E-02
6.8766E-02
8.0584E-02
8.9911E-02
9.7471E-02
1.0468E-01
1.1017E-01
1.1178E-01
1.1146E-01
1.1106E-01
1.0994E-01
1.0767E-01
1.0518E-01
1.0374E-01
1.0327E-01
1.0215E-01
1.0024E-01
9.9258E-02
1.0011E-01
1.0194E-01
1.0237E-01
1.0024E-01
9.6315E-02
9.1091E-02
8.4596E-02
7.7653E-02
7.0488E-02
6.2236E-02
5.2779E-02
4.3499E-02
3.6263E-02
3.0545E-02
2.3372E-02
1.5214E-02
9.0275E-03
4.4993E-03
2.0323E-04
-3.5186E-03
-5.6467E-03
-6.1676E-03
-6.7213E-03
-8.5819E-03
-1.1083E-02
-1.3458E-02
-1.5723E-02
-1.8029E-02
-2.0337E-02
-2.2614E-02
-2.4999E-02
-2.7464E-02
-2.9281E-02
-2.9849E-02
-2.9912E-02
-2.9497E-02
-2.7227E-02
-2.2490E-02
-1.5956E-02
-8.8661E-03
-2.0084E-03
4.6730E-03
1.2093E-02
2.0796E-02
2.8865E-02
3.4402E-02
3.8690E-02
4.3183E-02
4.7907E-02
5.2570E-02
5.7154E-02
6.1766E-02
6.6422E-02
7.1044E-02
7.5594E-02
8.0239E-02
8.5100E-02
8.9359E-02
9.1542E-02
9.1772E-02
9.1557E-02
9.1631E-02
9.1562E-02
9.0555E-02
8.8182E-02
8.4333E-02
7.8958E-02
7.2502E-02
6.6564E-02
6.1408E-02
5.5538E-02
4.8596E-02
4.1553E-02
3.5426E-02
3.0711E-02
2.7389E-02
2.5519E-02
2.4948E-02
2.4763E-02
2.5244E-02
2.7788E-02
3.1668E-02
3.4839E-02
3.7794E-02
4.1877E-02
4.6633E-02
5.1382E-02
5.6079E-02
6.0237E-02
6.2897E-02
6.3985E-02
6.4244E-02
6.4478E-02
6.3671E-02
6.0009E-02
5.4063E-02
4.7519E-02
4.1863E-02
3.7084E-02
3.2527E-02
2.8627E-02
2.5988E-02
2.3922E-02
2.1490E-02
1.8896E-02
1.8334E-02
2.2030E-02
2.9212E-02
3.8425E-02
4.8992E-02
6.1533E-02
7.6953E-02
9.3801E-02
1.0936E-01
1.2144E-01
1.3033E-01
1.3755E-01
1.4389E-01
1.4821E-01
1.4890E-01
1.4680E-01
1.4422E-01
1.4209E-01
1.3965E-01
1.3602E-01
1.3190E-01
1.2874E-01
1.2642E-01
1.2424E-01
1.2209E-01
1.1927E-01
1.1431E-01
1.0631E-01
9.5448E-02
8.3685E-02
7.1954E-02
5.9270E-02
4.4732E-02
2.9072E-02
1.4781E-02
2.0866E-03
-1.1196E-02
-2.2769E-02
-2.8450E-02
-3.1193E-02
-3.4851E-02
-3.8639E-02
-4.1338E-02
-4.3434E-02
-4.5530E-02
-4.8033E-02
-5.1547E-02
-5.5656E-02
-5.8932E-02
-6.1244E-02
-6.3453E-02
-6.5906E-02
-6.8014E-02
-6.8972E-02
-6.9011E-02
-6.8927E-02
-6.8982E-02
-6.8964E-02
-6.8811E-02
-6.9191E-02
-7.0837E-02
-7.3233E-02
-7.5645E-02
-7.7924E-02
-8.0141E-02
-8.2465E-02
-8.5016E-02
-8.7118E-02
-8.7300E-02
-8.5692E-02
-8.4406E-02
-8.4711E-02
-8.6815E-02
-9.0302E-02
-9.4496E-02
-9.8856E-02
-1.0455E-01
-1.1264E-01
-1.2050E-01
-1.2598E-01
-1.3031E-01
-1.3462E-01
-1.3923E-01
-1.4538E-01
-1.5372E-01
-1.6218E-01
-1.6934E-01
-1.7597E-01
-1.8339E-01
-1.9229E-01
-2.0189E-01
-2.1076E-01
-2.1743E-01
-2.2108E-01
-2.2192E-01
-2.2189E-01
-2.2129E-01
-2.1871E-01
-2.1449E-01
-2.0966E-01
-2.0333E-01
-1.9499E-01
-1.8670E-01
-1.7953E-01
-1.7269E-01
-1.6620E-01
-1.6144E-01
-1.5932E-01
-1.5861E-01
-1.5719E-01
-1.5545E-01
-1.5485E-01
-1.5498E-01
-1.5515E-01
-1.5525E-01
-1.5475E-01
-1.5296E-01
-1.5051E-01
-1.4808E-01
-1.4580E-01
-1.4364E-01
-1.4131E-01
-1.3806E-01
-1.3401E-01
-1.3061E-01
-1.2767E-01
-1.2383E-01
-1.1981E-01
-1.1700E-01
-1.1490E-01
-1.1261E-01
-1.1012E-01
-1.0832E-01
-1.0790E-01
-1.0806E-01
-1.0811E-01
-1.0806E-01
-1.0806E-01
-1.0807E-01
-1.0804E-01
-1.0805E-01
-1.0817E-01
-1.0788E-01
-1.0622E-01
-1.0296E-01
-9.8740E-02
-9.5134E-02
-9.2754E-02
-9.0679E-02
-8.7645E-02
-8.3463E-02
-7.9699E-02
-7.7213E-02
-7.5195E-02
-7.2379E-02
-6.8184E-02
-6.3393E-02
-5.8628E-02
-5.4036E-02
-4.9730E-02
-4.5019E-02
-3.8296E-02
-3.0296E-02
-2.4703E-02
-2.1677E-02
-1.8057E-02
-1.3087E-02
-8.6246E-03
-6.4940E-03
-5.8313E-03
-4.4116E-03
-2.6118E-03
-2.1008E-03
-3.1853E-03
-5.7366E-03
-9.5661E-03
-1.3985E-02
-1.8780E-02
-2.4578E-02
-3.0725E-02
-3.5102E-02
-3.7613E-02
-3.9684E-02
-4.1887E-02
-4.4425E-02
-4.7945E-02
-5.2552E-02
-5.7330E-02
-6.1105E-02
-6.3894E-02
-6.7296E-02
-7.1498E-02
-7.4824E-02
-7.6361E-02
-7.6791E-02
-7.7865E-02
-7.9578E-02
-8.0427E-02
-8.1007E-02
-8.2725E-02
-8.4481E-02
-8.4500E-02
-8.2789E-02
-8.1130E-02
-8.0534E-02
-7.8965E-02
-7.5220E-02
-7.1453E-02
-6.9023E-02
-6.6975E-02
-6.3898E-02
-5.9715E-02
-5.6027E-02
-5.3508E-02
-5.1391E-02
-4.9092E-02
-4.6732E-02
-4.5085E-02
-4.5491E-02
-4.8653E-02
-5.2758E-02
-5.5665E-02
-5.8336E-02
-6.3096E-02
-7.0826E-02
-7.9252E-02
-8.5194E-02
-8.8624E-02
-9.1276E-02
-9.4850E-02
-9.9070E-02
-1.0227E-01
-1.0383E-01
-1.0408E-01
-1.0402E-01
-1.0382E-01
-1.0260E-01
-9.9157E-02
-9.2938E-02
-8.5659E-02
-7.8791E-02
-7.2101E-02
-6.4428E-02
-5.5781E-02
-4.8469E-02
-4.2605E-02
-3.5361E-02
-2.7385E-02
-2.1291E-02
-1.5296E-02
-7.0014E-03
2.5343E-03
1.2057E-02
2.1366E-02
2.9375E-02
3.4692E-02
3.7914E-02
4.0339E-02
4.2758E-02
4.4695E-02
4.5019E-02
4.3712E-02
4.1964E-02
4.1123E-02
4.0443E-02
3.8821E-02
3.7470E-02
3.6638E-02
3.4238E-02
2.9919E-02
2.5107E-02
1.9882E-02
1.3123E-02
4.7166E-03
-3.9282E-03
-1.1609E-02
-1.9405E-02
-2.7839E-02
-3.4931E-02
-4.0522E-02
-4.6601E-02
-5.2285E-02
-5.5749E-02
-5.8773E-02
-6.2745E-02
-6.6375E-02
-6.8458E-02
-6.8789E-02
-6.7815E-02
-6.5716E-02
-6.2389E-02
-5.6944E-02
-4.8848E-02
-4.0208E-02
-3.2772E-02
-2.5894E-02
-1.9295E-02
-1.3870E-02
-9.5448E-03
-4.7585E-03
2.2365E-03
1.0513E-02
1.7083E-02
2.1728E-02
2.6137E-02
3.0923E-02
3.5345E-02
3.8603E-02
4.1084E-02
4.3288E-02
4.4675E-02
4.5213E-02
4.6319E-02
4.8486E-02
5.0922E-02
5.3203E-02
5.5560E-02
5.8046E-02
5.9883E-02
6.0562E-02
6.1398E-02
6.2972E-02
6.3251E-02
6.1821E-02
6.0791E-02
6.0197E-02
5.8570E-02
5.6154E-02
5.3630E-02
5.1197E-02
4.9483E-02
4.8886E-02
4.8072E-02
4.6398E-02
4.5149E-02
4.4800E-02
4.4943E-02
4.5950E-02
4.7479E-02
4.7492E-02
4.6106E-02
4.5279E-02
4.3987E-02
4.0473E-02
3.6529E-02
3.3816E-02
3.1734E-02
2.9537E-02
2.7133E-02
2.4667E-02
2.2633E-02
2.1666E-02
2.1494E-02
2.1579E-02
2.2360E-02
2.4310E-02
2.6777E-02
2.9157E-02
3.1407E-02
3.3654E-02
3.6056E-02
3.8556E-02
4.0432E-02
4.1119E-02
4.1819E-02
4.3505E-02
4.4887E-02
4.5500E-02
4.6714E-02
4.8887E-02
5.1385E-02
5.3877E-02
5.5884E-02
5.6745E-02
5.7236E-02
5.8862E-02
6.1406E-02
6.3638E-02
6.4703E-02
6.4877E-02
6.4855E-02
6.4269E-02
6.2283E-02
5.8893E-02
5.4146E-02
4.7941E-02
4.0840E-02
3.3983E-02
2.8264E-02
2.2996E-02
1.6775E-02
1.0940E-02
7.4586E-03
4.5175E-03
5.2109E-04
-3.2144E-03
-5.2842E-03
-5.7084E-03
-5.6467E-03
-5.5473E-03
-4.5947E-03
-1.9407E-03
2.1467E-03
5.9853E-03
8.9379E-03
1.2452E-02
1.6151E-02
1.7856E-02
1.8389E-02
2.0063E-02
2.2737E-02
2.4867E-02
2.5610E-02
2.6095E-02
2.7780E-02
3.0216E-02
3.2677E-02
3.5089E-02
3.6971E-02
3.7643E-02
3.7582E-02
3.7474E-02
3.7469E-02
3.7599E-02
3.7696E-02
3.6982E-02
3.5170E-02
3.3699E-02
3.3488E-02
3.3819E-02
3.3398E-02
3.1457E-02
2.8800E-02
2.6751E-02
2.6005E-02
2.5515E-02
2.3825E-02
2.1368E-02
1.9006E-02
1.6766E-02
1.4360E-02
1.2004E-02
1.0554E-02
1.0006E-02
8.8837E-03
7.1472E-03
6.2388E-03
6.1795E-03
6.3736E-03
7.2533E-03
9.6137E-03
1.3480E-02
1.8061E-02
2.2790E-02
2.7578E-02
3.1886E-02
3.5004E-02
3.7871E-02
4.1877E-02
4.5999E-02
4.8478E-02
4.9214E-02
4.9749E-02
5.1396E-02
5.3078E-02
5.3553E-02
5.3474E-02
5.3187E-02
5.1828E-02
4.8799E-02
4.4614E-02
4.0987E-02
3.8146E-02
3.4585E-02
3.0027E-02
2.5266E-02
2.0645E-02
1.6054E-02
1.1449E-02
6.8673E-03
2.2013E-03
-2.5907E-03
-6.9303E-03
-1.0150E-02
-1.3150E-02
-1.7077E-02
-2.0322E-02
-2.1286E-02
-2.1231E-02
-2.0401E-02
-1.7482E-02
-1.3033E-02
-8.0807E-03
-2.3094E-03
4.0140E-03
9.5110E-03
1.4639E-02
2.0997E-02
2.8266E-02
3.5011E-02
4.0442E-02
4.5644E-02
5.1900E-02
5.8154E-02
6.3284E-02
6.7864E-02
7.2006E-02
7.5116E-02
7.7564E-02
7.9593E-02
8.0675E-02
8.1333E-02
8.2829E-02
8.4432E-02
8.5107E-02
8.6047E-02
8.7734E-02
8.8820E-02
8.9004E-02
8.8869E-02
8.8062E-02
8.6020E-02
8.3401E-02
8.1539E-02
8.0996E-02
8.0362E-02
7.8464E-02
7.5975E-02
7.3611E-02
7.1351E-02
6.9047E-02
6.6747E-02
6.4485E-02
6.2104E-02
5.9635E-02
5.7899E-02
5.7442E-02
5.6847E-02
5.4528E-02
5.0490E-02
4.6378E-02
4.3525E-02
4.0700E-02
3.6195E-02
2.9994E-02
2.3570E-02
1.8220E-02
1.3514E-02
9.2412E-03
5.9842E-03
2.9332E-03
-1.1129E-03
-3.9407E-03
-2.9219E-03
5.7037E-05
2.2180E-03
2.7890E-03
3.2190E-03
5.0423E-03
7.6956E-03
9.8763E-03
1.0769E-02
1.0711E-02
1.0686E-02
1.1044E-02
1.0619E-02
7.8218E-03
4.1110E-03
2.6384E-03
3.1340E-03
2.9453E-03
2.6562E-04
-3.2589E-03
-4.7898E-03
-5.9335E-03
-9.4840E-03
-1.4465E-02
-1.9265E-02
-2.3775E-02
-2.8334E-02
-3.2994E-02
-3.7641E-02
-4.2225E-02
-4.6816E-02
-5.1526E-02
-5.6155E-02
-5.9971E-02
-6.2611E-02
-6.4778E-02
-6.7015E-02
-6.9366E-02
-7.1792E-02
-7.3958E-02
-7.5159E-02
-7.5317E-02
-7.5173E-02
-7.5218E-02
-7.5221E-02
-7.4356E-02
-7.1895E-02
-6.8015E-02
-6.3662E-02
-5.8877E-02
-5.2238E-02
-4.3997E-02
-3.7065E-02
-3.2278E-02
-2.7958E-02
-2.2591E-02
-1.5874E-02
-8.6647E-03
-1.9960E-03
3.3376E-03
7.1866E-03
9.8712E-03
1.2210E-02
1.4142E-02
1.4983E-02
1.5104E-02
1.4919E-02
1.3909E-02
1.1920E-02
9.6482E-03
6.8770E-03
2.7769E-03
-2.1089E-03
-6.5935E-03
-9.8822E-03
-1.2225E-02
-1.4427E-02
-1.6838E-02
-1.9070E-02
-2.0255E-02
-2.0167E-02
-1.9888E-02
-2.1396E-02
-2.5047E-02
-2.7861E-02
-2.8268E-02
-2.7797E-02
-2.8260E-02
-3.0242E-02
-3.2809E-02
-3.4901E-02
-3.5926E-02
-3.5621E-02
-3.3685E-02
-3.0290E-02
-2.6025E-02
-2.1594E-02
-1.6099E-02
-8.1406E-03
1.2162E-03
1.0718E-02
2.0192E-02
2.8679E-02
3.4798E-02
3.9372E-02
4.3821E-02
4.8461E-02
5.3182E-02
5.7927E-02
6.2109E-02
6.4827E-02
6.6043E-02
6.6240E-02
6.6167E-02
6.6184E-02
6.6204E-02
6.6165E-02
6.6198E-02
6.6364E-02
6.6022E-02
6.4340E-02
6.1790E-02
5.9598E-02
5.8620E-02
5.8157E-02
5.6698E-02
5.4315E-02
5.1912E-02
4.9776E-02
4.7259E-02
4.3475E-02
3.8698E-02
3.4119E-02
3.0671E-02
2.7713E-02
2.3871E-02
2.0402E-02
1.9109E-02
1.8258E-02
1.6952E-02
1.7100E-02
1.8491E-02
1.9353E-02
2.0891E-02
2.4442E-02
2.8120E-02
3.1103E-02
3.4749E-02
3.9311E-02
4.4128E-02
4.8898E-02
5.3178E-02
5.6351E-02
5.8766E-02
6.0984E-02
6.2535E-02
6.2578E-02
6.1101E-02
5.8922E-02
5.6566E-02
5.3477E-02
4.9201E-02
4.4437E-02
3.9777E-02
3.5203E-02
3.0600E-02
2.5969E-02
2.1347E-02
1.6734E-02
1.2122E-02
7.5055E-03
2.8820E-03
-1.7421E-03
-6.3419E-03
-1.0939E-02
-1.5614E-02
-2.0220E-02
-2.4067E-02
-2.6419E-02
-2.7284E-02
-2.7346E-02
-2.7266E-02
-2.7228E-02
-2.7268E-02
-2.7404E-02
-2.7065E-02
-2.5440E-02
-2.2905E-02
-2.0628E-02
-1.9578E-02
-1.9210E-02
-1.7778E-02
-1.5037E-02
-1.2939E-02
-1.3954E-02
-1.7152E-02
-1.8989E-02
-2.0287E-02
-2.3537E-02
-2.6557E-02
-2.7586E-02
-2.8635E-02
-3.0409E-02
-3.1238E-02
-3.0294E-02
-2.8323E-02
-2.7025E-02
-2.6938E-02
-2.7165E-02
-2.6542E-02
-2.4527E-02
-2.1913E-02
-1.9873E-02
-1.9090E-02
-1.9087E-02
-1.9139E-02
-1.9116E-02
-1.9116E-02
-1.9088E-02
-1.8980E-02
-1.9043E-02
-1.9374E-02
-1.8815E-02
-1.5922E-02
-1.2375E-02
-1.0955E-02
-1.0434E-02
-8.6404E-03
-5.9554E-03
-3.8479E-03
-3.1703E-03
-3.3476E-03
-3.2945E-03
-2.1849E-03
-3.3608E-05
2.3919E-03
4.6876E-03
6.9957E-03
9.4370E-03
1.1540E-02
1.2525E-02
1.2514E-02
1.2412E-02
1.3229E-02
1.5338E-02
1.7945E-02
1.9858E-02
2.0476E-02
2.0505E-02
2.0302E-02
1.9204E-02
1.7082E-02
1.4648E-02
1.2334E-02
1.0088E-02
7.7872E-03
5.4188E-03
3.1277E-03
1.0035E-03
-1.4165E-03
-4.9120E-03
-8.6994E-03
-1.0727E-02
-1.1105E-02
-1.0816E-02
-8.9997E-03
-5.3503E-03
-1.8458E-03
1.2084E-03
5.0312E-03
8.8487E-03
1.1860E-02
1.5280E-02
1.9310E-02
2.2578E-02
2.4945E-02
2.7094E-02
2.9328E-02
3.1813E-02
3.4466E-02
3.5818E-02
3.4396E-02
3.1669E-02
2.9422E-02
2.7567E-02
2.4226E-02
1.8396E-02
1.2941E-02
9.6798E-03
6.5174E-03
2.1287E-03
-2.6815E-03
-7.2812E-03
-1.1897E-02
-1.6677E-02
-2.0879E-02
-2.3856E-02
-2.6818E-02
-3.0827E-02
-3.4625E-02
-3.7255E-02
-3.9365E-02
-4.1566E-02
-4.3956E-02
-4.6447E-02
-4.8460E-02
-4.9281E-02
-4.9749E-02
-5.1386E-02
-5.3928E-02
-5.6124E-02
-5.7160E-02
-5.7348E-02
-5.7286E-02
-5.6551E-02
-5.4711E-02
-5.2418E-02
-4.9613E-02
-4.5696E-02
-4.1741E-02
-3.8811E-02
-3.5669E-02
-3.1341E-02
-2.6547E-02
-2.1918E-02
-1.7282E-02
-1.2476E-02
-8.1503E-03
-5.0127E-03
-2.0176E-03
1.9894E-03
5.2149E-03
5.9310E-03
5.5659E-03
5.7179E-03
5.9431E-03
4.3476E-03
8.3375E-04
-1.5771E-03
-2.8037E-03
-5.7208E-03
-9.2108E-03
-1.0309E-02
-9.8688E-03
-9.8322E-03
-1.0240E-02
-9.1979E-03
-5.6304E-03
-1.8226E-03
1.4109E-03
6.1936E-03
1.2421E-02
1.7980E-02
2.2667E-02
2.6949E-02
3.0409E-02
3.3039E-02
3.5336E-02
3.6904E-02
3.7438E-02
3.8315E-02
4.0437E-02
4.3068E-02
4.4911E-02
4.5305E-02
4.5097E-02
4.5123E-02
4.5346E-02
4.4920E-02
4.3132E-02
4.0687E-02
3.8323E-02
3.6068E-02
3.3785E-02
3.1468E-02
2.9162E-02
2.6868E-02
2.4563E-02
2.2252E-02
1.9967E-02
1.7697E-02
1.5346E-02
1.2947E-02
1.0803E-02
8.8153E-03
5.4079E-03
-5.7327E-04
-6.9439E-03
-1.1866E-02
-1.6080E-02
-2.1137E-02
-2.7575E-02
-3.3913E-02
-3.8769E-02
-4.2095E-02
-4.3988E-02
-4.4621E-02
-4.4825E-02
-4.4391E-02
-4.1968E-02
-3.8135E-02
-3.4912E-02
-3.1882E-02
-2.7913E-02
-2.4132E-02
-2.1482E-02
-1.9322E-02
-1.7058E-02
-1.4710E-02
-1.2341E-02
-1.0121E-02
-8.7962E-03
-9.6954E-03
-1.3282E-02
-1.7220E-02
-2.0102E-02
-2.3381E-02
-2.7922E-02
-3.2754E-02
-3.6549E-02
-3.9355E-02
-4.2749E-02
-4.6795E-02
-5.0051E-02
-5.2457E-02
-5.4512E-02
-5.5825E-02
-5.6164E-02
-5.6040E-02
-5.5757E-02
-5.5902E-02
-5.7876E-02
-6.1613E-02
-6.5001E-02
-6.7967E-02
-7.1854E-02
-7.5791E-02
-7.8514E-02
-8.0629E-02
-8.2999E-02
-8.5391E-02
-8.6844E-02
-8.7441E-02
-8.8690E-02
-9.0017E-02
-8.9350E-02
-8.7725E-02
-8.6968E-02
-8.6120E-02
-8.4218E-02
-8.1888E-02
-7.9077E-02
-7.4976E-02
-7.0087E-02
-6.5604E-02
-6.2310E-02
-5.9909E-02
-5.7672E-02
-5.5407E-02
-5.2960E-02
-4.9643E-02
-4.4725E-02
-3.8310E-02
-3.1967E-02
-2.6883E-02
-2.2427E-02
-1.7909E-02
-1.3248E-02
-8.4380E-03
-3.9354E-03
-1.1165E-03
-8.6961E-04
-2.4951E-03
-4.8226E-03
-7.1656E-03
-9.3763E-03
-1.1798E-02
-1.5212E-02
-2.0271E-02
-2.6711E-02
-3.2840E-02
-3.8014E-02
-4.3736E-02
-5.0237E-02
-5.5832E-02
-5.9615E-02
-6.2335E-02
-6.5805E-02
-6.9700E-02
-7.1652E-02
-7.1055E-02
-6.9022E-02
-6.6885E-02
-6.4027E-02
-5.8852E-02
-5.2427E-02
-4.7080E-02
-4.2762E-02
-3.8032E-02
-3.1987E-02
-2.5447E-02
-2.0004E-02
-1.6148E-02
-1.3697E-02
-1.1693E-02
-8.7941E-03
-4.7149E-03
-1.5994E-03
-4.2325E-04
1.6466E-03
5.0818E-03
6.9853E-03
7.5546E-03
9.1611E-03
1.1824E-02
1.3998E-02
1.4756E-02
1.5185E-02
1.6884E-02
1.9475E-02
2.1682E-02
2.2706E-02
2.2829E-02
2.2753E-02
2.2664E-02
2.2788E-02
2.3884E-02
2.6183E-02
2.8708E-02
3.0147E-02
3.0780E-02
3.2934E-02
3.6503E-02
3.8555E-02
3.8657E-02
3.8380E-02
3.8401E-02
3.8506E-02
3.8502E-02
3.8430E-02
3.8449E-02
3.8616E-02
3.8424E-02
3.7086E-02
3.5172E-02
3.4330E-02
3.5204E-02
3.7126E-02
3.8445E-02
3.8602E-02
3.8447E-02
3.8532E-02
3.8489E-02
3.7494E-02
3.5413E-02
3.2961E-02
3.0577E-02
2.8333E-02
2.6204E-02
2.3616E-02
1.9814E-02
1.5633E-02
1.2690E-02
1.0717E-02
8.1879E-03
4.2737E-03
6.5642E-04
-6.9033E-04
-1.9147E-03
-5.5861E-03
-1.0569E-02
-1.5345E-02
-1.9876E-02
-2.4466E-02
-2.9088E-02
-3.3684E-02
-3.8414E-02
-4.3201E-02
-4.7194E-02
-5.0061E-02
-5.3342E-02
-5.7191E-02
-5.9415E-02
-5.9597E-02
-5.9339E-02
-5.9520E-02
-5.9318E-02
-5.7102E-02
-5.2342E-02
-4.5899E-02
-3.9018E-02
-3.1937E-02
-2.3949E-02
-1.4947E-02
-5.5909E-03
3.8318E-03
1.2930E-02
2.0374E-02
2.5251E-02
2.8233E-02
3.0505E-02
3.2810E-02
3.5271E-02
3.7376E-02
3.8400E-02
3.8494E-02
3.8400E-02
3.8410E-02
3.8414E-02
3.8380E-02
3.8451E-02
3.8527E-02
3.7867E-02
3.5987E-02
3.3605E-02
3.0938E-02
2.7356E-02
2.2430E-02
1.5685E-02
7.2938E-03
-1.0818E-03
-7.3520E-03
-1.3082E-02
-2.1043E-02
-2.9823E-02
-3.7118E-02
-4.2720E-02
-4.6953E-02
-4.9879E-02
-5.2149E-02
-5.4371E-02
-5.6676E-02
-5.9098E-02
-6.1485E-02
-6.3128E-02
-6.3588E-02
-6.3587E-02
-6.3193E-02
-6.1751E-02
-5.9628E-02
-5.7150E-02
-5.3124E-02
-4.6462E-02
-3.7903E-02
-2.8787E-02
-1.9505E-02
-9.3349E-03
1.7082E-03
1.2152E-02
2.1565E-02
3.0711E-02
3.9461E-02
4.6563E-02
5.1087E-02
5.3549E-02
5.5697E-02
5.8425E-02
6.0397E-02
5.9287E-02
5.6057E-02
5.4240E-02
5.2997E-02
4.9690E-02
4.5818E-02
4.2711E-02
3.9114E-02
3.5137E-02
3.2128E-02
2.9270E-02
2.4856E-02
1.8700E-02
1.2205E-02
6.8297E-03
2.2751E-03
-2.2037E-03
-6.7941E-03
-1.1603E-02
-1.6424E-02
-1.9829E-02
-2.0727E-02
-2.0547E-02
-2.0109E-02
-1.8786E-02
-1.6690E-02
-1.4161E-02
-1.0771E-02
-6.8102E-03
-3.5630E-03
-4.9315E-04
3.4403E-03
6.4938E-03
7.4256E-03
8.2771E-03
1.0421E-02
1.3012E-02
1.4688E-02
1.5001E-02
1.4841E-02
1.4841E-02
1.4884E-02
1.4816E-02
1.4829E-02
1.5084E-02
1.4628E-02
1.1853E-02
7.0504E-03
2.3065E-03
-2.9911E-04
-1.2171E-03
-3.5193E-03
-8.0468E-03
-1.2968E-02
-1.6683E-02
-1.9436E-02
-2.2898E-02
-2.7079E-02
-3.0339E-02
-3.1948E-02
-3.2206E-02
-3.2082E-02
-3.2080E-02
-3.2114E-02
-3.2094E-02
-3.2085E-02
-3.2143E-02
-3.2131E-02
-3.1941E-02
-3.2260E-02
-3.4145E-02
-3.7062E-02
-3.8700E-02
-3.6838E-02
-3.3311E-02
-3.1766E-02
-3.1970E-02
-3.2211E-02
-3.2131E-02
-3.2050E-02
-3.2077E-02
-3.2117E-02
-3.2100E-02
-3.2050E-02
-3.2088E-02
-3.2218E-02
-3.1788E-02
-2.9873E-02
-2.6446E-02
-2.2000E-02
-1.7308E-02
-1.2733E-02
-8.0859E-03
-3.2769E-03
1.0633E-03
4.2200E-03
7.1679E-03
1.1153E-02
1.4531E-02
1.5168E-02
1.3658E-02
1.1491E-02
9.2607E-03
6.2552E-03
2.1395E-03
-1.6221E-03
-4.1887E-03
-6.3015E-03
-8.6194E-03
-1.0984E-02
-1.2564E-02
-1.2485E-02
-1.0812E-02
-9.0580E-03
-8.4874E-03
-7.8730E-03
-5.8504E-03
-3.1456E-03
-1.3589E-03
-8.5997E-04
5.8092E-04
4.2770E-03
8.0965E-03
1.0663E-02
1.2787E-02
1.5130E-02
1.7432E-02
1.9525E-02
2.2258E-02
2.6344E-02
2.9899E-02
3.0926E-02
3.1401E-02
3.3442E-02
3.6320E-02
3.7722E-02
3.6482E-02
3.4824E-02
3.4189E-02
3.3205E-02
3.1128E-02
2.8630E-02
2.6187E-02
2.4079E-02
2.2878E-02
2.2650E-02
2.2798E-02
2.2928E-02
2.2798E-02
2.2433E-02
2.3134E-02
2.6303E-02
2.9909E-02
3.1058E-02
3.0704E-02
3.0510E-02
3.0621E-02
3.0718E-02
3.0676E-02
3.0539E-02
3.0727E-02
3.1943E-02
3.4124E-02
3.6537E-02
3.8840E-02
4.1149E-02
4.3511E-02
4.5754E-02
4.7926E-02
5.0849E-02
5.5010E-02
5.8995E-02
6.1282E-02
6.1850E-02
6.2285E-02
6.4092E-02
6.6713E-02
6.8849E-02
6.9806E-02
6.9991E-02
6.9899E-02
6.9050E-02
6.7220E-02
6.5088E-02
6.1920E-02
5.6376E-02
5.0010E-02
4.4814E-02
4.0389E-02
3.5886E-02
3.1216E-02
2.6502E-02
2.1947E-02
1.8164E-02
1.5837E-02
1.5052E-02
1.5120E-02
1.5123E-02
1.4806E-02
1.5288E-02
1.8028E-02
2.1979E-02
2.5074E-02
2.7994E-02
3.2178E-02
3.7127E-02
4.1478E-02
4.4481E-02
4.6735E-02
4.8947E-02
5.1255E-02
5.3699E-02
5.6139E-02
5.7778E-02
5.8322E-02
5.9242E-02
6.0975E-02
6.2100E-02
6.2238E-02
6.2080E-02
6.1964E-02
6.2190E-02
6.3423E-02
6.5694E-02
6.8156E-02
6.9745E-02
7.0074E-02
6.9926E-02
6.9890E-02
6.9942E-02
6.9969E-02
6.9936E-02
6.9886E-02
6.9953E-02
7.0108E-02
6.9613E-02
6.7748E-02
6.5224E-02
6.2893E-02
6.0801E-02
5.8119E-02
5.3992E-02
4.9058E-02
4.4638E-02
4.1473E-02
3.8590E-02
3.4668E-02
3.0670E-02
2.7870E-02
2.5740E-02
2.3551E-02
2.1183E-02
1.8697E-02
1.6508E-02
1.5366E-02
1.4901E-02
1.3568E-02
1.1134E-02
8.8128E-03
7.6515E-03
7.0026E-03
5.4482E-03
4.3055E-03
5.3543E-03
6.1831E-03
4.8706E-03
3.4195E-03
3.2077E-03
3.4124E-03
3.3020E-03
3.3919E-03
4.6322E-03
6.5030E-03
7.3947E-03
7.2217E-03
7.2429E-03
8.4493E-03
1.0186E-02
1.1020E-02
1.1666E-02
1.3331E-02
1.4804E-02
1.5374E-02
1.6479E-02
1.8777E-02
2.1253E-02
2.2640E-02
2.3103E-02
2.4281E-02
2.6197E-02
2.7088E-02
2.6169E-02
2.4315E-02
2.3249E-02
2.2394E-02
1.9532E-02
1.4941E-02
1.0080E-02
5.3591E-03
1.0215E-03
-2.2183E-03
-4.4303E-03
-6.7099E-03
-1.0150E-02
-1.4072E-02
-1.6251E-02
-1.6474E-02
-1.6220E-02
-1.6176E-02
-1.6281E-02
-1.6434E-02
-1.6101E-02
-1.4489E-02
-1.1959E-02
-9.7260E-03
-8.7483E-03
-8.0497E-03
-5.3219E-03
-5.5434E-05
6.5903E-03
1.2687E-02
1.7519E-02
2.1959E-02
2.6652E-02
3.1319E-02
3.5094E-02
3.7654E-02
3.9809E-02
4.2192E-02
4.4553E-02
4.6070E-02
4.6481E-02
4.6509E-02
4.5999E-02
4.4377E-02
4.2793E-02
4.2168E-02
4.1233E-02
3.9253E-02
3.6923E-02
3.4088E-02
2.9908E-02
2.4955E-02
2.0604E-02
1.7557E-02
1.4635E-02
1.0644E-02
6.8083E-03
3.8981E-03
5.5110E-04
-3.9325E-03
-8.7931E-03
-1.2882E-02
-1.5294E-02
-1.6122E-02
-1.6664E-02
-1.8276E-02
-2.0061E-02
-2.0523E-02
-2.0161E-02
-2.0440E-02
-2.2110E-02
-2.3940E-02
-2.4448E-02
-2.4213E-02
-2.4230E-02
-2.4464E-02
-2.3929E-02
-2.2165E-02
-2.0657E-02
-2.0087E-02
-1.9042E-02
-1.6910E-02
-1.4429E-02
-1.2090E-02
-9.8599E-03
-7.5949E-03
-5.1835E-03
-2.7726E-03
-1.1149E-03
-6.8791E-04
-7.0927E-04
-1.0093E-03
-2.4071E-03
-4.8321E-03
-7.1751E-03
-8.3970E-03
-8.9347E-03
-1.0300E-02
-1.2091E-02
-1.2790E-02
-1.2667E-02
-1.2598E-02
-1.2663E-02
-1.2575E-02
-1.2534E-02
-1.3384E-02
-1.5119E-02
-1.6300E-02
-1.6975E-02
-1.8452E-02
-2.0035E-02
-2.0717E-02
-2.1686E-02
-2.3391E-02
-2.4468E-02
-2.4576E-02
-2.4423E-02
-2.4371E-02
-2.4456E-02
-2.4637E-02
-2.4267E-02
-2.2493E-02
-1.9867E-02
-1.7789E-02
-1.7040E-02
-1.6087E-02
-1.2906E-02
-8.8939E-03
-5.9495E-03
-3.6668E-03
-1.8774E-03
-1.1563E-03
-5.0807E-04
1.2203E-03
2.8465E-03
2.8658E-03
1.2684E-03
-9.6361E-04
-3.3436E-03
-6.5135E-03
-1.0858E-02
-1.5620E-02
-2.0236E-02
-2.4862E-02
-2.9645E-02
-3.4033E-02
-3.7313E-02
-4.0273E-02
-4.4132E-02
-4.7962E-02
-5.0977E-02
-5.4472E-02
-5.8192E-02
-6.0002E-02
-6.0049E-02
-5.9854E-02
-5.9885E-02
-5.9873E-02
-5.9864E-02
-6.0136E-02
-6.0037E-02
-5.7989E-02
-5.4514E-02
-5.2513E-02
-5.1372E-02
-4.8220E-02
-4.4110E-02
-4.1316E-02
-3.9438E-02
-3.6713E-02
-3.2582E-02
-2.9252E-02
-2.8307E-02
-2.7646E-02
-2.5597E-02
-2.2929E-02
-2.1098E-02
-2.0722E-02
-2.0911E-02
-2.0959E-02
-2.0903E-02
-2.0885E-02
-2.0931E-02
-2.0984E-02
-2.0919E-02
-2.0777E-02
-2.1234E-02
-2.2899E-02
-2.5147E-02
-2.7720E-02
-3.1299E-02
-3.5442E-02
-3.8628E-02
-4.0785E-02
-4.3118E-02
-4.6628E-02
-5.0783E-02
-5.4086E-02
-5.6443E-02
-5.8609E-02
-6.0890E-02
-6.3330E-02
-6.5828E-02
-6.7617E-02
-6.8159E-02
-6.8817E-02
-7.0797E-02
-7.3449E-02
-7.5451E-02
-7.6057E-02
-7.5919E-02
-7.5886E-02
-7.6090E-02
-7.5843E-02
-7.4258E-02
-7.1703E-02
-6.9522E-02
-6.8636E-02
-6.7716E-02
-6.4629E-02
-6.1140E-02
-5.9988E-02
-5.9494E-02
-5.7533E-02
-5.4804E-02
-5.3055E-02
-5.2556E-02
-5.0988E-02
-4.7309E-02
-4.3598E-02
-4.0905E-02
-3.8781E-02
-3.7508E-02
-3.6730E-02
-3.4373E-02
-3.0840E-02
-2.9003E-02
-2.9008E-02
-2.9282E-02
-2.9250E-02
-2.9146E-02
-2.9188E-02
-2.9328E-02
-2.9260E-02
-2.8916E-02
-2.9491E-02
-3.2439E-02
-3.6057E-02
-3.7430E-02
-3.7192E-02
-3.7030E-02
-3.7156E-02
-3.7123E-02
-3.7028E-02
-3.7786E-02
-3.9635E-02
-4.1067E-02
-4.1212E-02
-4.0921E-02
-4.1555E-02
-4.3438E-02
-4.4991E-02
-4.5216E-02
-4.4881E-02
-4.5322E-02
-4.7216E-02
-4.9713E-02
-5.2045E-02
-5.4290E-02
-5.6713E-02
-5.9081E-02
-6.0538E-02
-6.1017E-02
-6.2026E-02
-6.4274E-02
-6.6845E-02
-6.8430E-02
-6.8852E-02
-6.9738E-02
-7.1987E-02
-7.4605E-02
-7.6126E-02
-7.6713E-02
-7.8749E-02
-8.2323E-02
-8.4500E-02
-8.4669E-02
-8.4390E-02
-8.4401E-02
-8.4508E-02
-8.4521E-02
-8.4481E-02
-8.4484E-02
-8.4579E-02
-8.4474E-02
-8.3454E-02
-8.0944E-02
-7.6969E-02
-7.2317E-02
-6.7594E-02
-6.2960E-02
-5.8545E-02
-5.4082E-02
-4.8557E-02
-4.2281E-02
-3.8298E-02
-3.7063E-02
-3.4785E-02
-3.0098E-02
-2.5263E-02
-2.2656E-02
-2.1564E-02
-1.9003E-02
-1.5711E-02
-1.4179E-02
-1.2553E-02
-9.3209E-03
-7.0193E-03
-5.7326E-03
-2.7223E-03
7.5601E-04
1.7207E-03
1.0225E-03
1.5629E-03
4.8341E-03
8.4156E-03
9.5306E-03
9.2552E-03
8.9146E-03
8.6431E-03
9.7176E-03
1.3248E-02
1.6567E-02
1.7185E-02
1.6463E-02
1.7279E-02
2.0789E-02
2.4173E-02
2.5015E-02
2.4630E-02
2.4491E-02
2.4593E-02
2.4626E-02
2.4581E-02
2.4547E-02
2.4537E-02
2.4550E-02
2.4570E-02
2.4504E-02
2.4384E-02
2.4536E-02
2.4889E-02
2.3847E-02
2.0305E-02
1.6990E-02
1.6255E-02
1.6750E-02
1.6424E-02
1.4677E-02
1.2403E-02
9.8830E-03
6.3396E-03
2.1609E-03
-1.0476E-03
-3.1558E-03
-5.5555E-03
-9.2687E-03
-1.2973E-02
-1.4540E-02
-1.5764E-02
-1.9145E-02
-2.2356E-02
-2.3159E-02
-2.2786E-02
-2.2576E-02
-2.2743E-02
-2.3120E-02
-2.2678E-02
-1.9971E-02
-1.6308E-02
-1.4730E-02
-1.5116E-02
-1.5076E-02
-1.2705E-02
-8.6747E-03
-5.3559E-03
-3.2065E-03
-9.5948E-04
2.4834E-03
6.6388E-03
9.9543E-03
1.2284E-02
1.4496E-02
1.6859E-02
1.9063E-02
2.1173E-02
2.4141E-02
2.8154E-02
3.1027E-02
3.2200E-02
3.4509E-02
3.7979E-02
3.9746E-02
3.9737E-02
3.9359E-02
3.9166E-02
3.9764E-02
4.1487E-02
4.2407E-02
4.1245E-02
4.0707E-02
4.2018E-02
4.3108E-02
4.3788E-02
4.5354E-02
4.6922E-02
4.7335E-02
4.7150E-02
4.7062E-02
4.7095E-02
4.7104E-02
4.7084E-02
4.7066E-02
4.7029E-02
4.7007E-02
4.7081E-02
4.6987E-02
4.5969E-02
4.3753E-02
4.1142E-02
3.9412E-02
3.8971E-02
3.8229E-02
3.6062E-02
3.3368E-02
3.1717E-02
3.1189E-02
2.9376E-02
2.5783E-02
2.3434E-02
2.2950E-02
2.1648E-02
1.7573E-02
1.1469E-02
6.5431E-03
3.8650E-03
1.8549E-03
-4.4762E-04
-2.8960E-03
-5.2319E-03
-7.4515E-03
-9.7704E-03
-1.2358E-02
-1.4535E-02
-1.4817E-02
-1.3384E-02
-1.2356E-02
4.2598E-03
6.0561E-03
7.7998E-03
8.5580E-03
9.6429E-03
1.2436E-02
1.6800E-02
2.0998E-02
2.3929E-02
2.6278E-02
2.8619E-02
3.1065E-02
3.4275E-02
3.8534E-02
4.2452E-02
4.5220E-02
4.7507E-02
4.9870E-02
5.2399E-02
5.5035E-02
5.7192E-02
5.8113E-02
5.8641E-02
6.0454E-02
6.3315E-02
6.5318E-02
6.4912E-02
6.3758E-02
6.4646E-02
6.6466E-02
6.7116E-02
6.6960E-02
6.6897E-02
6.7006E-02
6.7081E-02
6.7091E-02
6.7106E-02
6.7145E-02
6.7159E-02
6.7129E-02
6.7149E-02
6.7272E-02
6.7043E-02
6.5738E-02
6.3522E-02
6.1154E-02
5.8921E-02
5.6630E-02
5.4211E-02
5.2297E-02
5.1608E-02
5.1660E-02
5.1724E-02
5.1670E-02
5.1608E-02
5.1594E-02
5.1604E-02
5.1544E-02
5.1380E-02
5.1575E-02
5.2854E-02
5.5056E-02
5.7302E-02
5.8642E-02
5.8726E-02
5.8322E-02
5.8663E-02
6.0273E-02
6.1784E-02
6.1967E-02
6.1487E-02
6.1713E-02
6.3202E-02
6.4664E-02
6.4951E-02
6.4640E-02
6.4300E-02
6.4022E-02
6.4446E-02
6.5950E-02
6.7184E-02
6.7157E-02
6.6608E-02
6.6861E-02
6.8291E-02
6.9478E-02
6.9634E-02
6.9369E-02
6.8466E-02
6.6580E-02
6.5552E-02
6.6552E-02
6.7617E-02
6.7393E-02
6.6801E-02
6.7244E-02
6.8474E-02
6.8323E-02
6.6528E-02
6.5135E-02
6.4727E-02
6.4522E-02
6.4144E-02
6.3713E-02
6.3327E-02
6.2956E-02
6.2568E-02
6.2161E-02
6.1741E-02
6.1338E-02
6.0969E-02
6.0537E-02
5.9970E-02
5.9695E-02
6.0412E-02
6.1609E-02
6.1873E-02
6.1189E-02
6.0801E-02
6.1564E-02
6.2271E-02
6.1082E-02
5.9578E-02
6.0044E-02
6.1027E-02
6.0884E-02
6.0134E-02
5.9516E-02
5.9061E-02
5.8544E-02
5.7883E-02
5.7279E-02
5.6994E-02
5.6477E-02
5.4261E-02
5.0984E-02
5.0339E-02
5.2434E-02
5.3587E-02
5.3006E-02
5.2132E-02
5.1550E-02
5.1032E-02
5.0429E-02
4.9800E-02
4.9157E-02
4.8514E-02
4.7979E-02
4.7477E-02
4.6372E-02
4.4389E-02
4.2647E-02
4.1450E-02
3.9731E-02
3.8205E-02
3.8332E-02
3.8460E-02
3.6888E-02
3.5068E-02
3.4210E-02
3.3784E-02
3.3232E-02
3.2576E-02
3.1955E-02
3.1365E-02
3.0763E-02
3.0147E-02
2.9533E-02
2.8924E-02
2.8310E-02
2.7685E-02
2.7066E-02
2.6470E-02
2.5860E-02
2.5171E-02
2.4512E-02
2.4099E-02
2.3548E-02
2.1624E-02
1.8547E-02
1.7002E-02
1.7113E-02
1.6246E-02
1.4423E-02
1.3338E-02
1.2984E-02
1.2388E-02
1.1028E-02
9.3836E-03
8.2220E-03
7.5834E-03
6.8339E-03
5.3087E-03
3.5457E-03
2.5604E-03
2.1400E-03
1.7058E-03
1.1808E-03
6.9309E-04
2.1333E-04
-3.6417E-04
-7.9626E-04
-5.1362E-04
3.0193E-04
4.9198E-04
-6.4057E-04
-2.2865E-03
-2.3110E-03
-7.0337E-04
1.1912E-04
-6.0803E-05
3.0367E-04
1.3557E-03
2.2473E-03
2.2739E-03
1.4894E-03
8.0307E-04
1.3961E-03
2.8340E-03
2.8354E-03
1.5587E-03
1.2126E-03
1.5864E-03
1.3247E-03
5.3053E-04
-2.2435E-04
-8.6828E-04
-1.5344E-03
-2.2043E-03
-2.8099E-03
-3.6060E-03
-5.0415E-03
-7.0354E-03
-9.0336E-03
-1.0466E-02
-1.1205E-02
-1.1704E-02
-1.2267E-02
-1.2871E-02
-1.3449E-02
-1.3986E-02
-1.4534E-02
-1.5168E-02
-1.5767E-02
-1.5888E-02
-1.5514E-02
-1.5451E-02
-1.5678E-02
-1.5410E-02
-1.5297E-02
-1.6594E-02
-1.8723E-02
-2.0221E-02
-2.0342E-02
-2.0240E-02
-2.1296E-02
-2.2712E-02
-2.3511E-02
-2.3919E-02
-2.4251E-02
-2.4745E-02
-2.6080E-02
-2.8273E-02
-2.9915E-02
-3.0693E-02
-3.1688E-02
-3.3179E-02
-3.4687E-02
-3.6015E-02
-3.7521E-02
-3.9575E-02
-4.1717E-02
-4.3216E-02
-4.3978E-02
-4.4141E-02
-4.4098E-02
-4.4694E-02
-4.6361E-02
-4.7878E-02
-4.8246E-02
-4.8066E-02
-4.8242E-02
-4.9038E-02
-4.9829E-02
-4.9929E-02
-4.9338E-02
-4.8596E-02
-4.8283E-02
-4.8318E-02
-4.8358E-02
-4.8339E-02
-4.8372E-02
-4.8435E-02
-4.8201E-02
-4.7552E-02
-4.7043E-02
-4.6815E-02
-4.6369E-02
-4.5828E-02
-4.5602E-02
-4.5329E-02
-4.4851E-02
-4.4855E-02
-4.5569E-02
-4.6480E-02
-4.7050E-02
-4.7076E-02
-4.6874E-02
-4.7087E-02
-4.8066E-02
-4.9031E-02
-4.9247E-02
-4.9299E-02
-4.9720E-02
-5.0298E-02
-5.0792E-02
-5.1209E-02
-5.1610E-02
-5.1996E-02
-5.2338E-02
-5.2632E-02
-5.2919E-02
-5.3211E-02
-5.3365E-02
-5.3206E-02
-5.2941E-02
-5.2907E-02
-5.2885E-02
-5.2551E-02
-5.2054E-02
-5.1591E-02
-5.1141E-02
-5.0646E-02
-5.0213E-02
-5.0025E-02
-4.9869E-02
-4.9284E-02
-4.8445E-02
-4.7817E-02
-4.7372E-02
-4.6945E-02
-4.6500E-02
-4.5934E-02
-4.5141E-02
-4.4352E-02
-4.3863E-02
-4.3681E-02
-4.3555E-02
-4.3222E-02
-4.2719E-02
-4.2242E-02
-4.1934E-02
-4.1798E-02
-4.1701E-02
-4.1466E-02
-4.0996E-02
-4.0418E-02
-3.9929E-02
-3.9622E-02
-3.9340E-02
-3.8880E-02
-3.8302E-02
-3.7757E-02
-3.7351E-02
-3.7147E-02
-3.7091E-02
-3.6896E-02
-3.6375E-02
-3.5719E-02
-3.5154E-02
-3.4733E-02
-3.4361E-02
-3.4018E-02
-3.3768E-02
-3.3490E-02
-3.2989E-02
-3.2453E-02
-3.2108E-02
-3.1721E-02
-3.1107E-02
-3.0399E-02
-2.9720E-02
-2.9066E-02
-2.8410E-02
-2.7754E-02
-2.7105E-02
-2.6465E-02
-2.5827E-02
-2.5191E-02
-2.4568E-02
-2.3959E-02
-2.3320E-02
-2.2607E-02
-2.1892E-02
-2.1288E-02
-2.0794E-02
-2.0298E-02
-1.9684E-02
-1.9025E-02
-1.8426E-02
-1.7832E-02
-1.7207E-02
-1.6616E-02
-1.6078E-02
-1.5565E-02
-1.5058E-02
-1.4524E-02
-1.3915E-02
-1.3270E-02
-1.2669E-02
-1.2113E-02
-1.1588E-02
-1.1108E-02
-1.0629E-02
-1.0093E-02
-9.5633E-03
-9.1121E-03
-8.6827E-03
-8.2218E-03
-7.7504E-03
-7.3088E-03
-6.9109E-03
-6.5304E-03
-6.1482E-03
-5.7654E-03
-5.3858E-03
-5.0107E-03
-4.6384E-03
-4.2638E-03
-3.8885E-03
-3.5362E-03
-3.2222E-03
-2.9043E-03
-2.5474E-03
-2.1739E-03
-1.8055E-03
-1.4422E-03
-1.0879E-03
-7.5126E-04
-4.2316E-04
-8.1880E-05
2.8307E-04
6.4642E-04
9.8687E-04
1.3279E-03
1.6829E-03
2.0336E-03
2.3763E-03
2.7205E-03
3.0612E-03
3.3912E-03
3.7144E-03
4.0358E-03
4.3555E-03
4.6727E-03
4.9872E-03
5.2994E-03
5.6092E-03
5.9167E-03
6.2221E-03
6.5246E-03
6.8225E-03
7.1154E-03
7.4060E-03
7.6972E-03
7.9900E-03
8.2822E-03
8.5709E-03
8.8551E-03
9.1367E-03
9.4184E-03
9.7003E-03
9.9801E-03
1.0255E-02
1.0526E-02
1.0796E-02
1.1065E-02
1.1332E-02
1.1597E-02
1.1858E-02
1.2116E-02
1.2373E-02
1.2628E-02
1.2881E-02
1.3131E-02
1.3378E-02
1.3623E-02
1.3866E-02
1.4107E-02
1.4346E-02
1.4582E-02
1.4817E-02
1.5049E-02
1.5279E-02
1.5506E-02
1.5732E-02
1.5956E-02
1.6177E-02
1.6397E-02
1.6614E-02
1.6829E-02
1.7043E-02
1.7254E-02
1.7463E-02
1.7669E-02
1.7874E-02
1.8076E-02
1.8276E-02
1.8474E-02
1.8670E-02
1.8864E-02
1.9055E-02
1.9244E-02
1.9431E-02
1.9615E-02
1.9797E-02
1.9977E-02