5.1770E+03
5.0000E-03
2.3030E-02
2.2984E-02
2.2939E-02
2.2894E-02
2.2848E-02
2.2803E-02
2.2757E-02
2.2709E-02
2.2658E-02
2.2607E-02
2.2555E-02
2.2497E-02
2.2438E-02
2.2382E-02
2.2321E-02
2.2245E-02
2.2160E-02
2.2088E-02
2.2038E-02
2.1989E-02
2.1941E-02
2.1928E-02
2.1925E-02
2.1894E-02
2.1862E-02
2.1838E-02
2.1779E-02
2.1694E-02
2.1621E-02
2.1513E-02
2.1342E-02
2.1192E-02
2.1110E-02
2.1045E-02
2.0959E-02
2.0893E-02
2.0929E-02
2.1032E-02
2.1059E-02
2.0996E-02
2.0933E-02
2.0900E-02
2.0799E-02
2.0539E-02
2.0253E-02
2.0089E-02
1.9880E-02
1.9538E-02
1.9258E-02
1.9111E-02
1.9014E-02
1.9029E-02
1.9279E-02
1.9669E-02
1.9978E-02
2.0051E-02
1.9981E-02
1.9903E-02
1.9840E-02
1.9786E-02
1.9742E-02
1.9625E-02
1.9316E-02
1.8883E-02
1.8564E-02
1.8560E-02
1.8711E-02
1.8736E-02
1.8661E-02
1.8525E-02
1.8226E-02
1.7853E-02
1.7634E-02
1.7547E-02
1.7466E-02
1.7363E-02
1.7258E-02
1.7159E-02
1.7061E-02
1.6960E-02
1.6858E-02
1.6757E-02
1.6655E-02
1.6553E-02
1.6450E-02
1.6347E-02
1.6244E-02
1.6141E-02
1.6038E-02
1.5932E-02
1.5824E-02
1.5725E-02
1.5631E-02
1.5508E-02
1.5379E-02
1.5454E-02
1.5920E-02
1.6577E-02
1.7034E-02
1.7146E-02
1.7326E-02
1.7754E-02
1.7794E-02
1.7274E-02
1.6836E-02
1.6716E-02
1.6724E-02
1.6746E-02
1.6491E-02
1.5504E-02
1.3882E-02
1.2036E-02
1.0132E-02
8.4575E-03
7.4850E-03
7.1016E-03
6.9450E-03
7.3877E-03
8.5935E-03
9.5019E-03
9.5763E-03
9.2973E-03
9.0000E-03
8.9810E-03
9.8162E-03
1.1229E-02
1.1997E-02
1.1943E-02
1.1718E-02
1.1612E-02
1.1556E-02
1.1455E-02
1.1284E-02
1.1177E-02
1.1488E-02
1.2322E-02
1.3332E-02
1.4651E-02
1.6627E-02
1.8428E-02
1.8662E-02
1.6834E-02
1.3224E-02
8.5327E-03
3.3591E-03
-1.7839E-03
-6.1074E-03
-8.9081E-03
-1.0154E-02
-1.0249E-02
-9.4274E-03
-7.8254E-03
-5.5326E-03
-2.9229E-03
-5.9228E-04
9.5637E-04
1.6722E-03
1.6858E-03
1.3857E-03
1.3312E-03
2.1569E-03
4.1050E-03
6.4823E-03
7.8166E-03
8.4429E-03
1.0186E-02
1.2711E-02
1.4653E-02
1.6111E-02
1.7333E-02
1.7952E-02
1.8067E-02
1.7974E-02
1.7349E-02
1.5929E-02
1.4256E-02
1.2487E-02
9.7079E-03
4.6080E-03
-2.9271E-03
-1.0774E-02
-1.7883E-02
-2.4792E-02
-3.1048E-02
-3.5179E-02
-3.6524E-02
-3.5098E-02
-3.1395E-02
-2.6034E-02
-1.9547E-02
-1.3223E-02
-8.1822E-03
-4.3080E-03
-2.9253E-04
4.4673E-03
8.4123E-03
1.1015E-02
1.3879E-02
1.6303E-02
1.6160E-02
1.4410E-02
1.1885E-02
7.1881E-03
4.3503E-04
-6.2529E-03
-1.1863E-02
-1.5656E-02
-1.6106E-02
-1.3058E-02
-8.8551E-03
-5.5797E-03
-3.4415E-03
-9.3296E-04
2.5252E-03
5.6293E-03
6.8814E-03
5.6755E-03
2.9313E-03
-1.1587E-03
-7.3203E-03
-1.5340E-02
-2.3632E-02
-3.0369E-02
-3.5237E-02
-3.9644E-02
-4.2571E-02
-4.1454E-02
-3.7523E-02
-3.3267E-02
-2.9301E-02
-2.5691E-02
-2.2939E-02
-2.0975E-02
-1.9105E-02
-1.6489E-02
-1.2411E-02
-6.9118E-03
-1.2195E-03
3.3843E-03
7.3540E-03
1.1369E-02
1.4828E-02
1.5906E-02
1.3468E-02
9.3497E-03
4.6813E-03
-1.6563E-03
-9.0991E-03
-1.5059E-02
-1.8833E-02
-2.1077E-02
-2.2234E-02
-2.2416E-02
-2.2218E-02
-2.2758E-02
-2.4428E-02
-2.5860E-02
-2.6241E-02
-2.6240E-02
-2.5835E-02
-2.4347E-02
-2.2186E-02
-2.0032E-02
-1.7992E-02
-1.5955E-02
-1.3869E-02
-1.1766E-02
-9.7143E-03
-7.7324E-03
-5.4187E-03
-2.1018E-03
2.5476E-03
8.5302E-03
1.5047E-02
2.1056E-02
2.5972E-02
3.0278E-02
3.4366E-02
3.7161E-02
3.7273E-02
3.4748E-02
3.0453E-02
2.4651E-02
1.6764E-02
7.0315E-03
-1.8436E-03
-7.6648E-03
-1.0744E-02
-1.3577E-02
-1.7120E-02
-1.9416E-02
-2.0152E-02
-2.1372E-02
-2.3100E-02
-2.3578E-02
-2.2359E-02
-2.0893E-02
-2.1205E-02
-2.3216E-02
-2.5607E-02
-2.7303E-02
-2.6827E-02
-2.3115E-02
-1.7759E-02
-1.2780E-02
-6.9674E-03
4.3070E-05
5.2814E-03
8.5047E-03
1.1897E-02
1.3649E-02
1.1169E-02
6.6414E-03
1.7155E-03
-4.0471E-03
-8.8069E-03
-1.0199E-02
-9.8739E-03
-9.5152E-03
-8.5725E-03
-6.2317E-03
-2.4133E-03
1.9624E-03
5.9900E-03
9.0958E-03
1.0969E-02
1.1453E-02
1.0698E-02
8.8345E-03
5.8920E-03
1.0384E-03
-6.2320E-03
-1.3600E-02
-1.8662E-02
-2.1849E-02
-2.3451E-02
-2.2942E-02
-2.1039E-02
-1.8734E-02
-1.6308E-02
-1.4984E-02
-1.6666E-02
-2.0370E-02
-2.3288E-02
-2.4044E-02
-2.1914E-02
-1.6514E-02
-7.8850E-03
3.6295E-03
1.7159E-02
3.1254E-02
4.3256E-02
5.1172E-02
5.5073E-02
5.6681E-02
5.6758E-02
5.4815E-02
5.0929E-02
4.6515E-02
4.2471E-02
3.8216E-02
3.2813E-02
2.7398E-02
2.4693E-02
2.4146E-02
2.2884E-02
1.9869E-02
1.5866E-02
1.2475E-02
1.0770E-02
1.0387E-02
9.1100E-03
5.6647E-03
2.0129E-03
3.5345E-05
-4.2786E-04
-1.0174E-03
-2.6519E-03
-4.6563E-03
-7.2481E-03
-1.1177E-02
-1.3823E-02
-1.1401E-02
-4.8870E-03
2.9825E-03
1.0173E-02
1.6585E-02
2.2786E-02
2.7813E-02
3.0220E-02
2.9987E-02
2.7755E-02
2.4045E-02
1.9597E-02
1.5570E-02
1.3364E-02
1.3034E-02
1.3207E-02
1.3141E-02
1.3101E-02
1.3291E-02
1.2812E-02
1.0313E-02
6.1118E-03
1.6772E-03
-1.3022E-03
-1.0730E-03
2.7995E-03
8.2409E-03
1.3187E-02
1.8445E-02
2.3502E-02
2.4614E-02
2.1130E-02
1.6269E-02
1.2368E-02
1.0335E-02
1.0435E-02
1.1965E-02
1.3844E-02
1.7414E-02
2.4545E-02
3.3416E-02
4.1703E-02
4.8781E-02
5.4812E-02
5.9368E-02
6.1283E-02
5.9604E-02
5.4976E-02
4.8383E-02
4.0464E-02
3.2100E-02
2.3508E-02
1.4104E-02
3.7658E-03
-6.9022E-03
-1.7080E-02
-2.5551E-02
-3.1079E-02
-3.3228E-02
-3.2731E-02
-2.9562E-02
-2.2138E-02
-9.9013E-03
5.8849E-03
2.1972E-02
3.6040E-02
4.7282E-02
5.5544E-02
5.9815E-02
5.9444E-02
5.4898E-02
4.7300E-02
3.8965E-02
3.2923E-02
3.1843E-02
3.5709E-02
4.1829E-02
4.7621E-02
5.2049E-02
5.5315E-02
5.7076E-02
5.6593E-02
5.4043E-02
5.0089E-02
4.5741E-02
4.1561E-02
3.7485E-02
3.2936E-02
2.7154E-02
1.9590E-02
9.1040E-03
-5.0258E-03
-2.1393E-02
-3.7030E-02
-4.9699E-02
-5.8885E-02
-6.6224E-02
-7.1823E-02
-7.4093E-02
-7.2916E-02
-6.9332E-02
-6.5071E-02
-6.0666E-02
-5.6127E-02
-5.3416E-02
-5.4187E-02
-5.5842E-02
-5.6463E-02
-5.7298E-02
-5.9606E-02
-6.3468E-02
-6.7966E-02
-7.1927E-02
-7.4058E-02
-7.3840E-02
-7.2107E-02
-7.1120E-02
-7.2681E-02
-7.6781E-02
-8.3545E-02
-9.2932E-02
-1.0249E-01
-1.0962E-01
-1.1466E-01
-1.1906E-01
-1.2424E-01
-1.3144E-01
-1.4116E-01
-1.5179E-01
-1.6251E-01
-1.7420E-01
-1.8664E-01
-1.9778E-01
-2.0523E-01
-2.0851E-01
-2.0975E-01
-2.0803E-01
-2.0070E-01
-1.9058E-01
-1.8150E-01
-1.7349E-01
-1.6508E-01
-1.5540E-01
-1.4430E-01
-1.3212E-01
-1.2028E-01
-1.0985E-01
-1.0068E-01
-9.2454E-02
-8.5906E-02
-8.2250E-02
-8.1352E-02
-8.1338E-02
-8.2446E-02
-8.5554E-02
-8.7300E-02
-8.4295E-02
-7.7599E-02
-6.8855E-02
-5.8865E-02
-4.9524E-02
-4.2594E-02
-3.7511E-02
-3.3606E-02
-3.1600E-02
-3.3800E-02
-4.2684E-02
-5.7083E-02
-7.5917E-02
-9.9364E-02
-1.2865E-01
-1.6419E-01
-2.0215E-01
-2.4063E-01
-2.8022E-01
-3.1723E-01
-3.4659E-01
-3.7047E-01
-3.9057E-01
-4.0430E-01
-4.1110E-01
-4.1398E-01
-4.1491E-01
-4.1343E-01
-4.0942E-01
-4.0301E-01
-3.9414E-01
-3.8261E-01
-3.6880E-01
-3.5488E-01
-3.4180E-01
-3.2903E-01
-3.1776E-01
-3.0838E-01
-2.9549E-01
-2.7346E-01
-2.4226E-01
-2.0311E-01
-1.5611E-01
-1.0295E-01
-4.5094E-02
1.5705E-02
7.8651E-02
1.4333E-01
2.0644E-01
2.6178E-01
3.0413E-01
3.3123E-01
3.4527E-01
3.4752E-01
3.3423E-01
3.0253E-01
2.4884E-01
1.7418E-01
8.6275E-02
-3.2161E-03
-8.0328E-02
-1.3843E-01
-1.8492E-01
-2.2497E-01
-2.5672E-01
-2.7932E-01
-2.9344E-01
-3.0245E-01
-3.0834E-01
-3.1175E-01
-3.1426E-01
-3.1589E-01
-3.1414E-01
-3.0913E-01
-3.0486E-01
-3.0331E-01
-3.0309E-01
-3.0154E-01
-2.9784E-01
-2.9284E-01
-2.8475E-01
-2.7063E-01
-2.5163E-01
-2.2846E-01
-2.0002E-01
-1.6627E-01
-1.2933E-01
-9.2773E-02
-5.8605E-02
-2.6780E-02
1.0961E-03
2.3220E-02
4.2839E-02
6.2780E-02
8.0504E-02
9.2974E-02
1.0002E-01
9.8739E-02
8.1797E-02
4.6753E-02
-1.9178E-03
-5.1527E-02
-9.4081E-02
-1.2949E-01
-1.6064E-01
-1.8827E-01
-2.1210E-01
-2.3310E-01
-2.5253E-01
-2.6995E-01
-2.8305E-01
-2.9064E-01
-2.9219E-01
-2.8698E-01
-2.7121E-01
-2.3936E-01
-1.9442E-01
-1.4459E-01
-9.9094E-02
-6.0216E-02
-2.4285E-02
1.2967E-02
5.1864E-02
8.9330E-02
1.2568E-01
1.6408E-01
2.0554E-01
2.4891E-01
2.9272E-01
3.3748E-01
3.8334E-01
4.2534E-01
4.5919E-01
4.8869E-01
5.1786E-01
5.4714E-01
5.7703E-01
6.0995E-01
6.4826E-01
6.9059E-01
7.3101E-01
7.6416E-01
7.8781E-01
8.0510E-01
8.1751E-01
8.2394E-01
8.2162E-01
8.0634E-01
7.7520E-01
7.2581E-01
6.6332E-01
5.9509E-01
5.2570E-01
4.5560E-01
3.8529E-01
3.1857E-01
2.5725E-01
1.9934E-01
1.4436E-01
9.4755E-02
5.1852E-02
1.5959E-02
-1.4488E-02
-4.1088E-02
-6.3258E-02
-7.9044E-02
-8.6317E-02
-8.5661E-02
-7.8091E-02
-6.5280E-02
-5.2955E-02
-4.5260E-02
-4.0562E-02
-3.6763E-02
-3.2787E-02
-2.6512E-02
-1.7534E-02
-1.0376E-02
-7.4868E-03
-6.2130E-03
-3.3814E-03
2.2298E-03
9.5779E-03
1.7862E-02
2.6517E-02
3.4054E-02
3.9186E-02
4.3142E-02
4.7076E-02
5.0448E-02
5.1756E-02
4.9491E-02
4.2465E-02
2.8399E-02
6.8180E-03
-1.9057E-02
-4.4208E-02
-6.6574E-02
-8.5559E-02
-1.0096E-01
-1.1506E-01
-1.3167E-01
-1.4929E-01
-1.6343E-01
-1.7333E-01
-1.7953E-01
-1.8241E-01
-1.8155E-01
-1.7523E-01
-1.6119E-01
-1.3754E-01
-1.0746E-01
-7.8305E-02
-5.6958E-02
-4.4179E-02
-3.8919E-02
-3.9806E-02
-4.6934E-02
-6.0360E-02
-7.7820E-02
-9.8696E-02
-1.2450E-01
-1.5478E-01
-1.8546E-01
-2.1464E-01
-2.4389E-01
-2.7528E-01
-3.0757E-01
-3.3668E-01
-3.6218E-01
-3.8672E-01
-4.1140E-01
-4.3498E-01
-4.5426E-01
-4.6669E-01
-4.7721E-01
-5.0106E-01
-5.3988E-01
-5.6803E-01
-5.7633E-01
-5.7669E-01
-5.6243E-01
-5.2350E-01
-4.8252E-01
-4.5303E-01
-4.1990E-01
-3.7116E-01
-3.0852E-01
-2.4391E-01
-1.8572E-01
-1.3428E-01
-8.4430E-02
-3.1751E-02
2.0407E-02
6.7645E-02
1.1096E-01
1.5259E-01
1.9314E-01
2.3194E-01
2.6789E-01
3.0119E-01
3.3279E-01
3.6323E-01
3.9033E-01
4.1091E-01
4.2569E-01
4.3646E-01
4.4523E-01
4.5405E-01
4.6402E-01
4.7454E-01
4.8512E-01
4.9650E-01
5.0949E-01
5.2368E-01
5.3689E-01
5.4805E-01
5.5800E-01
5.6435E-01
5.6279E-01
5.5479E-01
5.4474E-01
5.3629E-01
5.2912E-01
5.2038E-01
5.0987E-01
4.9913E-01
4.8875E-01
4.7812E-01
4.6649E-01
4.5357E-01
4.3929E-01
4.2382E-01
4.0706E-01
3.8910E-01
3.7019E-01
3.4986E-01
3.2632E-01
2.9783E-01
2.6469E-01
2.2547E-01
1.7754E-01
1.2296E-01
6.7552E-02
1.8421E-02
-2.2500E-02
-5.9138E-02
-9.3306E-02
-1.2405E-01
-1.5194E-01
-1.7620E-01
-1.9508E-01
-2.1030E-01
-2.2459E-01
-2.3720E-01
-2.4642E-01
-2.5330E-01
-2.5955E-01
-2.6593E-01
-2.7241E-01
-2.7858E-01
-2.8449E-01
-2.9164E-01
-3.0113E-01
-3.0965E-01
-3.1329E-01
-3.1309E-01
-3.1096E-01
-3.0754E-01
-3.0335E-01
-2.9917E-01
-2.9536E-01
-2.9046E-01
-2.8191E-01
-2.6844E-01
-2.4935E-01
-2.2355E-01
-1.8908E-01
-1.4747E-01
-1.0431E-01
-6.6113E-02
-3.5243E-02
-1.0616E-02
1.1425E-02
3.0787E-02
4.4799E-02
5.5526E-02
6.5245E-02
7.1661E-02
7.1694E-02
6.5301E-02
5.3044E-02
3.3841E-02
7.7514E-03
-2.5062E-02
-6.2862E-02
-1.0223E-01
-1.3917E-01
-1.7035E-01
-1.9501E-01
-2.1723E-01
-2.4051E-01
-2.6530E-01
-2.9010E-01
-3.1342E-01
-3.3515E-01
-3.5657E-01
-3.7997E-01
-4.0665E-01
-4.3501E-01
-4.5956E-01
-4.7693E-01
-4.8847E-01
-4.9520E-01
-4.9691E-01
-4.9646E-01
-4.9628E-01
-4.9646E-01
-4.9655E-01
-4.9651E-01
-4.9653E-01
-4.9665E-01
-4.9668E-01
-4.9648E-01
-4.9653E-01
-4.9738E-01
-4.9634E-01
-4.8718E-01
-4.6678E-01
-4.3638E-01
-3.9560E-01
-3.4499E-01
-2.9424E-01
-2.4802E-01
-2.0178E-01
-1.5605E-01
-1.1556E-01
-7.9471E-02
-4.6979E-02
-2.0201E-02
4.8635E-04
1.6440E-02
2.7820E-02
3.2942E-02
3.2324E-02
2.8446E-02
2.3998E-02
1.9894E-02
1.5670E-02
1.1128E-02
7.6632E-03
7.2421E-03
1.0026E-02
1.5813E-02
2.4770E-02
3.6799E-02
4.9980E-02
6.1597E-02
7.0784E-02
8.0852E-02
9.5018E-02
1.1260E-01
1.3082E-01
1.4803E-01
1.6640E-01
1.8867E-01
2.1425E-01
2.4116E-01
2.6831E-01
2.9628E-01
3.2491E-01
3.5107E-01
3.7164E-01
3.8590E-01
3.9493E-01
4.0005E-01
4.0441E-01
4.1116E-01
4.2197E-01
4.3756E-01
4.5895E-01
4.8578E-01
5.1552E-01
5.4361E-01
5.6979E-01
5.9630E-01
6.2010E-01
6.3628E-01
6.4528E-01
6.4908E-01
6.4797E-01
6.4006E-01
6.2346E-01
6.0121E-01
5.7571E-01
5.4761E-01
5.1934E-01
4.9310E-01
4.6792E-01
4.4345E-01
4.2093E-01
3.9899E-01
3.7501E-01
3.5005E-01
3.2706E-01
3.0748E-01
2.9053E-01
2.7530E-01
2.6317E-01
2.5552E-01
2.5044E-01
2.4718E-01
2.4689E-01
2.4949E-01
2.5569E-01
2.6703E-01
2.8206E-01
2.9570E-01
3.0566E-01
3.1234E-01
3.1611E-01
3.1649E-01
3.1386E-01
3.0962E-01
3.0528E-01
3.0239E-01
3.0206E-01
3.0428E-01
3.0872E-01
3.1461E-01
3.1982E-01
3.2246E-01
3.2255E-01
3.1995E-01
3.1393E-01
3.0415E-01
2.9035E-01
2.7353E-01
2.5510E-01
2.3694E-01
2.2138E-01
2.0968E-01
1.9968E-01
1.8918E-01
1.7755E-01
1.6467E-01
1.5049E-01
1.3563E-01
1.2105E-01
1.0749E-01
9.4851E-02
8.2350E-02
6.9608E-02
5.7167E-02
4.5806E-02
3.4612E-02
2.1573E-02
6.8215E-03
-7.9838E-03
-2.1189E-02
-3.1369E-02
-3.8001E-02
-4.1975E-02
-4.4339E-02
-4.5573E-02
-4.5829E-02
-4.5723E-02
-4.5773E-02
-4.5828E-02
-4.5199E-02
-4.3342E-02
-4.0342E-02
-3.5458E-02
-2.7229E-02
-1.4699E-02
3.2803E-03
2.6372E-02
5.3024E-02
8.0732E-02
1.0725E-01
1.3090E-01
1.5059E-01
1.6517E-01
1.7474E-01
1.8069E-01
1.8342E-01
1.8221E-01
1.7698E-01
1.6967E-01
1.5982E-01
1.4539E-01
1.2837E-01
1.1126E-01
9.3809E-02
7.4736E-02
5.4054E-02
3.4494E-02
1.8905E-02
6.6818E-03
-4.1630E-03
-1.4923E-02
-2.4176E-02
-2.9591E-02
-3.1734E-02
-3.1929E-02
-3.1558E-02
-3.2410E-02
-3.5597E-02
-3.9916E-02
-4.4359E-02
-4.8858E-02
-5.1961E-02
-5.1755E-02
-4.9047E-02
-4.4694E-02
-3.8350E-02
-3.0403E-02
-2.2027E-02
-1.2675E-02
-8.1818E-04
1.3096E-02
2.7237E-02
3.9599E-02
4.9277E-02
5.6183E-02
6.1412E-02
6.5675E-02
6.8905E-02
7.0288E-02
6.9132E-02
6.6789E-02
6.4626E-02
6.2736E-02
6.0357E-02
5.6770E-02
5.2419E-02
4.8248E-02
4.5068E-02
4.2966E-02
4.1069E-02
3.8230E-02
3.4591E-02
3.2195E-02
3.1456E-02
3.0448E-02
2.8550E-02
2.6209E-02
2.3214E-02
1.9497E-02
1.5506E-02
1.0295E-02
3.0183E-03
-3.9543E-03
-9.1263E-03
-1.4311E-02
-1.9673E-02
-2.3308E-02
-2.4960E-02
-2.4812E-02
-2.2573E-02
-1.9117E-02
-1.6202E-02
-1.3514E-02
-9.8905E-03
-5.7614E-03
-8.4895E-04
6.5884E-03
1.8240E-02
3.5657E-02
5.8874E-02
8.7259E-02
1.1831E-01
1.4946E-01
1.7933E-01
2.0733E-01
2.3271E-01
2.5486E-01
2.7281E-01
2.8582E-01
2.9476E-01
2.9921E-01
2.9779E-01
2.8911E-01
2.7277E-01
2.4864E-01
2.1732E-01
1.8407E-01
1.5225E-01
1.2160E-01
9.4419E-02
7.4950E-02
6.2816E-02
5.5641E-02
5.0620E-02
4.7148E-02
4.6035E-02
4.6083E-02
4.6415E-02
4.8168E-02
5.2791E-02
6.0157E-02
6.7947E-02
7.4855E-02
8.2626E-02
9.3096E-02
1.0648E-01
1.2159E-01
1.3608E-01
1.4654E-01
1.5151E-01
1.5298E-01
1.5216E-01
1.4891E-01
1.4503E-01
1.4302E-01
1.4428E-01
1.4889E-01
1.5629E-01
1.6552E-01
1.7565E-01
1.8537E-01
1.9336E-01
1.9896E-01
2.0213E-01
2.0258E-01
2.0051E-01
1.9664E-01
1.9218E-01
1.8829E-01
1.8591E-01
1.8562E-01
1.8730E-01
1.8972E-01
1.9156E-01
1.9199E-01
1.9107E-01
1.8927E-01
1.8731E-01
1.8463E-01
1.7967E-01
1.7201E-01
1.6202E-01
1.5121E-01
1.4102E-01
1.3201E-01
1.2367E-01
1.1534E-01
1.0698E-01
9.8441E-02
8.9062E-02
7.7726E-02
6.3820E-02
4.8849E-02
3.4296E-02
2.0634E-02
8.5871E-03
-6.9094E-04
-7.6132E-03
-1.4954E-02
-2.6620E-02
-4.2920E-02
-6.1532E-02
-8.2000E-02
-1.0389E-01
-1.2354E-01
-1.3785E-01
-1.4682E-01
-1.5164E-01
-1.5239E-01
-1.4991E-01
-1.4667E-01
-1.4523E-01
-1.4425E-01
-1.4113E-01
-1.3731E-01
-1.3501E-01
-1.3434E-01
-1.3423E-01
-1.3425E-01
-1.3503E-01
-1.3665E-01
-1.3779E-01
-1.3795E-01
-1.3780E-01
-1.3778E-01
-1.3782E-01
-1.3783E-01
-1.3781E-01
-1.3780E-01
-1.3779E-01
-1.3780E-01
-1.3780E-01
-1.3792E-01
-1.3876E-01
-1.4192E-01
-1.4910E-01
-1.5945E-01
-1.7173E-01
-1.8528E-01
-2.0065E-01
-2.1850E-01
-2.3699E-01
-2.5388E-01
-2.6849E-01
-2.8075E-01
-2.9043E-01
-2.9707E-01
-2.9997E-01
-2.9933E-01
-2.9413E-01
-2.8319E-01
-2.6795E-01
-2.4925E-01
-2.2641E-01
-2.0078E-01
-1.7665E-01
-1.5598E-01
-1.3876E-01
-1.2538E-01
-1.1596E-01
-1.0873E-01
-1.0361E-01
-1.0189E-01
-1.0202E-01
-1.0234E-01
-1.0327E-01
-1.0526E-01
-1.0755E-01
-1.0898E-01
-1.0943E-01
-1.1027E-01
-1.1206E-01
-1.1416E-01
-1.1684E-01
-1.2053E-01
-1.2400E-01
-1.2637E-01
-1.2827E-01
-1.3037E-01
-1.3254E-01
-1.3394E-01
-1.3421E-01
-1.3465E-01
-1.3805E-01
-1.4634E-01
-1.5719E-01
-1.6784E-01
-1.7800E-01
-1.8874E-01
-2.0079E-01
-2.1296E-01
-2.2367E-01
-2.3294E-01
-2.4173E-01
-2.5034E-01
-2.5719E-01
-2.6258E-01
-2.7175E-01
-2.8652E-01
-3.0246E-01
-3.1853E-01
-3.3608E-01
-3.5153E-01
-3.6124E-01
-3.6698E-01
-3.7041E-01
-3.7034E-01
-3.6500E-01
-3.5368E-01
-3.3870E-01
-3.2171E-01
-3.0324E-01
-2.8568E-01
-2.7218E-01
-2.6305E-01
-2.5591E-01
-2.4725E-01
-2.3652E-01
-2.2596E-01
-2.1814E-01
-2.1303E-01
-2.0786E-01
-2.0207E-01
-1.9714E-01
-1.9359E-01
-1.9164E-01
-1.9175E-01
-1.9389E-01
-1.9756E-01
-2.0241E-01
-2.0842E-01
-2.1493E-01
-2.2092E-01
-2.2579E-01
-2.3003E-01
-2.3407E-01
-2.3740E-01
-2.3973E-01
-2.4159E-01
-2.4388E-01
-2.4773E-01
-2.5436E-01
-2.6433E-01
-2.7641E-01
-2.8871E-01
-2.9974E-01
-3.0875E-01
-3.1534E-01
-3.1968E-01
-3.2085E-01
-3.1713E-01
-3.0834E-01
-2.9467E-01
-2.7706E-01
-2.5549E-01
-2.3100E-01
-2.0912E-01
-1.9395E-01
-1.8160E-01
-1.7078E-01
-1.6542E-01
-1.6553E-01
-1.6777E-01
-1.6992E-01
-1.7192E-01
-1.7420E-01
-1.7579E-01
-1.7485E-01
-1.7053E-01
-1.6287E-01
-1.5326E-01
-1.4236E-01
-1.3038E-01
-1.1865E-01
-1.0748E-01
-9.4946E-02
-8.1237E-02
-6.9050E-02
-5.8642E-02
-4.8295E-02
-3.7434E-02
-2.7565E-02
-2.0048E-02
-1.2323E-02
-1.3563E-03
1.0729E-02
2.1911E-02
3.3375E-02
4.5496E-02
5.6782E-02
6.5961E-02
7.2609E-02
7.7573E-02
8.1888E-02
8.6115E-02
8.9887E-02
9.2196E-02
9.2373E-02
9.0298E-02
8.6675E-02
8.2585E-02
7.8284E-02
7.2665E-02
6.4223E-02
5.2206E-02
3.6699E-02
1.8633E-02
5.4672E-04
-1.6846E-02
-3.5640E-02
-5.6551E-02
-7.7799E-02
-9.7213E-02
-1.1473E-01
-1.3265E-01
-1.5034E-01
-1.6402E-01
-1.7202E-01
-1.7531E-01
-1.7731E-01
-1.7854E-01
-1.7678E-01
-1.7260E-01
-1.6815E-01
-1.6364E-01
-1.5678E-01
-1.4545E-01
-1.3100E-01
-1.1608E-01
-1.0089E-01
-8.4314E-02
-6.6844E-02
-5.1526E-02
-4.0850E-02
-3.2101E-02
-2.2230E-02
-1.1607E-02
-8.0178E-04
1.0932E-02
2.4138E-02
3.8412E-02
5.2852E-02
6.8231E-02
8.5844E-02
1.0330E-01
1.1737E-01
1.2892E-01
1.3888E-01
1.4679E-01
1.5383E-01
1.6150E-01
1.6848E-01
1.7343E-01
1.7751E-01
1.8120E-01
1.8391E-01
1.8653E-01
1.9038E-01
1.9498E-01
1.9859E-01
1.9995E-01
2.0009E-01
1.9976E-01
1.9740E-01
1.9098E-01
1.7981E-01
1.6351E-01
1.4196E-01
1.1824E-01
9.5377E-02
7.4633E-02
5.6396E-02
4.0737E-02
2.7361E-02
1.6897E-02
9.9026E-03
5.2747E-03
1.3189E-03
-2.1156E-03
-4.7670E-03
-7.2112E-03
-8.0392E-03
-4.7678E-03
1.7562E-03
1.0277E-02
2.2061E-02
3.8289E-02
5.7162E-02
7.4917E-02
8.8779E-02
9.9482E-02
1.0784E-01
1.1391E-01
1.1799E-01
1.2047E-01
1.2169E-01
1.2209E-01
1.2230E-01
1.2152E-01
1.1856E-01
1.1494E-01
1.1230E-01
1.0958E-01
1.0527E-01
9.9463E-02
9.3807E-02
8.9062E-02
8.3929E-02
7.8309E-02
7.3563E-02
6.8127E-02
5.9157E-02
4.8003E-02
3.7855E-02
3.0825E-02
2.6768E-02
2.4374E-02
2.2475E-02
2.0214E-02
1.6950E-02
1.3157E-02
1.0230E-02
8.7609E-03
8.5136E-03
8.5867E-03
8.7645E-03
9.8153E-03
1.2856E-02
1.8427E-02
2.5039E-02
3.1225E-02
3.6437E-02
4.0033E-02
4.0926E-02
3.8597E-02
3.2752E-02
2.4032E-02
1.3264E-02
1.1901E-03
-1.1157E-02
-2.4145E-02
-3.9667E-02
-5.8340E-02
-7.8909E-02
-1.0004E-01
-1.2079E-01
-1.3999E-01
-1.5673E-01
-1.7086E-01
-1.8244E-01
-1.9157E-01
-1.9928E-01
-2.0486E-01
-2.0631E-01
-2.0411E-01
-2.0012E-01
-1.9516E-01
-1.8913E-01
-1.8328E-01
-1.8054E-01
-1.8253E-01
-1.8556E-01
-1.8665E-01
-1.8749E-01
-1.8870E-01
-1.8831E-01
-1.8574E-01
-1.8167E-01
-1.7716E-01
-1.7325E-01
-1.7064E-01
-1.6798E-01
-1.6242E-01
-1.5245E-01
-1.3875E-01
-1.2393E-01
-1.0857E-01
-9.2364E-02
-7.8128E-02
-6.8967E-02
-6.4325E-02
-6.2283E-02
-6.1749E-02
-6.2501E-02
-6.4156E-02
-6.5302E-02
-6.5686E-02
-6.6711E-02
-6.9761E-02
-7.5482E-02
-8.2938E-02
-9.1096E-02
-9.9487E-02
-1.0806E-01
-1.1633E-01
-1.2295E-01
-1.2791E-01
-1.3307E-01
-1.3902E-01
-1.4545E-01
-1.5328E-01
-1.6288E-01
-1.7246E-01
-1.8120E-01
-1.8950E-01
-1.9654E-01
-2.0153E-01
-2.0570E-01
-2.0920E-01
-2.1072E-01
-2.1072E-01
-2.1053E-01
-2.1054E-01
-2.1060E-01
-2.1059E-01
-2.1053E-01
-2.1052E-01
-2.1066E-01
-2.1022E-01
-2.0735E-01
-1.9968E-01
-1.8539E-01
-1.6600E-01
-1.4370E-01
-1.1998E-01
-9.3417E-02
-6.2221E-02
-3.0234E-02
-1.7546E-03
2.4104E-02
4.8831E-02
7.1752E-02
9.0962E-02
1.0483E-01
1.1450E-01
1.2067E-01
1.2328E-01
1.2267E-01
1.1921E-01
1.1347E-01
1.0521E-01
9.4355E-02
8.1887E-02
6.9213E-02
5.6839E-02
4.4125E-02
3.0293E-02
1.6330E-02
4.3247E-03
-5.0874E-03
-1.1723E-02
-1.5236E-02
-1.5023E-02
-1.1803E-02
-8.6922E-03
-7.6951E-03
-6.3886E-03
-2.6934E-03
2.1509E-03
5.7006E-03
6.5268E-03
6.0160E-03
6.3761E-03
8.8620E-03
1.2477E-02
1.5400E-02
1.7198E-02
1.6855E-02
1.2520E-02
4.9798E-03
-2.4324E-03
-8.1114E-03
-1.2483E-02
-1.6617E-02
-2.0568E-02
-2.3581E-02
-2.5290E-02
-2.5556E-02
-2.4574E-02
-2.2651E-02
-2.0443E-02
-1.8400E-02
-1.6309E-02
-1.3448E-02
-9.5319E-03
-5.2324E-03
-9.5856E-04
3.2764E-03
6.9451E-03
9.2261E-03
1.0132E-02
1.0401E-02
1.0502E-02
9.4028E-03
6.0272E-03
1.0574E-03
-5.9639E-03
-1.6304E-02
-2.8304E-02
-3.9432E-02
-4.9781E-02
-5.9942E-02
-6.9384E-02
-7.7456E-02
-8.4145E-02
-9.0309E-02
-9.6496E-02
-1.0275E-01
-1.0918E-01
-1.1554E-01
-1.2052E-01
-1.2329E-01
-1.2520E-01
-1.2680E-01
-1.2664E-01
-1.2228E-01
-1.1110E-01
-9.2868E-02
-6.7926E-02
-3.8049E-02
-7.6524E-03
1.8819E-02
4.0390E-02
5.7611E-02
7.1923E-02
8.4009E-02
9.3382E-02
1.0016E-01
1.0481E-01
1.0812E-01
1.0934E-01
1.0706E-01
1.0220E-01
9.6017E-02
8.8767E-02
8.0412E-02
7.1767E-02
6.4581E-02
5.9554E-02
5.5117E-02
5.2171E-02
5.4117E-02
6.0762E-02
6.9088E-02
7.6611E-02
8.3424E-02
9.0951E-02
9.8612E-02
1.0552E-01
1.1394E-01
1.2537E-01
1.3722E-01
1.4808E-01
1.5967E-01
1.7377E-01
1.8960E-01
2.0361E-01
2.1486E-01
2.2528E-01
2.3423E-01
2.3975E-01
2.4296E-01
2.4446E-01
2.4305E-01
2.3834E-01
2.3065E-01
2.2015E-01
2.0555E-01
1.8603E-01
1.6314E-01
1.3981E-01
1.1816E-01
9.8876E-02
8.1747E-02
6.8512E-02
6.1170E-02
5.7128E-02
5.3382E-02
4.9964E-02
4.7826E-02
4.7109E-02
4.7629E-02
4.9378E-02
5.1686E-02
5.3667E-02
5.4638E-02
5.4290E-02
5.2632E-02
4.9961E-02
4.5546E-02
3.8050E-02
2.7449E-02
1.5142E-02
3.1465E-03
-7.5186E-03
-1.7687E-02
-2.8426E-02
-3.9252E-02
-4.7297E-02
-5.1001E-02
-5.3699E-02
-5.6906E-02
-5.8723E-02
-5.8962E-02
-5.8589E-02
-5.7497E-02
-5.6181E-02
-5.6400E-02
-5.8188E-02
-6.0493E-02
-6.3431E-02
-6.7062E-02
-7.0209E-02
-7.2486E-02
-7.4474E-02
-7.5988E-02
-7.6230E-02
-7.5060E-02
-7.2985E-02
-7.0805E-02
-6.8902E-02
-6.6616E-02
-6.2605E-02
-5.6771E-02
-5.0398E-02
-4.3551E-02
-3.5676E-02
-2.7885E-02
-2.1429E-02
-1.6370E-02
-1.2510E-02
-9.8984E-03
-8.4145E-03
-8.4713E-03
-1.0651E-02
-1.4879E-02
-2.0640E-02
-2.7606E-02
-3.5653E-02
-4.4086E-02
-5.2461E-02
-6.0880E-02
-6.8973E-02
-7.5400E-02
-7.8804E-02
-7.9369E-02
-7.9040E-02
-7.8937E-02
-7.9031E-02
-7.9184E-02
-7.8756E-02
-7.6591E-02
-7.1982E-02
-6.4488E-02
-5.3853E-02
-3.9830E-02
-2.3067E-02
-3.2510E-03
2.0134E-02
4.4759E-02
6.8416E-02
9.0822E-02
1.1055E-01
1.2586E-01
1.3920E-01
1.5300E-01
1.6529E-01
1.7424E-01
1.8112E-01
1.8708E-01
1.9168E-01
1.9476E-01
1.9757E-01
2.0198E-01
2.0779E-01
2.1426E-01
2.2295E-01
2.3409E-01
2.4392E-01
2.5051E-01
2.5510E-01
2.5816E-01
2.5880E-01
2.5745E-01
2.5576E-01
2.5511E-01
2.5478E-01
2.5310E-01
2.4990E-01
2.4598E-01
2.4206E-01
2.3706E-01
2.2963E-01
2.2152E-01
2.1537E-01
2.1251E-01
2.1298E-01
2.1625E-01
2.2131E-01
2.2725E-01
2.3282E-01
2.3665E-01
2.3792E-01
2.3712E-01
2.3539E-01
2.3373E-01
2.3045E-01
2.2208E-01
2.0812E-01
1.9008E-01
1.7035E-01
1.4903E-01
1.2452E-01
9.6891E-02
6.7868E-02
3.9463E-02
1.1661E-02
-1.6951E-02
-4.5011E-02
-6.9894E-02
-9.2809E-02
-1.1540E-01
-1.3670E-01
-1.5521E-01
-1.7095E-01
-1.8571E-01
-2.0006E-01
-2.1214E-01
-2.2058E-01
-2.2607E-01
-2.2992E-01
-2.3220E-01
-2.3202E-01
-2.2747E-01
-2.1594E-01
-1.9315E-01
-1.5619E-01
-1.1170E-01
-6.5507E-02
-1.8344E-02
2.9326E-02
7.5012E-02
1.1479E-01
1.4569E-01
1.6940E-01
1.8780E-01
2.0120E-01
2.0955E-01
2.1278E-01
2.1339E-01
2.1368E-01
2.1404E-01
2.1290E-01
2.0969E-01
2.0774E-01
2.0897E-01
2.1138E-01
2.1393E-01
2.1752E-01
2.2199E-01
2.2607E-01
2.2888E-01
2.3169E-01
2.3667E-01
2.4337E-01
2.4950E-01
2.5286E-01
2.5302E-01
2.5133E-01
2.4918E-01
2.4718E-01
2.4529E-01
2.4284E-01
2.3930E-01
2.3578E-01
2.3312E-01
2.2951E-01
2.2403E-01
2.1853E-01
2.1447E-01
2.1205E-01
2.1093E-01
2.1047E-01
2.0943E-01
2.0758E-01
2.0551E-01
2.0243E-01
1.9659E-01
1.8730E-01
1.7468E-01
1.5928E-01
1.4186E-01
1.2345E-01
1.0613E-01
9.1422E-02
7.9330E-02
6.9643E-02
6.2553E-02
5.7739E-02
5.5877E-02
5.7626E-02
6.1232E-02
6.4120E-02
6.6121E-02
6.8108E-02
7.0259E-02
7.2386E-02
7.4487E-02
7.6681E-02
7.8686E-02
7.9832E-02
8.0027E-02
7.9925E-02
7.9909E-02
7.9970E-02
8.0034E-02
7.9989E-02
7.9844E-02
8.0250E-02
8.1920E-02
8.4241E-02
8.6326E-02
8.8113E-02
9.0909E-02
9.6097E-02
1.0268E-01
1.0897E-01
1.1414E-01
1.1841E-01
1.2255E-01
1.2684E-01
1.3093E-01
1.3422E-01
1.3642E-01
1.3735E-01
1.3615E-01
1.3287E-01
1.3038E-01
1.2928E-01
1.2630E-01
1.1914E-01
1.0767E-01
9.3424E-02
7.6843E-02
5.7740E-02
3.6817E-02
1.5663E-02
-3.9273E-03
-2.1212E-02
-3.7017E-02
-5.0906E-02
-6.1355E-02
-6.8950E-02
-7.5489E-02
-8.2714E-02
-9.0631E-02
-9.7924E-02
-1.0396E-01
-1.0833E-01
-1.1058E-01
-1.1120E-01
-1.1220E-01
-1.1431E-01
-1.1652E-01
-1.1768E-01
-1.1824E-01
-1.2023E-01
-1.2445E-01
-1.3030E-01
-1.3730E-01
-1.4535E-01
-1.5379E-01
-1.6232E-01
-1.7177E-01
-1.8383E-01
-1.9955E-01
-2.1683E-01
-2.3345E-01
-2.4873E-01
-2.6330E-01
-2.7797E-01
-2.9230E-01
-3.0418E-01
-3.1174E-01
-3.1639E-01
-3.2026E-01
-3.2230E-01
-3.2118E-01
-3.1863E-01
-3.1638E-01
-3.1448E-01
-3.1207E-01
-3.0783E-01
-3.0117E-01
-2.9376E-01
-2.8809E-01
-2.8332E-01
-2.7765E-01
-2.7196E-01
-2.6774E-01
-2.6499E-01
-2.6275E-01
-2.6074E-01
-2.5969E-01
-2.5885E-01
-2.5566E-01
-2.4878E-01
-2.3770E-01
-2.2063E-01
-1.9418E-01
-1.5836E-01
-1.1761E-01
-7.6779E-02
-3.6134E-02
4.8332E-03
4.3192E-02
7.6901E-02
1.0724E-01
1.3625E-01
1.6366E-01
1.8696E-01
2.0333E-01
2.1241E-01
2.1558E-01
2.1276E-01
2.0274E-01
1.8540E-01
1.6520E-01
1.4799E-01
1.3700E-01
1.3042E-01
1.2605E-01
1.2239E-01
1.1688E-01
1.0709E-01
9.3625E-02
7.6818E-02
5.6409E-02
3.5185E-02
1.7503E-02
1.8020E-03
-1.5800E-02
-3.4911E-02
-5.4085E-02
-7.3066E-02
-9.1026E-02
-1.0665E-01
-1.1997E-01
-1.2999E-01
-1.3483E-01
-1.3429E-01
-1.2939E-01
-1.2071E-01
-1.0637E-01
-8.4399E-02
-5.4581E-02
-1.8961E-02
1.8845E-02
5.6711E-02
9.3952E-02
1.2823E-01
1.5627E-01
1.7766E-01
1.9333E-01
2.0560E-01
2.1685E-01
2.2874E-01
2.4033E-01
2.4984E-01
2.5831E-01
2.6596E-01
2.7101E-01
2.7354E-01
2.7533E-01
2.7677E-01
2.7719E-01
2.7636E-01
2.7355E-01
2.6839E-01
2.6333E-01
2.6028E-01
2.5744E-01
2.5380E-01
2.5075E-01
2.4879E-01
2.4673E-01
2.4346E-01
2.4003E-01
2.3860E-01
2.3744E-01
2.3283E-01
2.2518E-01
2.1727E-01
2.1130E-01
2.0651E-01
2.0101E-01
1.9534E-01
1.9064E-01
1.8648E-01
1.8278E-01
1.8001E-01
1.7732E-01
1.7370E-01
1.6959E-01
1.6488E-01
1.5913E-01
1.5407E-01
1.5092E-01
1.4664E-01
1.3919E-01
1.3042E-01
1.2181E-01
1.1356E-01
1.0654E-01
1.0200E-01
1.0004E-01
1.0056E-01
1.0358E-01
1.0837E-01
1.1463E-01
1.2219E-01
1.2999E-01
1.3696E-01
1.4401E-01
1.5170E-01
1.5766E-01
1.6024E-01
1.6065E-01
1.6053E-01
1.6063E-01
1.6096E-01
1.6047E-01
1.5793E-01
1.5438E-01
1.5161E-01
1.4887E-01
1.4523E-01
1.4180E-01
1.3990E-01
1.3951E-01
1.3911E-01
1.3724E-01
1.3394E-01
1.3004E-01
1.2599E-01
1.2070E-01
1.1322E-01
1.0490E-01
9.5801E-02
8.4681E-02
7.3151E-02
6.3648E-02
5.4841E-02
4.4729E-02
3.3071E-02
1.9952E-02
5.7794E-03
-7.4388E-03
-1.8726E-02
-2.9976E-02
-4.2308E-02
-5.5050E-02
-6.7650E-02
-8.0134E-02
-9.2640E-02
-1.0525E-01
-1.1793E-01
-1.3005E-01
-1.4085E-01
-1.5036E-01
-1.5873E-01
-1.6594E-01
-1.7176E-01
-1.7634E-01
-1.8112E-01
-1.8712E-01
-1.9371E-01
-1.9968E-01
-2.0434E-01
-2.0833E-01
-2.1254E-01
-2.1705E-01
-2.2056E-01
-2.2178E-01
-2.2216E-01
-2.2384E-01
-2.2707E-01
-2.3113E-01
-2.3537E-01
-2.3959E-01
-2.4372E-01
-2.4771E-01
-2.5231E-01
-2.5884E-01
-2.6743E-01
-2.7758E-01
-2.8886E-01
-3.0133E-01
-3.1491E-01
-3.2992E-01
-3.4756E-01
-3.6880E-01
-3.9249E-01
-4.1364E-01
-4.2660E-01
-4.2652E-01
-4.0868E-01
-3.6982E-01
-3.1817E-01
-2.6206E-01
-2.0515E-01
-1.4980E-01
-9.8379E-02
-5.2707E-02
-1.5486E-02
1.2108E-02
3.2941E-02
5.0127E-02
6.4385E-02
7.5837E-02
8.6443E-02
9.5693E-02
1.0045E-01
9.9699E-02
9.4506E-02
8.7883E-02
8.1358E-02
7.4999E-02
7.0045E-02
6.6950E-02
6.2646E-02
5.4348E-02
4.1965E-02
2.6307E-02
8.2053E-03
-1.0032E-02
-2.7025E-02
-4.3582E-02
-6.0492E-02
-7.7254E-02
-9.2835E-02
-1.0843E-01
-1.2744E-01
-1.4978E-01
-1.7188E-01
-1.9152E-01
-2.0871E-01
-2.2515E-01
-2.4198E-01
-2.5898E-01
-2.7474E-01
-2.8796E-01
-2.9878E-01
-3.0675E-01
-3.1112E-01
-3.1312E-01
-3.1507E-01
-3.1824E-01
-3.2177E-01
-3.2364E-01
-3.2393E-01
-3.2374E-01
-3.2236E-01
-3.1880E-01
-3.1420E-01
-3.1021E-01
-3.0758E-01
-3.0566E-01
-3.0352E-01
-3.0104E-01
-2.9972E-01
-3.0160E-01
-3.0637E-01
-3.1247E-01
-3.1810E-01
-3.2201E-01
-3.2375E-01
-3.2325E-01
-3.1973E-01
-3.1229E-01
-3.0023E-01
-2.8426E-01
-2.6417E-01
-2.3900E-01
-2.1060E-01
-1.8153E-01
-1.5407E-01
-1.2952E-01
-1.0750E-01
-8.5726E-02
-6.3490E-02
-4.2604E-02
-2.2448E-02
-7.0099E-04
2.0142E-02
3.6769E-02
5.1997E-02
6.7608E-02
8.1183E-02
9.1199E-02
9.8055E-02
1.0316E-01
1.0790E-01
1.1407E-01
1.2301E-01
1.3469E-01
1.4697E-01
1.5749E-01
1.6498E-01
1.6865E-01
1.6839E-01
1.6553E-01
1.6164E-01
1.5828E-01
1.5609E-01
1.5436E-01
1.5149E-01
1.4590E-01
1.3769E-01
1.2741E-01
1.1572E-01
1.0281E-01
8.8566E-02
7.3748E-02
5.9145E-02
4.4716E-02
2.9557E-02
1.3306E-02
-2.1642E-03
-1.5445E-02
-2.7818E-02
-4.0038E-02
-5.1310E-02
-6.1180E-02
-6.9848E-02
-7.7560E-02
-8.3085E-02
-8.5187E-02
-8.5860E-02
-8.7184E-02
-8.7739E-02
-8.6309E-02
-8.4049E-02
-8.1391E-02
-7.7793E-02
-7.3718E-02
-6.9110E-02
-6.2718E-02
-5.4461E-02
-4.5835E-02
-3.8207E-02
-3.1486E-02
-2.4218E-02
-1.6283E-02
-9.0405E-03
-3.1822E-03
1.1398E-03
4.2040E-03
6.6504E-03
8.9684E-03
1.0052E-02
8.8850E-03
7.4167E-03
6.8752E-03
6.0071E-03
3.7307E-03
-7.0172E-05
-5.0718E-03
-1.1098E-02
-1.7561E-02
-2.3563E-02
-2.8392E-02
-3.1959E-02
-3.4198E-02
-3.5225E-02
-3.5160E-02
-3.3909E-02
-3.0796E-02
-2.5168E-02
-1.8368E-02
-1.2489E-02
-8.8543E-03
-6.7520E-03
-4.7555E-03
-2.4973E-03
-6.1477E-04
2.6414E-04
5.3015E-04
4.4261E-04
-1.0760E-03
-4.4968E-03
-8.5324E-03
-1.3825E-02
-2.2324E-02
-3.2877E-02
-4.3586E-02
-5.4149E-02
-6.4139E-02
-7.2132E-02
-7.7191E-02
-8.0007E-02
-8.3654E-02
-8.9363E-02
-9.4963E-02
-9.8221E-02
-9.8998E-02
-9.9760E-02
-1.0108E-01
-1.0089E-01
-9.9358E-02
-9.8565E-02
-9.8690E-02
-9.8773E-02
-9.8567E-02
-9.8882E-02
-1.0041E-01
-1.0207E-01
-1.0235E-01
-1.0117E-01
-9.9281E-02
-9.7198E-02
-9.4490E-02
-9.0827E-02
-8.6878E-02
-8.1763E-02
-7.3706E-02
-6.4077E-02
-5.4833E-02
-4.4657E-02
-3.3465E-02
-2.4252E-02
-1.6955E-02
-9.4380E-03
-3.1176E-03
2.1266E-04
2.1952E-03
3.4115E-03
2.6906E-03
1.1598E-03
6.1309E-04
7.8444E-04
9.0923E-04
8.7968E-04
8.0068E-04
8.6776E-04
1.6275E-03
3.6826E-03
7.1313E-03
1.1441E-02
1.5644E-02
1.8874E-02
2.1511E-02
2.4909E-02
2.8261E-02
2.9556E-02
2.9400E-02
2.9239E-02
2.9347E-02
2.9379E-02
2.9261E-02
2.9692E-02
3.1581E-02
3.4854E-02
3.8715E-02
4.2700E-02
4.8050E-02
5.5475E-02
6.2318E-02
6.7326E-02
7.2539E-02
7.8469E-02
8.3322E-02
8.5858E-02
8.6416E-02
8.6468E-02
8.5699E-02
8.2797E-02
7.8620E-02
7.4097E-02
6.8822E-02
6.3099E-02
5.8100E-02
5.3785E-02
4.9815E-02
4.6670E-02
4.4129E-02
4.0852E-02
3.6583E-02
3.2370E-02
2.9189E-02
2.6587E-02
2.3233E-02
1.9658E-02
1.6956E-02
1.3623E-02
7.8781E-03
2.4184E-04
-8.1500E-03
-1.6609E-02
-2.4442E-02
-3.0885E-02
-3.5962E-02
-4.0416E-02
-4.4726E-02
-4.7788E-02
-4.8589E-02
-4.8501E-02
-4.7993E-02
-4.5638E-02
-4.0922E-02
-3.4963E-02
-2.9657E-02
-2.4699E-02
-1.8006E-02
-1.0559E-02
-5.0712E-03
-1.1112E-03
2.9009E-03
7.2738E-03
1.1272E-02
1.4038E-02
1.5436E-02
1.5744E-02
1.5711E-02
1.5448E-02
1.4320E-02
1.1476E-02
5.6932E-03
-3.5227E-03
-1.5507E-02
-2.8335E-02
-4.0941E-02
-5.3416E-02
-6.5932E-02
-7.8543E-02
-9.1218E-02
-1.0346E-01
-1.1451E-01
-1.2421E-01
-1.3278E-01
-1.4100E-01
-1.4948E-01
-1.5801E-01
-1.6523E-01
-1.7006E-01
-1.7319E-01
-1.7483E-01
-1.7438E-01
-1.7161E-01
-1.6577E-01
-1.5588E-01
-1.4176E-01
-1.2530E-01
-1.0892E-01
-9.3825E-02
-7.9354E-02
-6.4708E-02
-4.9876E-02
-3.5502E-02
-2.2348E-02
-1.0502E-02
2.1471E-04
1.0454E-02
2.1156E-02
3.3124E-02
4.6009E-02
5.8358E-02
6.8749E-02
7.7950E-02
8.7829E-02
9.6812E-02
1.0239E-01
1.0622E-01
1.1001E-01
1.1323E-01
1.1511E-01
1.1547E-01
1.1462E-01
1.1274E-01
1.1044E-01
1.0867E-01
1.0812E-01
1.0826E-01
1.0831E-01
1.0814E-01
1.0838E-01
1.0985E-01
1.1218E-01
1.1416E-01
1.1498E-01
1.1583E-01
1.1861E-01
1.2178E-01
1.2288E-01
1.2277E-01
1.2225E-01
1.2083E-01
1.1975E-01
1.2073E-01
1.2227E-01
1.2276E-01
1.2270E-01
1.2227E-01
1.2085E-01
1.1873E-01
1.1650E-01
1.1441E-01
1.1250E-01
1.1048E-01
1.0755E-01
1.0400E-01
1.0186E-01
1.0078E-01
9.8163E-02
9.4970E-02
9.3878E-02
9.4189E-02
9.4387E-02
9.4307E-02
9.4248E-02
9.4271E-02
9.4306E-02
9.4335E-02
9.4315E-02
9.4228E-02
9.4284E-02
9.4599E-02
9.4239E-02
9.1872E-02
8.8775E-02
8.7448E-02
8.5982E-02
8.1005E-02
7.3324E-02
6.4946E-02
5.6727E-02
4.8150E-02
3.8029E-02
2.5763E-02
1.1615E-02
-3.1897E-03
-1.8062E-02
-3.2695E-02
-4.5830E-02
-5.7051E-02
-6.8296E-02
-8.0742E-02
-9.3603E-02
-1.0516E-01
-1.1396E-01
-1.2008E-01
-1.2448E-01
-1.2852E-01
-1.3287E-01
-1.3696E-01
-1.3944E-01
-1.3966E-01
-1.3830E-01
-1.3578E-01
-1.3202E-01
-1.2771E-01
-1.2345E-01
-1.1930E-01
-1.1514E-01
-1.1092E-01
-1.0668E-01
-1.0253E-01
-9.8476E-02
-9.3965E-02
-8.8297E-02
-8.1914E-02
-7.5631E-02
-6.9532E-02
-6.2841E-02
-5.5080E-02
-4.7439E-02
-4.0499E-02
-3.2385E-02
-2.2922E-02
-1.4685E-02
-8.1891E-03
-2.1747E-03
3.4390E-03
7.8337E-03
1.0771E-02
1.2768E-02
1.4784E-02
1.7787E-02
2.1401E-02
2.3612E-02
2.3896E-02
2.3643E-02
2.3712E-02
2.3736E-02
2.2826E-02
2.0755E-02
1.8434E-02
1.7079E-02
1.6527E-02
1.4685E-02
1.1562E-02
9.7190E-03
9.0089E-03
7.7109E-03
6.4506E-03
5.7627E-03
4.5093E-03
3.3075E-03
4.1215E-03
6.3895E-03
8.6117E-03
1.0526E-02
1.2941E-02
1.6469E-02
2.0521E-02
2.4986E-02
3.1037E-02
3.8957E-02
4.7549E-02
5.6147E-02
6.4376E-02
7.1053E-02
7.5728E-02
7.9703E-02
8.3898E-02
8.8113E-02
9.2136E-02
9.6580E-02
1.0216E-01
1.0761E-01
1.1101E-01
1.1306E-01
1.1484E-01
1.1598E-01
1.1623E-01
1.1610E-01
1.1595E-01
1.1611E-01
1.1716E-01
1.1877E-01
1.1969E-01
1.1979E-01
1.1963E-01
1.1948E-01
1.1981E-01
1.2117E-01
1.2271E-01
1.2332E-01
1.2395E-01
1.2563E-01
1.2787E-01
1.3014E-01
1.3223E-01
1.3356E-01
1.3405E-01
1.3502E-01
1.3668E-01
1.3764E-01
1.3714E-01
1.3528E-01
1.3302E-01
1.3101E-01
1.2909E-01
1.2647E-01
1.2276E-01
1.1875E-01
1.1401E-01
1.0720E-01
9.9707E-02
9.4303E-02
9.0506E-02
8.6251E-02
8.0646E-02
7.5151E-02
7.1701E-02
6.9589E-02
6.7844E-02
6.6848E-02
6.6244E-02
6.4887E-02
6.3423E-02
6.2861E-02
6.2123E-02
6.0294E-02
5.8041E-02
5.6033E-02
5.3933E-02
5.0913E-02
4.7226E-02
4.4216E-02
4.1626E-02
3.8134E-02
3.3900E-02
2.9562E-02
2.5264E-02
2.1456E-02
1.8736E-02
1.6642E-02
1.4647E-02
1.3311E-02
1.3566E-02
1.5255E-02
1.6240E-02
1.5123E-02
1.3760E-02
1.3055E-02
1.1845E-02
1.0509E-02
9.8385E-03
8.1829E-03
5.0110E-03
2.8651E-03
2.6378E-03
2.8712E-03
2.7419E-03
2.9124E-03
4.1439E-03
5.5926E-03
6.2324E-03
7.6049E-03
1.0683E-02
1.3059E-02
1.3993E-02
1.5269E-02
1.6203E-02
1.5190E-02
1.3794E-02
1.3137E-02
1.2088E-02
1.0238E-02
7.9791E-03
4.9991E-03
1.3081E-03
-1.8569E-03
-4.0631E-03
-6.0321E-03
-8.2136E-03
-1.0208E-02
-1.1265E-02
-1.1397E-02
-1.1294E-02
-1.1286E-02
-1.1303E-02
-1.1306E-02
-1.1335E-02
-1.1324E-02
-1.1191E-02
-1.1290E-02
-1.2287E-02
-1.3816E-02
-1.4661E-02
-1.5302E-02
-1.6732E-02
-1.7942E-02
-1.8728E-02
-2.0938E-02
-2.4480E-02
-2.7424E-02
-2.9508E-02
-3.1421E-02
-3.3400E-02
-3.5840E-02
-3.9332E-02
-4.3538E-02
-4.7778E-02
-5.1907E-02
-5.6137E-02
-6.0461E-02
-6.4171E-02
-6.6707E-02
-6.8758E-02
-7.0570E-02
-7.1508E-02
-7.1614E-02
-7.1482E-02
-7.1406E-02
-7.1503E-02
-7.1748E-02
-7.1094E-02
-6.8169E-02
-6.3289E-02
-5.7127E-02
-4.9879E-02
-4.1314E-02
-3.1479E-02
-2.1124E-02
-1.0460E-02
1.0972E-03
1.2924E-02
2.3189E-02
3.1451E-02
3.7845E-02
4.2191E-02
4.5134E-02
4.8487E-02
5.1700E-02
5.2950E-02
5.3014E-02
5.2476E-02
5.0238E-02
4.6696E-02
4.3749E-02
4.1676E-02
3.9743E-02
3.7670E-02
3.5474E-02
3.3280E-02
3.1713E-02
3.1315E-02
3.1467E-02
3.1551E-02
3.1486E-02
3.1379E-02
3.1484E-02
3.1806E-02
3.1243E-02
2.8597E-02
2.5554E-02
2.4276E-02
2.2880E-02
1.9778E-02
1.6670E-02
1.3513E-02
8.5600E-03
3.4343E-03
3.8985E-04
-2.0748E-03
-6.5195E-03
-1.3728E-02
-2.1810E-02
-2.8490E-02
-3.3534E-02
-3.8152E-02
-4.3679E-02
-4.9503E-02
-5.4266E-02
-5.8308E-02
-6.2370E-02
-6.6590E-02
-7.0910E-02
-7.5078E-02
-7.8488E-02
-8.1006E-02
-8.3268E-02
-8.4579E-02
-8.3759E-02
-8.2258E-02
-8.1644E-02
-8.0898E-02
-7.9043E-02
-7.6674E-02
-7.4937E-02
-7.4596E-02
-7.5569E-02
-7.7562E-02
-7.9875E-02
-8.1438E-02
-8.1929E-02
-8.2714E-02
-8.4259E-02
-8.5226E-02
-8.5686E-02
-8.7088E-02
-8.9403E-02
-9.1376E-02
-9.2213E-02
-9.2815E-02
-9.4296E-02
-9.5151E-02
-9.4028E-02
-9.2733E-02
-9.2120E-02
-9.0865E-02
-8.9182E-02
-8.8694E-02
-8.9795E-02
-9.1497E-02
-9.2434E-02
-9.2573E-02
-9.2440E-02
-9.1657E-02
-8.9919E-02
-8.7822E-02
-8.5322E-02
-8.1760E-02
-7.7503E-02
-7.3216E-02
-6.9053E-02
-6.4907E-02
-6.0676E-02
-5.6388E-02
-5.2276E-02
-4.8358E-02
-4.3552E-02
-3.6636E-02
-2.8826E-02
-2.1865E-02
-1.5466E-02
-9.8212E-03
-6.0637E-03
-3.2079E-03
2.8871E-04
3.0430E-03
3.9100E-03
4.7037E-03
6.6441E-03
8.9937E-03
1.0544E-02
1.0813E-02
1.0543E-02
1.0789E-02
1.2232E-02
1.4485E-02
1.6543E-02
1.7600E-02
1.8066E-02
1.9241E-02
2.1251E-02
2.3510E-02
2.5768E-02
2.7565E-02
2.8313E-02
2.8837E-02
3.0358E-02
3.1976E-02
3.2172E-02
3.0876E-02
2.8992E-02
2.6970E-02
2.3667E-02
1.8133E-02
1.1613E-02
5.1445E-03
-1.1480E-03
-6.7536E-03
-1.1472E-02
-1.6533E-02
-2.2212E-02
-2.7361E-02
-3.1864E-02
-3.5812E-02
-3.8147E-02
-3.9169E-02
-4.1385E-02
-4.4892E-02
-4.7826E-02
-5.0027E-02
-5.1712E-02
-5.2460E-02
-5.3361E-02
-5.6211E-02
-5.9870E-02
-6.2499E-02
-6.4410E-02
-6.6369E-02
-6.8495E-02
-7.0705E-02
-7.2737E-02
-7.3942E-02
-7.4096E-02
-7.3959E-02
-7.4142E-02
-7.4103E-02
-7.2398E-02
-6.8985E-02
-6.5836E-02
-6.3170E-02
-5.9701E-02
-5.5595E-02
-5.1054E-02
-4.4931E-02
-3.6451E-02
-2.6356E-02
-1.6447E-02
-7.6470E-03
7.4289E-04
8.7726E-03
1.5717E-02
2.2410E-02
3.0383E-02
3.9254E-02
4.7103E-02
5.2645E-02
5.7897E-02
6.5150E-02
7.2300E-02
7.7201E-02
8.1034E-02
8.5183E-02
8.9524E-02
9.3108E-02
9.5490E-02
9.7414E-02
9.9524E-02
1.0175E-01
1.0340E-01
1.0367E-01
1.0260E-01
1.0065E-01
9.8500E-02
9.6446E-02
9.4357E-02
9.2154E-02
9.0283E-02
8.9421E-02
8.9373E-02
8.9459E-02
8.9453E-02
8.9470E-02
8.9502E-02
8.9404E-02
8.9377E-02
9.0165E-02
9.1778E-02
9.2867E-02
9.3352E-02
9.4603E-02
9.6788E-02
9.8956E-02
1.0016E-01
1.0025E-01
9.9997E-02
1.0054E-01
1.0221E-01
1.0363E-01
1.0394E-01
1.0378E-01
1.0374E-01
1.0381E-01
1.0385E-01
1.0380E-01
1.0375E-01
1.0389E-01
1.0401E-01
1.0283E-01
9.9230E-02
9.3864E-02
8.7400E-02
7.9828E-02
7.1037E-02
6.0764E-02
4.9211E-02
3.6971E-02
2.4521E-02
1.1251E-02
-2.8541E-03
-1.5188E-02
-2.4406E-02
-3.2497E-02
-4.0472E-02
-4.7399E-02
-5.2854E-02
-5.7283E-02
-6.1496E-02
-6.5309E-02
-6.8048E-02
-7.0167E-02
-7.2087E-02
-7.3247E-02
-7.3340E-02
-7.3109E-02
-7.3699E-02
-7.5336E-02
-7.6643E-02
-7.6962E-02
-7.6933E-02
-7.6421E-02
-7.4848E-02
-7.2773E-02
-7.0354E-02
-6.6972E-02
-6.3245E-02
-6.0510E-02
-5.8549E-02
-5.6487E-02
-5.4188E-02
-5.2445E-02
-5.1881E-02
-5.1372E-02
-4.9672E-02
-4.7285E-02
-4.5380E-02
-4.4662E-02
-4.4754E-02
-4.4780E-02
-4.3923E-02
-4.1936E-02
-3.9560E-02
-3.7965E-02
-3.7528E-02
-3.6812E-02
-3.5122E-02
-3.3863E-02
-3.4257E-02
-3.5913E-02
-3.7125E-02
-3.7843E-02
-4.0078E-02
-4.3237E-02
-4.4720E-02
-4.5201E-02
-4.6735E-02
-4.9130E-02
-5.1043E-02
-5.1729E-02
-5.1745E-02
-5.1640E-02
-5.0924E-02
-4.8848E-02
-4.5383E-02
-4.1197E-02
-3.6954E-02
-3.2815E-02
-2.8622E-02
-2.4294E-02
-2.0353E-02
-1.7676E-02
-1.6422E-02
-1.6050E-02
-1.5821E-02
-1.6600E-02
-1.9579E-02
-2.2715E-02
-2.3611E-02
-2.3244E-02
-2.3119E-02
-2.3350E-02
-2.3066E-02
-2.1271E-02
-1.8019E-02
-1.4304E-02
-1.1395E-02
-8.8033E-03
-5.2613E-03
-1.0323E-03
3.3798E-03
7.8156E-03
1.1144E-02
1.2336E-02
1.3009E-02
1.4408E-02
1.5477E-02
1.6200E-02
1.7614E-02
1.8460E-02
1.7378E-02
1.6084E-02
1.5428E-02
1.4182E-02
1.2621E-02
1.2054E-02
1.2190E-02
1.2287E-02
1.2262E-02
1.2245E-02
1.2219E-02
1.2180E-02
1.2293E-02
1.2465E-02
1.1888E-02
1.0337E-02
9.7222E-03
1.0718E-02
1.0811E-02
9.8551E-03
1.0319E-02
1.1715E-02
1.2470E-02
1.3391E-02
1.4841E-02
1.5630E-02
1.6153E-02
1.7714E-02
1.9419E-02
1.9287E-02
1.6583E-02
1.2938E-02
1.0217E-02
7.5885E-03
3.7306E-03
-7.8989E-04
-4.6007E-03
-7.2197E-03
-9.9730E-03
-1.3618E-02
-1.6909E-02
-1.9317E-02
-2.1485E-02
-2.2660E-02
-2.1276E-02
-1.7852E-02
-1.4104E-02
-1.1303E-02
-8.6345E-03
-5.0323E-03
-1.6257E-03
1.0334E-03
4.2480E-03
8.0273E-03
1.0829E-02
1.2044E-02
1.2394E-02
1.3368E-02
1.5334E-02
1.7548E-02
1.9636E-02
2.1721E-02
2.3850E-02
2.5857E-02
2.7837E-02
3.0548E-02
3.4245E-02
3.7590E-02
4.0214E-02
4.3389E-02
4.7446E-02
5.1806E-02
5.6157E-02
6.0051E-02
6.2922E-02
6.5535E-02
6.9102E-02
7.2799E-02
7.5176E-02
7.6054E-02
7.6074E-02
7.6015E-02
7.6200E-02
7.6033E-02
7.4196E-02
7.0142E-02
6.4534E-02
5.7784E-02
4.9775E-02
4.1156E-02
3.2949E-02
2.5836E-02
1.9529E-02
1.3314E-02
6.9496E-03
7.9332E-04
-4.5049E-03
-8.4858E-03
-1.1028E-02
-1.2862E-02
-1.5165E-02
-1.8628E-02
-2.1959E-02
-2.3323E-02
-2.3928E-02
-2.5391E-02
-2.6729E-02
-2.7014E-02
-2.6865E-02
-2.6869E-02
-2.6885E-02
-2.6750E-02
-2.7015E-02
-2.8377E-02
-3.0019E-02
-3.0614E-02
-3.0495E-02
-3.0412E-02
-3.0454E-02
-3.0480E-02
-3.0482E-02
-3.0504E-02
-3.0486E-02
-3.0418E-02
-3.0508E-02
-3.0725E-02
-2.9793E-02
-2.6202E-02
-2.0611E-02
-1.4862E-02
-1.0134E-02
-4.8978E-03
2.4555E-03
1.0119E-02
1.7069E-02
2.4617E-02
3.2170E-02
3.7509E-02
4.0675E-02
4.2999E-02
4.5325E-02
4.6644E-02
4.5729E-02
4.4212E-02
4.3609E-02
4.2827E-02
4.0931E-02
3.8566E-02
3.6885E-02
3.6621E-02
3.7603E-02
3.9684E-02
4.2968E-02
4.7660E-02
5.3529E-02
5.9092E-02
6.3617E-02
6.7780E-02
7.1535E-02
7.4209E-02
7.6220E-02
7.8210E-02
8.0294E-02
8.2463E-02
8.4623E-02
8.6141E-02
8.6432E-02
8.6127E-02
8.6430E-02
8.7947E-02
8.9562E-02
8.9995E-02
8.9770E-02
8.9760E-02
8.9976E-02
8.9532E-02
8.7855E-02
8.6242E-02
8.6164E-02
8.7645E-02
8.9332E-02
8.9891E-02
8.9727E-02
8.9719E-02
8.9910E-02
8.9483E-02
8.7962E-02
8.6548E-02
8.5957E-02
8.4981E-02
8.3477E-02
8.2685E-02
8.2128E-02
8.0566E-02
7.8390E-02
7.6010E-02
7.2852E-02
6.8329E-02
6.2393E-02
5.5928E-02
4.9646E-02
4.3538E-02
3.6921E-02
2.9083E-02
2.0506E-02
1.2195E-02
4.8988E-03
-1.4806E-03
-7.6730E-03
-1.4058E-02
-2.0293E-02
-2.5635E-02
-2.9956E-02
-3.4018E-02
-3.8363E-02
-4.2509E-02
-4.5046E-02
-4.5440E-02
-4.5032E-02
-4.5440E-02
-4.7177E-02
-4.8820E-02
-4.8842E-02
-4.7364E-02
-4.5919E-02
-4.5361E-02
-4.3894E-02
-4.0745E-02
-3.8471E-02
-3.7798E-02
-3.6688E-02
-3.4522E-02
-3.2357E-02
-3.1220E-02
-3.1098E-02
-3.1208E-02
-3.1183E-02
-3.1183E-02
-3.1301E-02
-3.1080E-02
-2.9882E-02
-2.7911E-02
-2.5692E-02
-2.3424E-02
-2.1629E-02
-2.0937E-02
-2.0122E-02
-1.7225E-02
-1.2894E-02
-8.5635E-03
-4.4779E-03
-2.8745E-04
4.0144E-03
7.6793E-03
1.0116E-02
1.2015E-02
1.4126E-02
1.6396E-02
1.8013E-02
1.8418E-02
1.8376E-02
1.8155E-02
1.6984E-02
1.4793E-02
1.2648E-02
1.1583E-02
1.0827E-02
8.4146E-03
5.3688E-03
4.0041E-03
2.6533E-03
-4.0734E-04
-2.9108E-03
-3.3887E-03
-3.0948E-03
-3.0450E-03
-3.1284E-03
-3.1227E-03
-3.1546E-03
-3.2872E-03
-2.8794E-03
-1.2675E-03
9.9736E-04
3.1125E-03
4.2692E-03
3.2972E-03
1.1443E-04
-2.5468E-03
-3.7202E-03
-5.9016E-03
-8.8997E-03
-1.0354E-02
-1.1624E-02
-1.4732E-02
-1.8214E-02
-2.0787E-02
-2.2797E-02
-2.4067E-02
-2.4715E-02
-2.6625E-02
-2.9829E-02
-3.1750E-02
-3.1894E-02
-3.1654E-02
-3.1664E-02
-3.1740E-02
-3.1747E-02
-3.1759E-02
-3.1767E-02
-3.1688E-02
-3.1818E-02
-3.2865E-02
-3.4937E-02
-3.7214E-02
-3.8625E-02
-3.9059E-02
-3.9910E-02
-4.1817E-02
-4.4048E-02
-4.6125E-02
-4.8244E-02
-5.0506E-02
-5.2266E-02
-5.2954E-02
-5.3626E-02
-5.5114E-02
-5.5673E-02
-5.4458E-02
-5.3330E-02
-5.2774E-02
-5.1528E-02
-4.9008E-02
-4.4589E-02
-3.7864E-02
-3.0618E-02
-2.5095E-02
-1.9618E-02
-1.2384E-02
-5.6439E-03
-8.9908E-04
3.0793E-03
6.7663E-03
9.3171E-03
1.0507E-02
1.0443E-02
9.2400E-03
6.8691E-03
3.0879E-03
-1.9934E-03
-8.0669E-03
-1.4432E-02
-2.0693E-02
-2.6996E-02
-3.3443E-02
-3.9514E-02
-4.4571E-02
-4.9399E-02
-5.5084E-02
-6.0156E-02
-6.3195E-02
-6.6021E-02
-6.9727E-02
-7.2941E-02
-7.4529E-02
-7.4878E-02
-7.5690E-02
-7.7317E-02
-7.8373E-02
-7.8484E-02
-7.8326E-02
-7.8286E-02
-7.8415E-02
-7.8586E-02
-7.8123E-02
-7.6590E-02
-7.5181E-02
-7.4655E-02
-7.3810E-02
-7.1955E-02
-6.9697E-02
-6.7533E-02
-6.5549E-02
-6.3640E-02
-6.1193E-02
-5.7655E-02
-5.4036E-02
-5.1394E-02
-4.8641E-02
-4.4827E-02
-4.0490E-02
-3.6134E-02
-3.2023E-02
-2.8736E-02
-2.6121E-02
-2.2912E-02
-1.9259E-02
-1.6435E-02
-1.4309E-02
-1.2424E-02
-1.1286E-02
-1.1205E-02
-1.1429E-02
-1.0799E-02
-9.1540E-03
-7.9528E-03
-7.5056E-03
-6.3780E-03
-4.2069E-03
-2.0799E-03
-1.0043E-03
-4.5440E-04
8.9534E-04
1.9938E-03
1.0926E-03
-3.4444E-04
-1.0405E-03
-2.1143E-03
-3.6235E-03
-4.3232E-03
-4.8360E-03
-6.5769E-03
-9.1217E-03
-1.0603E-02
-9.8164E-03
-8.3817E-03
-7.6880E-03
-6.1038E-03
-2.5329E-03
1.9264E-03
6.4417E-03
1.0432E-02
1.2692E-02
1.3716E-02
1.6101E-02
1.9337E-02
2.0653E-02
2.0326E-02
2.0309E-02
2.1567E-02
2.3229E-02
2.3949E-02
2.3973E-02
2.3757E-02
2.2808E-02
2.0914E-02
1.8692E-02
1.6564E-02
1.4495E-02
1.2402E-02
1.0291E-02
8.1799E-03
6.0672E-03
3.9811E-03
1.9169E-03
-2.3486E-04
-2.4754E-03
-4.2053E-03
-4.7811E-03
-4.7126E-03
-4.6431E-03
-4.6561E-03
-4.7249E-03
-4.7933E-03
-4.3130E-03
-2.5174E-03
6.5711E-04
4.7723E-03
9.0308E-03
1.2976E-02
1.7269E-02
2.3358E-02
3.0865E-02
3.7142E-02
4.1061E-02
4.3376E-02
4.5339E-02
4.7451E-02
4.9576E-02
5.1624E-02
5.3693E-02
5.5885E-02
5.7861E-02
5.8907E-02
5.8971E-02
5.8858E-02
5.9074E-02
5.8903E-02
5.6883E-02
5.3271E-02
5.0190E-02
4.8231E-02
4.6137E-02
4.2859E-02
3.9462E-02
3.7907E-02
3.6777E-02
3.3796E-02
3.0936E-02
3.0006E-02
2.9239E-02
2.7312E-02
2.4950E-02
2.3398E-02
2.3162E-02
2.3467E-02
2.3145E-02
2.1590E-02
1.9873E-02
1.9537E-02
2.0736E-02
2.2423E-02
2.3277E-02
2.3298E-02
2.3167E-02
2.3136E-02
2.3222E-02
2.3343E-02
2.2895E-02
2.1328E-02
1.9238E-02
1.6874E-02
1.3667E-02
9.6906E-03
5.4587E-03
5.7242E-04
-5.2992E-03
-1.0883E-02
-1.4873E-02
-1.7429E-02
-2.0202E-02
-2.3835E-02
-2.6396E-02
-2.6858E-02
-2.6567E-02
-2.6589E-02
-2.6677E-02
-2.5944E-02
-2.4011E-02
-2.1636E-02
-1.9997E-02
-1.9531E-02
-1.8937E-02
-1.7202E-02
-1.4954E-02
-1.2822E-02
-1.0780E-02
-8.6988E-03
-6.6175E-03
-4.5632E-03
-2.4197E-03
-2.2419E-04
1.3508E-03
1.7289E-03
1.5685E-03
1.5295E-03
1.5850E-03
1.5237E-03
1.4970E-03
2.2251E-03
4.1304E-03
6.5079E-03
8.1484E-03
8.6107E-03
9.2510E-03
1.0894E-02
1.2233E-02
1.1974E-02
1.0304E-02
8.8364E-03
8.3093E-03
7.4596E-03
5.6780E-03
3.5350E-03
8.0275E-04
-2.8724E-03
-6.2960E-03
-8.7313E-03
-1.0799E-02
-1.2490E-02
-1.3034E-02
-1.2272E-02
-1.0123E-02
-6.7503E-03
-2.8662E-03
1.3244E-03
7.0516E-03
1.4505E-02
2.1063E-02
2.5518E-02
2.9317E-02
3.4085E-02
4.0042E-02
4.5676E-02
4.9694E-02
5.2251E-02
5.4890E-02
5.8567E-02
6.2065E-02
6.4470E-02
6.6366E-02
6.8326E-02
7.0526E-02
7.2902E-02
7.4502E-02
7.4117E-02
7.2758E-02
7.2066E-02
7.0720E-02
6.7393E-02
6.3906E-02
6.1664E-02
5.9841E-02
5.7031E-02
5.3331E-02
5.0857E-02
5.0425E-02
5.0690E-02
5.0755E-02
5.0651E-02
5.0520E-02
5.0736E-02
5.1932E-02
5.4027E-02
5.6211E-02
5.7556E-02
5.7781E-02
5.7624E-02
5.7675E-02
5.7748E-02
5.7073E-02
5.5304E-02
5.3163E-02
5.0785E-02
4.7409E-02
4.2639E-02
3.6658E-02
3.0282E-02
2.3899E-02
1.7510E-02
1.1710E-02
7.0511E-03
2.8756E-03
-1.0335E-03
-4.0434E-03
-6.2793E-03
-8.3061E-03
-9.7963E-03
-9.9368E-03
-8.6917E-03
-6.7520E-03
-4.6501E-03
-1.9348E-03
1.8594E-03
6.1386E-03
1.0454E-02
1.4704E-02
1.8263E-02
2.0811E-02
2.3617E-02
2.7575E-02
3.2072E-02
3.5917E-02
3.8338E-02
4.0066E-02
4.2416E-02
4.6022E-02
4.9366E-02
5.0488E-02
5.0270E-02
5.0130E-02
5.0189E-02
5.0159E-02
5.0148E-02
5.0354E-02
5.0070E-02
4.7971E-02
4.4461E-02
4.1392E-02
3.9083E-02
3.7276E-02
3.6381E-02
3.5518E-02
3.2786E-02
2.9514E-02
2.8432E-02
2.8832E-02
2.8768E-02
2.7492E-02
2.5539E-02
2.3366E-02
2.0440E-02
1.6787E-02
1.3685E-02
1.1008E-02
7.5354E-03
3.9057E-03
1.3102E-03
-6.3802E-04
-2.5929E-03
-4.7335E-03
-7.0775E-03
-9.0213E-03
-9.2465E-03
-7.8463E-03
-6.7807E-03
-6.7028E-03
-6.8753E-03
-6.8794E-03
-6.8091E-03
-6.8310E-03
-6.9451E-03
-6.9071E-03
-6.6129E-03
-7.0083E-03
-9.4268E-03
-1.2636E-02
-1.4083E-02
-1.4589E-02
-1.6146E-02
-1.8472E-02
-2.0599E-02
-2.2514E-02
-2.5147E-02
-2.8893E-02
-3.2395E-02
-3.4793E-02
-3.6715E-02
-3.8727E-02
-4.0923E-02
-4.3206E-02
-4.5020E-02
-4.5785E-02
-4.6397E-02
-4.7923E-02
-4.8819E-02
-4.7426E-02
-4.4931E-02
-4.2894E-02
-4.1198E-02
-3.7595E-02
-3.0176E-02
-2.0919E-02
-1.3360E-02
-9.3568E-03
-6.2887E-03
-1.0678E-03
4.8368E-03
9.1792E-03
1.1907E-02
1.4068E-02
1.6109E-02
1.7442E-02
1.7806E-02
1.7813E-02
1.7303E-02
1.5816E-02
1.4433E-02
1.3816E-02
1.2828E-02
1.1341E-02
1.0454E-02
1.0154E-02
1.0555E-02
1.2715E-02
1.5743E-02
1.7259E-02
1.8478E-02
2.1454E-02
2.4068E-02
2.5193E-02
2.7248E-02
3.1105E-02
3.5615E-02
4.0080E-02
4.3765E-02
4.5576E-02
4.6272E-02
4.7578E-02
4.8999E-02
4.9558E-02
4.9685E-02
4.8902E-02
4.6066E-02
4.2488E-02
3.9758E-02
3.6918E-02
3.3020E-02
2.8670E-02
2.4456E-02
2.0278E-02
1.5982E-02
1.2018E-02
9.0166E-03
6.7180E-03
4.7114E-03
3.4680E-03
2.9523E-03
1.8356E-03
1.6613E-04
-5.6142E-04
-2.9367E-04
-4.3581E-04
-1.9122E-03
-2.8913E-03
-7.5906E-04
2.4736E-03
3.4809E-03
2.9649E-03
3.0714E-03
4.5922E-03
6.2924E-03
6.7620E-03
6.5388E-03
6.5419E-03
6.7396E-03
6.2575E-03
4.6950E-03
3.3365E-03
2.7324E-03
1.6621E-03
1.8884E-04
-5.5550E-04
-1.2671E-03
-2.7528E-03
-3.9109E-03
-4.4658E-03
-5.6649E-03
-7.7105E-03
-9.9509E-03
-1.2098E-02
-1.4118E-02
-1.6054E-02
-1.8538E-02
-2.2325E-02
-2.6808E-02
-3.0747E-02
-3.3581E-02
-3.6368E-02
-3.9933E-02
-4.2569E-02
-4.3694E-02
-4.5818E-02
-4.8903E-02
-5.0425E-02
-5.1026E-02
-5.2491E-02
-5.3967E-02
-5.3896E-02
-5.2287E-02
-5.0773E-02
-5.0248E-02
-4.9409E-02
-4.7886E-02
-4.7025E-02
-4.6574E-02
-4.5056E-02
-4.2687E-02
-4.0794E-02
-4.0059E-02
-3.9414E-02
-3.7934E-02
-3.7324E-02
-3.8374E-02
-3.8560E-02
-3.7171E-02
-3.6218E-02
-3.6256E-02
-3.6384E-02
-3.6220E-02
-3.6490E-02
-3.7948E-02
-3.9625E-02
-4.0128E-02
-3.9846E-02
-3.9941E-02
-4.1225E-02
-4.3465E-02
-4.5563E-02
-4.6595E-02
-4.7378E-02
-4.9818E-02
-5.2830E-02
-5.4204E-02
-5.5657E-02
-5.8626E-02
-6.0806E-02
-6.1948E-02
-6.4538E-02
-6.8170E-02
-7.0907E-02
-7.2849E-02
-7.4786E-02
-7.6923E-02
-7.9186E-02
-8.1230E-02
-8.2374E-02
-8.2802E-02
-8.3896E-02
-8.6041E-02
-8.8223E-02
-8.9405E-02
-8.9961E-02
-9.1239E-02
-9.2377E-02
-9.1607E-02
-9.0230E-02
-8.9460E-02
-8.7637E-02
-8.3899E-02
-7.9462E-02
-7.5149E-02
-7.1094E-02
-6.7789E-02
-6.5551E-02
-6.3733E-02
-6.1154E-02
-5.7394E-02
-5.3861E-02
-5.1501E-02
-4.9595E-02
-4.7462E-02
-4.5335E-02
-4.3995E-02
-4.3644E-02
-4.3630E-02
-4.4123E-02
-4.5611E-02
-4.7011E-02
-4.7598E-02
-4.8573E-02
-5.0163E-02
-5.1037E-02
-5.1025E-02
-5.0966E-02
-5.1145E-02
-5.0852E-02
-4.9446E-02
-4.7944E-02
-4.7353E-02
-4.6566E-02
-4.5112E-02
-4.4194E-02
-4.3580E-02
-4.2158E-02
-4.0788E-02
-4.0272E-02
-3.9393E-02
-3.7370E-02
-3.5081E-02
-3.3797E-02
-3.3250E-02
-3.1335E-02
-2.7830E-02
-2.4741E-02
-2.2607E-02
-2.0685E-02
-1.8639E-02
-1.6500E-02
-1.4271E-02
-1.2458E-02
-1.2065E-02
-1.3242E-02
-1.4706E-02
-1.4450E-02
-1.2930E-02
-1.2160E-02
-1.2256E-02
-1.2408E-02
-1.2390E-02
-1.2332E-02
-1.2342E-02
-1.2450E-02
-1.2386E-02
-1.1479E-02
-9.4955E-03
-7.1651E-03
-5.6214E-03
-5.2148E-03
-4.5629E-03
-2.7136E-03
-3.1366E-04
1.4444E-03
1.8367E-03
1.5390E-03
1.7127E-03
3.0215E-03
4.6586E-03
5.3102E-03
5.2161E-03
5.1125E-03
5.1346E-03
5.1544E-03
5.1380E-03
5.1174E-03
5.0974E-03
5.0895E-03
5.1163E-03
5.1110E-03
4.9799E-03
5.0283E-03
5.9705E-03
7.6180E-03
8.6186E-03
8.6128E-03
8.4755E-03
9.2069E-03
1.1045E-02
1.3261E-02
1.5366E-02
1.7398E-02
1.9466E-02
2.1607E-02
2.3728E-02
2.5673E-02
2.7662E-02
3.0518E-02
3.4133E-02
3.6484E-02
3.7158E-02
3.8175E-02
4.0272E-02
4.2479E-02
4.3745E-02
4.3946E-02
4.3803E-02
4.3736E-02
4.3796E-02
4.3948E-02
4.3696E-02
4.2410E-02
4.0828E-02
4.0185E-02
3.9656E-02
3.7927E-02
3.5495E-02
3.3712E-02
3.3148E-02
3.2552E-02
3.0959E-02
2.9589E-02
2.9328E-02
2.9478E-02
2.9403E-02
2.9407E-02
3.0243E-02
3.1968E-02
3.3990E-02
3.6694E-02
4.0336E-02
4.2989E-02
4.3909E-02
4.5727E-02
4.9775E-02
5.4354E-02
5.7118E-02
5.7953E-02
5.9727E-02
6.3278E-02
6.6492E-02
6.8091E-02
6.8308E-02
6.8159E-02
6.8119E-02
6.8139E-02
6.8222E-02
6.8156E-02
6.7309E-02
6.5516E-02
6.3429E-02
6.0912E-02
5.7287E-02
5.3004E-02
4.8743E-02
4.4559E-02
4.0325E-02
3.6145E-02
3.2120E-02
2.7720E-02
2.2257E-02
1.6794E-02
1.3213E-02
1.0510E-02
6.9699E-03
3.4599E-03
9.9771E-04
-9.2383E-04
-2.9109E-03
-5.1211E-03
-7.4503E-03
-9.2366E-03
-9.8770E-03
-1.0791E-02
-1.3820E-02
-1.7552E-02
-2.0095E-02
-2.1883E-02
-2.4240E-02
-2.7816E-02
-3.2039E-02
-3.6370E-02
-4.0700E-02
-4.4477E-02
-4.7229E-02
-5.0054E-02
-5.3612E-02
-5.6103E-02
-5.6957E-02
-5.8054E-02
-5.9579E-02
-6.0292E-02
-6.0361E-02
-5.9982E-02
-5.8704E-02
-5.7270E-02
-5.6679E-02
-5.5434E-02
-5.2004E-02
-4.7541E-02
-4.3260E-02
-3.9162E-02
-3.5010E-02
-3.0830E-02
-2.6678E-02
-2.2439E-02
-1.8144E-02
-1.4467E-02
-1.1938E-02
-9.8808E-03
-8.1014E-03
-7.2167E-03
-7.0738E-03
-7.1829E-03
-7.9268E-03
-9.7359E-03
-1.2002E-02
-1.4093E-02
-1.6094E-02
-1.8783E-02
-2.2731E-02
-2.7235E-02
-3.1070E-02
-3.3730E-02
-3.6441E-02
-4.0125E-02
-4.3572E-02
-4.5920E-02
-4.7853E-02
-5.0008E-02
-5.2127E-02
-5.3421E-02
-5.3664E-02
-5.3551E-02
-5.3544E-02
-5.3595E-02
-5.3611E-02
-5.3608E-02
-5.3630E-02
-5.3665E-02
-5.3660E-02
-5.3628E-02
-5.3711E-02
-5.3890E-02
-5.3502E-02
-5.2038E-02
-5.0600E-02
-5.0045E-02
-4.9201E-02
-4.7673E-02
-4.6704E-02
-4.6600E-02
-4.6793E-02
-4.6971E-02
-4.6665E-02
-4.5336E-02
-4.3813E-02
-4.3209E-02
-4.2609E-02
-4.0968E-02
-3.8754E-02
-3.6472E-02
-3.4383E-02
-3.3162E-02
-3.2587E-02
-3.0661E-02
-2.7062E-02
-2.3893E-02
-2.2429E-02
-2.2126E-02
-2.1265E-02
-1.9609E-02
-1.8649E-02
-1.8740E-02
-1.8814E-02
-1.7870E-02
-1.6330E-02
-1.5472E-02
-1.4785E-02
-1.3370E-02
-1.2832E-02
-1.3858E-02
-1.3992E-02
-1.2656E-02
-1.1715E-02
-1.1587E-02
-1.1936E-02
-1.3079E-02
-1.4575E-02
-1.5322E-02
-1.5990E-02
-1.7515E-02
-1.8784E-02
-1.9308E-02
-2.0411E-02
-2.2555E-02
-2.4755E-02
-2.5946E-02
-2.6433E-02
-2.7608E-02
-2.9224E-02
-2.9956E-02
-2.9937E-02
-2.9783E-02
-2.9667E-02
-3.0109E-02
-3.1627E-02
-3.3185E-02
-3.3639E-02
-3.3496E-02
-3.3443E-02
-3.3507E-02
-3.3542E-02
-3.3538E-02
-3.3551E-02
-3.3585E-02
-3.3589E-02
-3.3556E-02
-3.3612E-02
-3.3782E-02
-3.3531E-02
-3.2253E-02
-3.0752E-02
-3.0111E-02
-2.9406E-02
-2.7928E-02
-2.6849E-02
-2.6317E-02
-2.5083E-02
-2.3052E-02
-2.0802E-02
-1.8570E-02
-1.6858E-02
-1.6231E-02
-1.5755E-02
-1.4162E-02
-1.1923E-02
-9.8033E-03
-7.7805E-03
-1.3825E-02
-1.1519E-02
-1.0096E-02
-9.3953E-03
-8.0368E-03
-6.1582E-03
-5.2427E-03
-5.2755E-03
-4.9495E-03
-3.3868E-03
-1.8664E-03
-2.3663E-03
-3.7805E-03
-4.0781E-03
-3.5567E-03
-3.5482E-03
-4.6805E-03
-6.3979E-03
-8.4284E-03
-1.1373E-02
-1.4595E-02
-1.6118E-02
-1.6402E-02
-1.7568E-02
-1.9688E-02
-2.1397E-02
-2.1919E-02
-2.2265E-02
-2.3491E-02
-2.4033E-02
-2.2634E-02
-2.1035E-02
-2.0374E-02
-2.0209E-02
-2.0737E-02
-2.1920E-02
-2.1933E-02
-2.0337E-02
-1.9001E-02
-1.8595E-02
-1.8513E-02
-1.8397E-02
-1.7828E-02
-1.6240E-02
-1.4345E-02
-1.3467E-02
-1.3397E-02
-1.3065E-02
-1.1684E-02
-9.4127E-03
-7.0234E-03
-4.8526E-03
-2.4330E-03
9.4439E-04
4.8179E-03
7.9060E-03
1.0176E-02
1.2286E-02
1.4494E-02
1.6845E-02
1.9211E-02
2.0884E-02
2.1523E-02
2.2429E-02
2.4140E-02
2.5372E-02
2.5563E-02
2.5542E-02
2.6402E-02
2.8222E-02
2.9612E-02
2.9462E-02
2.8029E-02
2.6822E-02
2.6444E-02
2.5661E-02
2.4363E-02
2.3763E-02
2.3411E-02
2.2082E-02
2.0120E-02
1.8223E-02
1.6468E-02
1.4712E-02
1.2919E-02
1.1135E-02
9.4040E-03
7.6963E-03
5.9135E-03
4.1514E-03
3.0296E-03
3.0320E-03
3.5528E-03
3.4828E-03
2.2862E-03
1.0589E-03
9.8883E-04
1.5528E-03
1.5309E-03
4.2113E-04
-6.7219E-04
-8.9069E-04
-1.3314E-03
-2.4444E-03
-3.0790E-03
-2.8771E-03
-2.4190E-03
-2.0626E-03
-1.8729E-03
-1.7167E-03
-9.5389E-04
7.4415E-04
2.2098E-03
3.0274E-03
4.9572E-03
8.8057E-03
1.3086E-02
1.5767E-02
1.6796E-02
1.8673E-02
2.1546E-02
2.3089E-02
2.4092E-02
2.6941E-02
3.1039E-02
3.4672E-02
3.7202E-02
3.9146E-02
4.0888E-02
4.1950E-02
4.2394E-02
4.3339E-02
4.4693E-02
4.5284E-02
4.5128E-02
4.5088E-02
4.5880E-02
4.7507E-02
4.9343E-02
5.0566E-02
5.0694E-02
5.0328E-02
5.0471E-02
5.1562E-02
5.2663E-02
5.2966E-02
5.3428E-02
5.4493E-02
5.5177E-02
5.5148E-02
5.4791E-02
5.4345E-02
5.4512E-02
5.6265E-02
5.8600E-02
5.9474E-02
5.9121E-02
5.8632E-02
5.8334E-02
5.8251E-02
5.8107E-02
5.6796E-02
5.3992E-02
5.1780E-02
5.0977E-02
4.9969E-02
4.8060E-02
4.6170E-02
4.5205E-02
4.4462E-02
4.2338E-02
3.9667E-02
3.8560E-02
3.8664E-02
3.8466E-02
3.7315E-02
3.5976E-02
3.5351E-02
3.4732E-02
3.3456E-02
3.2398E-02
3.2124E-02
3.2098E-02
3.1889E-02
3.1806E-02
3.2413E-02
3.3374E-02
3.3764E-02
3.3988E-02
3.4861E-02
3.5678E-02
3.5721E-02
3.5398E-02
3.5149E-02
3.4966E-02
3.4756E-02
3.4541E-02
3.4342E-02
3.4088E-02
3.3810E-02
3.3951E-02
3.4910E-02
3.6253E-02
3.7174E-02
3.7268E-02
3.7267E-02
3.8042E-02
3.9268E-02
4.0177E-02
4.0331E-02
3.9978E-02
3.9559E-02
3.9207E-02
3.8868E-02
3.8483E-02
3.8051E-02
3.7703E-02
3.7504E-02
3.6894E-02
3.5060E-02
3.2716E-02
3.1453E-02
3.1153E-02
3.0972E-02
3.0693E-02
3.0179E-02
2.9078E-02
2.7495E-02
2.5954E-02
2.4961E-02
2.4575E-02
2.4376E-02
2.4117E-02
2.3827E-02
2.3557E-02
2.3299E-02
2.3030E-02
2.2743E-02
2.2472E-02
2.2250E-02
2.1907E-02
2.1091E-02
1.9747E-02
1.8249E-02
1.7141E-02
1.6799E-02
1.6841E-02
1.6304E-02
1.4544E-02
1.2649E-02
1.1995E-02
1.2081E-02
1.1902E-02
1.1080E-02
9.8834E-03
8.6977E-03
7.5930E-03
6.4523E-03
5.2800E-03
4.4265E-03
4.1338E-03
3.8331E-03
3.0322E-03
1.9892E-03
9.1358E-04
-9.3804E-05
-4.4095E-04
2.1052E-04
9.4548E-04
1.1509E-03
1.1139E-03
1.0955E-03
1.2014E-03
1.6507E-03
2.4702E-03
3.3867E-03
4.5154E-03
6.0865E-03
7.5770E-03
8.4821E-03
9.1068E-03
1.0065E-02
1.1440E-02
1.2370E-02
1.2578E-02
1.3138E-02
1.4151E-02
1.4555E-02
1.4269E-02
1.3879E-02
1.3595E-02
1.3332E-02
1.3042E-02
1.2746E-02
1.2445E-02
1.2142E-02
1.1885E-02
1.1649E-02
1.1180E-02
1.0354E-02
9.6211E-03
9.1709E-03
8.5648E-03
7.7998E-03
7.3184E-03
7.1124E-03
6.9338E-03
6.7135E-03
6.4886E-03
6.2702E-03
6.0514E-03
5.8546E-03
5.6693E-03
5.4090E-03
5.1061E-03
5.1924E-03
5.9012E-03
6.4659E-03
6.3696E-03
6.0160E-03
5.7534E-03
5.5017E-03
5.1610E-03
5.0070E-03
5.3960E-03
5.8470E-03
5.5398E-03
4.8110E-03
4.4088E-03
4.4421E-03
4.5685E-03
4.4532E-03
4.1458E-03
3.8277E-03
3.5408E-03
3.2567E-03
2.9664E-03
2.6778E-03
2.3936E-03
2.1156E-03
1.8431E-03
1.5654E-03
1.2778E-03
1.0176E-03
8.0236E-04
4.6946E-04
-2.0766E-04
-1.0121E-03
-1.4948E-03
-1.7000E-03
-1.8469E-03
-2.0008E-03
-2.3163E-03
-2.9577E-03
-3.6153E-03
-3.9101E-03
-4.0013E-03
-4.1163E-03
-4.2669E-03
-4.4092E-03
-4.5394E-03
-4.6690E-03
-4.7955E-03
-4.9217E-03
-5.0602E-03
-5.1869E-03
-5.2184E-03
-5.1538E-03
-5.1487E-03
-5.2591E-03
-5.4104E-03
-5.5581E-03
-5.6696E-03
-5.6880E-03
-5.6570E-03
-5.7088E-03
-5.8466E-03
-5.9890E-03
-6.1129E-03
-6.2538E-03
-6.4091E-03
-6.4545E-03
-6.3208E-03
-6.2235E-03
-6.3167E-03
-6.4896E-03
-6.6403E-03
-6.7722E-03
-6.9065E-03
-7.0427E-03
-7.1744E-03
-7.3014E-03
-7.4259E-03
-7.5480E-03
-7.6670E-03
-7.7828E-03
-7.8959E-03
-8.0066E-03
-8.1140E-03
-8.2173E-03
-8.3189E-03
-8.4214E-03
-8.5183E-03
-8.6009E-03
-8.6937E-03
-8.8544E-03
-9.0640E-03
-9.2114E-03
-9.3107E-03
-9.4660E-03
-9.6663E-03
-9.8532E-03
-1.0014E-02
-1.0158E-02
-1.0289E-02
-1.0404E-02
-1.0510E-02
-1.0608E-02
-1.0667E-02
-1.0659E-02
-1.0643E-02
-1.0672E-02
-1.0690E-02
-1.0654E-02
-1.0594E-02
-1.0541E-02
-1.0496E-02
-1.0456E-02
-1.0403E-02
-1.0319E-02
-1.0227E-02
-1.0172E-02
-1.0149E-02
-1.0119E-02
-1.0061E-02
-9.9948E-03
-9.9558E-03
-9.9402E-03
-9.9275E-03
-9.9120E-03
-9.8968E-03
-9.8831E-03
-9.8700E-03
-9.8572E-03
-9.8448E-03
-9.8329E-03
-9.8217E-03
-9.8110E-03
-9.8006E-03
-9.7902E-03
-9.7816E-03
-9.7783E-03
-9.7796E-03
-9.7805E-03
-9.7765E-03
-9.7667E-03
-9.7554E-03
-9.7452E-03
-9.7359E-03
-9.7271E-03
-9.7187E-03
-9.7110E-03
-9.7038E-03
-9.6971E-03
-9.6909E-03
-9.6852E-03
-9.6800E-03
-9.6752E-03
-9.6709E-03
-9.6670E-03
-9.6635E-03
-9.6604E-03
-9.6577E-03
-9.6553E-03
-9.6533E-03
-9.6516E-03
-9.6504E-03
-9.6492E-03
-9.6477E-03
-9.6465E-03
-9.6462E-03
-9.6463E-03
-9.6464E-03
-9.6468E-03
-9.6480E-03
-9.6494E-03
-9.6510E-03
-9.6526E-03
-9.6540E-03
-9.6554E-03
-9.6572E-03
-9.6594E-03
-9.6618E-03
-9.6642E-03
-9.6667E-03
-9.6691E-03
-9.6713E-03
-9.6736E-03
-9.6758E-03
-9.6781E-03
-9.6804E-03
-9.6827E-03
-9.6850E-03
-9.6873E-03
-9.6896E-03
-9.6919E-03
-9.6942E-03
-9.6965E-03
-9.6987E-03
-9.7009E-03
-9.7030E-03
-9.7051E-03
-9.7072E-03
-9.7092E-03
-9.7111E-03
-9.7130E-03
-9.7149E-03