2.4990E+03
1.0000E-02
-8.1777E-03
-8.1549E-03
-8.1321E-03
-8.1089E-03
-8.0837E-03
-8.0537E-03
-8.0364E-03
-8.0106E-03
-7.9807E-03
-7.9737E-03
-7.9710E-03
-7.9609E-03
-7.9581E-03
-7.9560E-03
-7.9224E-03
-7.8746E-03
-7.8861E-03
-7.8559E-03
-7.6449E-03
-7.4471E-03
-7.3269E-03
-7.1843E-03
-7.0604E-03
-6.9519E-03
-6.9628E-03
-6.9209E-03
-6.8175E-03
-6.6863E-03
-6.4231E-03
-6.0832E-03
-5.7673E-03
-5.3736E-03
-5.2972E-03
-5.4544E-03
-5.3427E-03
-5.1302E-03
-5.0080E-03
-5.2926E-03
-5.5305E-03
-5.5640E-03
-5.6540E-03
-5.5539E-03
-4.9917E-03
-4.6588E-03
-5.0403E-03
-5.6281E-03
-6.3485E-03
-6.8335E-03
-7.1213E-03
-7.4867E-03
-7.5193E-03
-7.4672E-03
-7.5436E-03
-7.3514E-03
-6.8015E-03
-5.5583E-03
-4.1909E-03
-3.4378E-03
-3.1261E-03
-2.8569E-03
-2.1787E-03
-1.9466E-03
-2.3074E-03
-3.6495E-03
-5.3791E-03
-5.2349E-03
-3.5160E-03
-8.1196E-04
1.7691E-03
3.3445E-03
4.7102E-03
6.6441E-03
8.0682E-03
8.7979E-03
9.1065E-03
9.1817E-03
7.0952E-03
3.5556E-03
1.3119E-03
1.8015E-03
4.3166E-03
5.9259E-03
4.5401E-03
3.2648E-03
2.4322E-03
1.5999E-03
-1.3350E-04
-3.1214E-03
-8.6706E-03
-1.6243E-02
-2.2848E-02
-2.6086E-02
-2.3378E-02
-1.8518E-02
-1.4480E-02
-1.1829E-02
-9.3575E-03
-6.1410E-03
-2.8823E-03
-1.3973E-03
-1.6204E-03
-3.5616E-03
-6.9112E-03
-9.4973E-03
-1.0505E-02
-8.7119E-03
-4.3303E-03
-7.9241E-04
1.8592E-03
4.6070E-03
7.9583E-03
1.2675E-02
1.8721E-02
2.3872E-02
2.5915E-02
2.3788E-02
1.8105E-02
9.2728E-03
1.2111E-03
-1.0116E-03
3.7438E-03
9.4952E-03
1.4268E-02
1.8113E-02
2.1143E-02
2.3151E-02
2.1652E-02
1.7896E-02
1.4259E-02
9.4036E-03
6.3739E-03
4.6564E-03
1.7373E-03
7.6612E-04
3.2658E-03
5.0925E-03
4.0987E-03
-7.1678E-04
-8.6092E-03
-1.3355E-02
-1.3032E-02
-1.1251E-02
-1.1346E-02
-1.5134E-02
-2.0724E-02
-2.2252E-02
-1.6096E-02
-4.8712E-03
6.4034E-03
1.2884E-02
1.4285E-02
1.1703E-02
9.3005E-03
7.7944E-03
5.7645E-03
4.7011E-03
9.9248E-03
2.1707E-02
3.3941E-02
3.9097E-02
3.8474E-02
3.5958E-02
3.6288E-02
3.9324E-02
4.1064E-02
3.8311E-02
2.9252E-02
1.5656E-02
5.4583E-03
2.3295E-03
2.3993E-03
3.6598E-03
4.1020E-03
5.4350E-03
7.7917E-03
6.5061E-03
-9.3383E-04
-1.1108E-02
-1.9014E-02
-2.0250E-02
-1.4003E-02
-8.9432E-03
-9.8319E-03
-1.5784E-02
-2.5842E-02
-3.6968E-02
-4.4685E-02
-4.8760E-02
-5.1661E-02
-5.3201E-02
-5.5880E-02
-6.1743E-02
-6.6741E-02
-6.8164E-02
-5.7257E-02
-2.8840E-02
2.1180E-03
1.7323E-02
1.8626E-02
2.0698E-02
2.8447E-02
3.7200E-02
4.0672E-02
4.1049E-02
4.4485E-02
5.1993E-02
5.8977E-02
6.2024E-02
6.1107E-02
5.7134E-02
5.1611E-02
4.6700E-02
4.1483E-02
3.6002E-02
3.1039E-02
2.6102E-02
2.2078E-02
2.2910E-02
2.7549E-02
3.3958E-02
4.0175E-02
4.0027E-02
3.1232E-02
1.4271E-02
-5.4551E-03
-2.0775E-02
-2.7858E-02
-3.2352E-02
-3.6589E-02
-4.0004E-02
-4.2473E-02
-4.3408E-02
-3.6836E-02
-1.8595E-02
3.5749E-03
1.8775E-02
2.9393E-02
4.1709E-02
5.2438E-02
5.8160E-02
5.7688E-02
5.5021E-02
5.5131E-02
5.8398E-02
6.0900E-02
5.7801E-02
4.8220E-02
3.4729E-02
1.7917E-02
4.2469E-04
-1.4736E-02
-2.2684E-02
-2.4248E-02
-2.1706E-02
-1.7140E-02
-1.1204E-02
-6.0079E-03
-2.1251E-03
2.9953E-03
9.4732E-03
1.5132E-02
1.5722E-02
1.2340E-02
9.6611E-03
1.0827E-02
1.5006E-02
1.8316E-02
1.7841E-02
1.4646E-02
1.3770E-02
1.3383E-02
8.6190E-03
1.0176E-03
-5.2134E-03
-9.0547E-03
-1.0081E-02
-6.0875E-03
2.5347E-03
1.0720E-02
1.5528E-02
1.9863E-02
2.6294E-02
3.5731E-02
4.6068E-02
5.4870E-02
5.5887E-02
4.8872E-02
4.1596E-02
3.8835E-02
4.1453E-02
4.8797E-02
5.9726E-02
6.8760E-02
7.2419E-02
6.7863E-02
5.3494E-02
2.9562E-02
3.1924E-03
-1.8300E-02
-3.3460E-02
-4.5554E-02
-5.8692E-02
-6.8892E-02
-7.0654E-02
-6.0211E-02
-3.8454E-02
-1.9118E-02
-8.9198E-03
-3.2671E-03
3.5046E-03
1.4805E-02
2.8397E-02
3.8395E-02
4.3868E-02
4.5841E-02
4.6538E-02
4.9956E-02
5.3437E-02
5.3756E-02
5.2400E-02
4.7197E-02
3.8507E-02
3.3006E-02
3.1970E-02
3.2533E-02
3.5137E-02
4.0323E-02
4.6529E-02
4.8820E-02
4.3484E-02
2.8629E-02
1.0102E-02
-5.3702E-03
-9.6937E-03
-1.8564E-03
1.1767E-02
2.6375E-02
3.7915E-02
4.1463E-02
3.8902E-02
3.4454E-02
3.0825E-02
3.1604E-02
3.5909E-02
4.0039E-02
4.1375E-02
3.9588E-02
3.5833E-02
3.1412E-02
2.9158E-02
3.0084E-02
3.0837E-02
3.1151E-02
2.8922E-02
2.3438E-02
1.2503E-02
-3.9566E-03
-2.6819E-02
-4.8361E-02
-6.0490E-02
-6.6939E-02
-7.6350E-02
-8.9923E-02
-1.0936E-01
-1.3421E-01
-1.6217E-01
-1.8859E-01
-2.1283E-01
-2.3714E-01
-2.5822E-01
-2.7807E-01
-2.9732E-01
-3.1220E-01
-3.2202E-01
-3.2933E-01
-3.3437E-01
-3.3583E-01
-3.3270E-01
-3.2216E-01
-2.9519E-01
-2.5900E-01
-2.1834E-01
-1.7209E-01
-1.2133E-01
-7.0540E-02
-2.0289E-02
2.9625E-02
7.9263E-02
1.2856E-01
1.7255E-01
2.0593E-01
2.2673E-01
2.3756E-01
2.3939E-01
2.3184E-01
2.0700E-01
1.6503E-01
1.3560E-01
1.2379E-01
1.0107E-01
5.7341E-02
1.2074E-03
-4.4132E-02
-8.0207E-02
-1.1427E-01
-1.4287E-01
-1.6121E-01
-1.6872E-01
-1.6918E-01
-1.6714E-01
-1.6392E-01
-1.6132E-01
-1.6064E-01
-1.6141E-01
-1.6221E-01
-1.5882E-01
-1.4927E-01
-1.3091E-01
-1.0363E-01
-7.8172E-02
-6.4169E-02
-6.1887E-02
-6.9637E-02
-8.3761E-02
-1.0205E-01
-1.2137E-01
-1.4133E-01
-1.6190E-01
-1.7895E-01
-1.8912E-01
-1.9186E-01
-1.8806E-01
-1.7539E-01
-1.5143E-01
-1.2103E-01
-8.9104E-02
-5.1879E-02
-1.2577E-02
2.5578E-02
6.1285E-02
9.2897E-02
1.1899E-01
1.3207E-01
1.3474E-01
1.3229E-01
1.2601E-01
1.1622E-01
1.0227E-01
7.9517E-02
4.7817E-02
9.6052E-03
-3.0089E-02
-6.9022E-02
-1.0451E-01
-1.2672E-01
-1.3260E-01
-1.2860E-01
-1.1751E-01
-9.9498E-02
-7.7878E-02
-5.7886E-02
-3.8579E-02
-1.5767E-02
3.9695E-03
1.6527E-02
2.1294E-02
2.1471E-02
2.0321E-02
1.9697E-02
2.2440E-02
2.9890E-02
4.0957E-02
5.3447E-02
6.4297E-02
7.2971E-02
7.9854E-02
8.3613E-02
8.6466E-02
9.2803E-02
1.0720E-01
1.3325E-01
1.6750E-01
2.1117E-01
2.6060E-01
3.0937E-01
3.5642E-01
3.9763E-01
4.3286E-01
4.6105E-01
4.8408E-01
5.0114E-01
5.1210E-01
5.1774E-01
5.1761E-01
5.1373E-01
5.1014E-01
5.0671E-01
5.0285E-01
4.9780E-01
4.8927E-01
4.7591E-01
4.5931E-01
4.4059E-01
4.1560E-01
3.8678E-01
3.5670E-01
3.3072E-01
3.0502E-01
2.7822E-01
2.5131E-01
2.2435E-01
1.9509E-01
1.6467E-01
1.3741E-01
1.0873E-01
7.9355E-02
5.3670E-02
2.7930E-02
4.4912E-04
-2.3245E-02
-4.3429E-02
-6.1183E-02
-7.6020E-02
-8.8934E-02
-1.0066E-01
-1.1271E-01
-1.2222E-01
-1.3027E-01
-1.3618E-01
-1.3778E-01
-1.3380E-01
-1.2740E-01
-1.2112E-01
-1.1470E-01
-1.0967E-01
-1.0658E-01
-1.0556E-01
-1.0503E-01
-1.0429E-01
-1.0312E-01
-1.0092E-01
-1.0013E-01
-1.0057E-01
-1.0229E-01
-1.0470E-01
-1.0746E-01
-1.1114E-01
-1.1566E-01
-1.1934E-01
-1.2378E-01
-1.2736E-01
-1.3096E-01
-1.3523E-01
-1.3957E-01
-1.4655E-01
-1.5703E-01
-1.6826E-01
-1.7783E-01
-1.8526E-01
-1.9244E-01
-2.0105E-01
-2.0776E-01
-2.1165E-01
-2.1433E-01
-2.1773E-01
-2.1977E-01
-2.1789E-01
-2.1810E-01
-2.2029E-01
-2.1744E-01
-2.1097E-01
-2.0738E-01
-2.0599E-01
-2.0340E-01
-1.9879E-01
-1.9436E-01
-1.8925E-01
-1.8268E-01
-1.7470E-01
-1.6297E-01
-1.5239E-01
-1.4849E-01
-1.4727E-01
-1.4044E-01
-1.2712E-01
-1.0958E-01
-8.7796E-02
-6.5401E-02
-4.3354E-02
-1.9236E-02
-5.8151E-04
1.0232E-02
1.8774E-02
2.3472E-02
2.3716E-02
2.2563E-02
2.0623E-02
1.8303E-02
1.5702E-02
1.3410E-02
1.0942E-02
8.5594E-03
5.0912E-03
3.7205E-03
6.1631E-03
9.0484E-03
1.1822E-02
1.4026E-02
1.4957E-02
1.4652E-02
1.4395E-02
1.3343E-02
1.0817E-02
1.0199E-02
9.1041E-03
6.0193E-03
3.2532E-03
6.7876E-04
-3.8560E-03
-7.9311E-03
-1.3088E-02
-2.0807E-02
-3.4352E-02
-4.7522E-02
-5.1569E-02
-4.9608E-02
-4.6486E-02
-4.3944E-02
-4.1515E-02
-4.0827E-02
-4.3169E-02
-4.6574E-02
-5.1915E-02
-5.8482E-02
-6.3365E-02
-6.7646E-02
-7.1679E-02
-7.5247E-02
-7.9044E-02
-8.1716E-02
-8.3130E-02
-8.2924E-02
-7.9686E-02
-7.2878E-02
-6.1678E-02
-4.6968E-02
-2.9178E-02
-1.0725E-02
7.7690E-03
2.5750E-02
4.1369E-02
5.2921E-02
6.2795E-02
6.9294E-02
7.2735E-02
7.3225E-02
7.0448E-02
6.8370E-02
6.8520E-02
7.0542E-02
7.6033E-02
8.4374E-02
9.5199E-02
1.0781E-01
1.1741E-01
1.2225E-01
1.2458E-01
1.2282E-01
1.1529E-01
1.0597E-01
9.4702E-02
8.1572E-02
6.9989E-02
5.8435E-02
4.8289E-02
3.8399E-02
2.6244E-02
1.0981E-02
-8.2373E-03
-2.4389E-02
-3.3251E-02
-3.3638E-02
-3.0058E-02
-2.5320E-02
-2.0688E-02
-1.9474E-02
-2.2877E-02
-2.9791E-02
-3.9257E-02
-4.9968E-02
-6.1193E-02
-7.1958E-02
-8.1613E-02
-9.1969E-02
-1.0385E-01
-1.1401E-01
-1.2059E-01
-1.2607E-01
-1.3046E-01
-1.3174E-01
-1.2856E-01
-1.2188E-01
-1.1452E-01
-1.0586E-01
-9.4187E-02
-8.4411E-02
-7.9829E-02
-7.8099E-02
-7.7474E-02
-7.7997E-02
-7.8206E-02
-7.8858E-02
-7.8988E-02
-7.7476E-02
-7.4210E-02
-6.9130E-02
-6.1628E-02
-5.0678E-02
-3.7330E-02
-2.2058E-02
-6.6877E-03
6.1255E-03
1.5576E-02
2.2845E-02
2.6781E-02
2.7084E-02
2.5755E-02
2.2597E-02
1.9020E-02
1.6292E-02
1.4758E-02
1.3998E-02
1.4477E-02
1.6782E-02
1.9992E-02
2.3961E-02
2.7036E-02
2.9136E-02
3.2387E-02
3.3910E-02
3.4274E-02
3.4672E-02
3.3721E-02
3.1888E-02
3.1506E-02
3.3187E-02
3.5192E-02
3.6876E-02
3.9613E-02
4.2600E-02
4.3595E-02
4.3304E-02
4.3207E-02
4.1773E-02
3.9779E-02
3.9618E-02
4.0042E-02
4.0320E-02
4.1175E-02
4.2842E-02
4.5176E-02
4.7628E-02
5.1165E-02
5.5059E-02
5.8586E-02
6.1247E-02
6.4653E-02
6.8485E-02
7.2638E-02
7.6786E-02
8.0363E-02
8.2084E-02
8.0557E-02
7.8368E-02
7.8275E-02
7.8826E-02
7.9330E-02
8.1148E-02
8.2725E-02
8.3733E-02
8.7472E-02
9.1121E-02
9.3565E-02
9.6972E-02
1.0136E-01
1.0485E-01
1.0584E-01
1.0520E-01
1.0331E-01
1.0055E-01
9.8468E-02
9.6122E-02
9.3358E-02
9.0572E-02
8.7234E-02
8.2091E-02
7.3959E-02
6.4930E-02
5.3742E-02
4.1680E-02
3.1102E-02
2.5282E-02
2.5898E-02
3.1180E-02
3.7960E-02
4.3121E-02
4.4103E-02
4.2380E-02
3.7659E-02
3.0398E-02
2.3105E-02
1.5711E-02
9.0796E-03
5.3376E-03
3.0560E-03
2.3638E-03
3.0027E-03
1.4176E-03
-2.6447E-03
-6.7221E-03
-1.2646E-02
-2.1773E-02
-3.2872E-02
-4.4502E-02
-5.4622E-02
-6.2097E-02
-6.6142E-02
-6.9282E-02
-7.1508E-02
-7.1171E-02
-6.9799E-02
-6.9558E-02
-7.0424E-02
-7.0606E-02
-6.9429E-02
-6.8944E-02
-6.8981E-02
-6.8931E-02
-6.8722E-02
-6.8635E-02
-6.8549E-02
-6.8393E-02
-6.8090E-02
-6.6177E-02
-6.4844E-02
-6.4543E-02
-6.4356E-02
-6.4183E-02
-6.4065E-02
-6.3982E-02
-6.3362E-02
-6.0914E-02
-5.5361E-02
-4.7103E-02
-3.8408E-02
-3.2267E-02
-2.9489E-02
-2.9514E-02
-3.1494E-02
-3.5217E-02
-3.9386E-02
-4.2284E-02
-4.3925E-02
-4.3127E-02
-4.0602E-02
-3.9065E-02
-3.6911E-02
-3.5871E-02
-3.6215E-02
-3.7718E-02
-4.1236E-02
-4.6091E-02
-5.1736E-02
-5.7134E-02
-6.1577E-02
-6.5330E-02
-6.7534E-02
-7.0962E-02
-7.4657E-02
-7.7553E-02
-8.0482E-02
-8.4857E-02
-9.0234E-02
-9.3592E-02
-9.4687E-02
-9.3544E-02
-8.9948E-02
-8.4372E-02
-7.6973E-02
-6.7360E-02
-5.8569E-02
-4.8737E-02
-3.7858E-02
-2.8428E-02
-1.9948E-02
-1.2808E-02
-7.7272E-03
-4.5206E-03
-2.1109E-03
6.9930E-04
2.6034E-03
4.7062E-03
8.1460E-03
1.1297E-02
1.4829E-02
1.8497E-02
2.2964E-02
2.6611E-02
2.9274E-02
3.2817E-02
3.7169E-02
4.0248E-02
4.2484E-02
4.5432E-02
4.6469E-02
4.5101E-02
4.2182E-02
3.8753E-02
3.5750E-02
3.5028E-02
3.4893E-02
3.3738E-02
3.3152E-02
3.3571E-02
3.4244E-02
3.4334E-02
3.3598E-02
3.2145E-02
2.9819E-02
2.6930E-02
2.4438E-02
2.0831E-02
1.7380E-02
1.5440E-02
1.4699E-02
1.4747E-02
1.4916E-02
1.5577E-02
1.8052E-02
2.0232E-02
2.2651E-02
2.6791E-02
3.0999E-02
3.5776E-02
4.0966E-02
4.5388E-02
4.9875E-02
5.2725E-02
5.6290E-02
5.9866E-02
6.2794E-02
6.5237E-02
6.7262E-02
6.9416E-02
7.0936E-02
7.1814E-02
7.0074E-02
6.6141E-02
5.9527E-02
5.1299E-02
4.3159E-02
3.4889E-02
2.7345E-02
2.0270E-02
1.4145E-02
8.2746E-03
1.9311E-03
-4.4464E-03
-7.4744E-03
-7.0349E-03
-5.8148E-03
-5.4194E-03
-5.7774E-03
-5.6534E-03
-4.1831E-03
-1.5694E-03
3.2538E-03
8.4363E-03
1.4386E-02
2.1867E-02
3.0935E-02
3.8965E-02
4.5080E-02
4.9537E-02
5.3460E-02
5.5774E-02
5.5161E-02
5.2626E-02
4.9209E-02
4.6129E-02
4.4260E-02
4.2130E-02
4.0215E-02
3.9459E-02
4.0346E-02
4.1967E-02
4.5362E-02
5.0742E-02
5.5316E-02
6.0554E-02
6.7238E-02
7.2843E-02
7.7116E-02
7.9543E-02
8.0005E-02
7.8619E-02
7.6449E-02
7.3458E-02
7.1791E-02
7.2555E-02
7.5998E-02
8.2604E-02
9.1245E-02
1.0023E-01
1.1055E-01
1.2013E-01
1.2667E-01
1.3108E-01
1.3477E-01
1.3703E-01
1.3708E-01
1.3302E-01
1.2561E-01
1.1743E-01
1.1074E-01
1.0532E-01
1.0082E-01
9.7951E-02
9.5125E-02
9.1127E-02
8.6762E-02
8.0937E-02
7.3551E-02
6.5210E-02
5.7545E-02
5.1234E-02
4.4139E-02
3.7880E-02
3.4389E-02
3.3290E-02
3.1110E-02
2.9189E-02
2.8348E-02
2.7237E-02
2.4523E-02
2.1209E-02
1.6929E-02
1.2614E-02
7.8316E-03
2.0941E-03
-3.6830E-03
-1.0477E-02
-1.8740E-02
-2.8458E-02
-3.9102E-02
-4.9183E-02
-5.8256E-02
-6.7807E-02
-7.7198E-02
-8.2459E-02
-8.5012E-02
-8.6139E-02
-8.4827E-02
-8.2271E-02
-8.0724E-02
-7.8152E-02
-7.4429E-02
-7.2398E-02
-7.0778E-02
-6.4778E-02
-5.8472E-02
-5.4828E-02
-5.1993E-02
-5.0263E-02
-4.8585E-02
-4.8646E-02
-5.0226E-02
-5.1828E-02
-5.4222E-02
-5.6049E-02
-5.5687E-02
-5.5907E-02
-5.8585E-02
-6.1638E-02
-6.3248E-02
-6.4349E-02
-6.5704E-02
-6.6048E-02
-6.6684E-02
-6.9148E-02
-7.1957E-02
-7.4128E-02
-7.8135E-02
-8.2610E-02
-8.5478E-02
-8.8703E-02
-9.3093E-02
-9.5814E-02
-9.8623E-02
-1.0203E-01
-1.0612E-01
-1.0969E-01
-1.1359E-01
-1.1842E-01
-1.2217E-01
-1.2528E-01
-1.2703E-01
-1.2694E-01
-1.2526E-01
-1.2217E-01
-1.1832E-01
-1.1479E-01
-1.1129E-01
-1.0711E-01
-1.0272E-01
-9.6889E-02
-8.8938E-02
-7.7501E-02
-6.3399E-02
-4.8275E-02
-3.3893E-02
-2.3202E-02
-1.7727E-02
-1.6688E-02
-1.7073E-02
-1.7020E-02
-1.6046E-02
-1.3217E-02
-8.4868E-03
-1.7018E-03
7.2871E-03
1.6631E-02
2.2967E-02
2.8593E-02
3.5155E-02
4.0916E-02
4.5546E-02
4.9401E-02
5.2324E-02
5.5605E-02
5.9032E-02
6.2295E-02
6.6127E-02
6.9452E-02
7.2191E-02
7.5175E-02
7.8094E-02
7.9465E-02
8.0558E-02
8.2040E-02
8.2904E-02
8.3764E-02
8.5788E-02
8.6918E-02
8.6956E-02
8.6953E-02
8.7396E-02
8.7744E-02
8.7325E-02
8.5903E-02
8.2862E-02
7.8756E-02
7.4838E-02
6.9926E-02
6.5651E-02
6.1839E-02
5.9095E-02
5.6756E-02
5.4082E-02
5.3178E-02
5.3071E-02
5.1334E-02
4.7866E-02
4.5083E-02
4.1187E-02
3.5728E-02
3.0062E-02
2.5982E-02
2.4427E-02
2.4987E-02
2.8137E-02
3.0837E-02
3.1044E-02
3.0360E-02
3.0516E-02
2.9583E-02
2.7594E-02
2.6712E-02
2.5222E-02
2.4153E-02
2.4768E-02
2.5011E-02
2.5444E-02
2.5004E-02
2.4661E-02
2.4334E-02
2.2259E-02
2.0715E-02
2.0423E-02
1.9353E-02
1.7879E-02
1.5992E-02
1.3139E-02
1.1131E-02
9.0265E-03
5.3601E-03
3.5119E-03
1.7914E-03
-7.2114E-04
-2.2711E-03
-3.0620E-03
-5.1248E-03
-6.8794E-03
-7.9148E-03
-1.0839E-02
-1.5408E-02
-2.0322E-02
-2.7216E-02
-3.4266E-02
-3.7831E-02
-4.1243E-02
-4.6356E-02
-5.1472E-02
-5.6391E-02
-5.9829E-02
-6.3763E-02
-6.8689E-02
-7.3807E-02
-7.8445E-02
-8.2417E-02
-8.5541E-02
-8.8297E-02
-9.1628E-02
-9.4199E-02
-9.5379E-02
-9.5251E-02
-9.4960E-02
-9.5297E-02
-9.5444E-02
-9.5094E-02
-9.5646E-02
-9.6843E-02
-9.7443E-02
-9.7685E-02
-9.7570E-02
-9.8680E-02
-1.0052E-01
-1.0125E-01
-1.0161E-01
-1.0230E-01
-1.0340E-01
-1.0373E-01
-1.0308E-01
-1.0069E-01
-9.8935E-02
-9.6038E-02
-9.2127E-02
-8.6810E-02
-7.8354E-02
-6.6135E-02
-5.1533E-02
-3.6852E-02
-2.7754E-02
-2.4085E-02
-2.2712E-02
-2.3582E-02
-2.5407E-02
-2.6391E-02
-2.4719E-02
-2.0373E-02
-1.5063E-02
-9.3619E-03
-4.1836E-03
2.2545E-04
3.6137E-03
7.0419E-03
9.0761E-03
1.1599E-02
1.3767E-02
1.5282E-02
1.7247E-02
1.9675E-02
1.9161E-02
1.9362E-02
2.1647E-02
2.3295E-02
2.5148E-02
2.6519E-02
2.8740E-02
3.0180E-02
2.9497E-02
2.7681E-02
2.6123E-02
2.4290E-02
2.2943E-02
2.2073E-02
2.0243E-02
1.9754E-02
2.0230E-02
1.9813E-02
1.7881E-02
1.6107E-02
1.4076E-02
1.2068E-02
1.0185E-02
9.9390E-03
1.0366E-02
1.0551E-02
1.0367E-02
8.7845E-03
7.0902E-03
6.2657E-03
4.3166E-03
1.1930E-03
-1.0060E-03
-2.7639E-03
-4.2427E-03
-6.0018E-03
-6.1732E-03
-3.1673E-03
-3.5555E-04
1.1197E-03
1.8408E-03
3.5579E-03
5.5962E-03
7.4421E-03
1.0330E-02
1.3179E-02
1.4591E-02
1.6825E-02
1.9625E-02
2.1278E-02
2.1918E-02
2.4310E-02
2.7974E-02
3.0387E-02
3.2731E-02
3.5006E-02
3.6793E-02
3.7328E-02
3.6534E-02
3.6020E-02
3.5185E-02
3.3945E-02
3.2353E-02
3.0300E-02
2.9091E-02
2.7473E-02
2.5503E-02
2.2961E-02
1.9098E-02
1.5795E-02
1.2363E-02
8.9207E-03
5.2228E-03
2.6809E-03
6.8795E-05
-2.9656E-03
-4.6661E-03
-6.6219E-03
-9.0100E-03
-1.0467E-02
-1.1403E-02
-1.3348E-02
-1.5623E-02
-1.6526E-02
-1.6836E-02
-1.7698E-02
-1.7758E-02
-1.6407E-02
-1.5510E-02
-1.5880E-02
-1.6534E-02
-1.6119E-02
-1.5108E-02
-1.5176E-02
-1.5456E-02
-1.4889E-02
-1.3509E-02
-1.0298E-02
-6.3065E-03
-2.3035E-03
8.6122E-04
4.1017E-03
7.8987E-03
1.0829E-02
1.3308E-02
1.5537E-02
1.7597E-02
1.8393E-02
1.8796E-02
1.9980E-02
2.0804E-02
2.0278E-02
1.9873E-02
1.9742E-02
1.9150E-02
1.8564E-02
1.8128E-02
1.7903E-02
1.8044E-02
1.8504E-02
1.7711E-02
1.6005E-02
1.3907E-02
1.1935E-02
9.8129E-03
7.3095E-03
4.4742E-03
2.6801E-03
1.3698E-03
-3.1475E-04
-9.8514E-04
-9.6406E-04
-1.7701E-03
-3.0983E-03
-3.8924E-03
-4.2012E-03
-4.9859E-03
-4.5538E-03
-3.4500E-03
-4.1795E-03
-6.0263E-03
-6.4409E-03
-6.5089E-03
-6.4965E-03
-6.3860E-03
-6.0899E-03
-4.5211E-03
-2.4412E-03
-6.7357E-04
1.2957E-03
1.3884E-03
1.2773E-03
1.8046E-03
2.9085E-03
4.8026E-03
5.9513E-03
6.0853E-03
5.5198E-03
4.5837E-03
3.1545E-03
2.1642E-03
1.9228E-04
-1.5000E-03
-3.4997E-03
-5.3858E-03
-8.1496E-03
-1.0595E-02
-1.3310E-02
-1.5784E-02
-1.8130E-02
-2.0299E-02
-2.1763E-02
-2.3479E-02
-2.6258E-02
-2.7940E-02
-2.9182E-02
-3.1531E-02
-3.2774E-02
-3.3960E-02
-3.5480E-02
-3.6305E-02
-3.8210E-02
-3.9494E-02
-4.0451E-02
-4.1829E-02
-4.2754E-02
-4.2828E-02
-4.2118E-02
-4.1860E-02
-4.1907E-02
-4.1909E-02
-4.2574E-02
-4.2987E-02
-4.3108E-02
-4.1598E-02
-3.9526E-02
-3.6140E-02
-3.0661E-02
-2.3452E-02
-1.8638E-02
-1.7640E-02
-1.5564E-02
-1.2531E-02
-1.0536E-02
-9.4500E-03
-7.6730E-03
-5.2805E-03
-2.6345E-03
1.0764E-04
3.0563E-03
4.7568E-03
4.9548E-03
5.4133E-03
6.7886E-03
8.5647E-03
9.8770E-03
1.2051E-02
1.3812E-02
1.6763E-02
2.0443E-02
2.3596E-02
2.5126E-02
2.7078E-02
2.8135E-02
2.9040E-02
3.0978E-02
3.1794E-02
3.2064E-02
3.3882E-02
3.5912E-02
3.6671E-02
3.8191E-02
3.9705E-02
3.9824E-02
3.9246E-02
3.7184E-02
3.6064E-02
3.6493E-02
3.6373E-02
3.4189E-02
3.2145E-02
3.0543E-02
2.9390E-02
2.8278E-02
2.6874E-02
2.7396E-02
2.8722E-02
2.9447E-02
2.9926E-02
3.0019E-02
2.9607E-02
2.9324E-02
2.9096E-02
2.8390E-02
2.8395E-02
2.9054E-02
3.0212E-02
3.0923E-02
3.1017E-02
3.1006E-02
3.1090E-02
3.1632E-02
3.2787E-02
3.4782E-02
3.6067E-02
3.7732E-02
3.9307E-02
4.0980E-02
4.2901E-02
4.2841E-02
4.0982E-02
3.9186E-02
3.7119E-02
3.5779E-02
3.6435E-02
3.8616E-02
4.0570E-02
4.2568E-02
4.3815E-02
4.3971E-02
4.3950E-02
4.4059E-02
4.4590E-02
4.4763E-02
4.4837E-02
4.4578E-02
4.4381E-02
4.5434E-02
4.6080E-02
4.5311E-02
4.4791E-02
4.4682E-02
4.4785E-02
4.4953E-02
4.4792E-02
4.3132E-02
4.0987E-02
3.8738E-02
3.6780E-02
3.2581E-02
2.7741E-02
2.6542E-02
2.7263E-02
2.7493E-02
2.6778E-02
2.4097E-02
2.0578E-02
1.7344E-02
1.4454E-02
1.1119E-02
7.8192E-03
5.8593E-03
4.7358E-03
2.5769E-03
1.5105E-03
-1.4930E-04
-2.1032E-03
-3.9561E-03
-4.9134E-03
-6.0987E-03
-8.2477E-03
-8.5925E-03
-8.1647E-03
-8.0382E-03
-8.0156E-03
-8.0371E-03
-7.8796E-03
-7.7903E-03
-7.9728E-03
-9.0888E-03
-1.0601E-02
-1.1952E-02
-1.3831E-02
-1.5143E-02
-1.7699E-02
-2.1997E-02
-2.5354E-02
-2.5769E-02
-2.5237E-02
-2.5220E-02
-2.5248E-02
-2.5090E-02
-2.4050E-02
-2.2922E-02
-2.3691E-02
-2.3645E-02
-2.3356E-02
-2.2560E-02
-2.1527E-02
-2.2252E-02
-2.4326E-02
-2.5789E-02
-2.6920E-02
-2.8052E-02
-2.9622E-02
-3.2166E-02
-3.3856E-02
-3.5175E-02
-3.6862E-02
-3.8882E-02
-4.0725E-02
-4.2433E-02
-4.5202E-02
-4.7959E-02
-5.0226E-02
-5.2823E-02
-5.5535E-02
-5.6667E-02
-5.6267E-02
-5.6087E-02
-5.6121E-02
-5.4413E-02
-5.2026E-02
-5.0467E-02
-4.8832E-02
-4.6660E-02
-4.4190E-02
-4.1987E-02
-4.0518E-02
-3.8277E-02
-3.6698E-02
-3.6865E-02
-3.7014E-02
-3.7207E-02
-3.9194E-02
-4.1824E-02
-4.3905E-02
-4.4134E-02
-4.5021E-02
-4.7008E-02
-4.7663E-02
-4.7281E-02
-4.7120E-02
-4.6244E-02
-4.3013E-02
-3.9579E-02
-3.5594E-02
-3.2078E-02
-2.9282E-02
-2.9122E-02
-3.1286E-02
-3.2067E-02
-3.1319E-02
-3.1048E-02
-3.0547E-02
-2.8503E-02
-2.7329E-02
-2.7495E-02
-2.7567E-02
-2.7444E-02
-2.7296E-02
-2.7249E-02
-2.7185E-02
-2.7025E-02
-2.6940E-02
-2.6877E-02
-2.6830E-02
-2.5503E-02
-2.3282E-02
-2.2595E-02
-2.1083E-02
-1.8706E-02
-1.5666E-02
-1.2690E-02
-1.0526E-02
-8.1769E-03
-6.7186E-03
-5.9246E-03
-5.1487E-03
-3.8888E-03
-3.5656E-03
-3.1754E-03
-2.1350E-03
-1.4990E-03
-1.4520E-03
-2.7036E-03
-2.7435E-03
-3.4644E-04
9.4291E-04
8.1291E-04
1.4971E-03
3.0530E-03
4.6221E-03
5.0177E-03
5.8039E-03
8.0061E-03
9.9109E-03
1.1851E-02
1.4610E-02
1.6624E-02
1.6891E-02
1.7726E-02
1.9564E-02
2.1224E-02
2.2695E-02
2.4038E-02
2.4468E-02
2.4396E-02
2.4458E-02
2.4677E-02
2.4400E-02
2.3145E-02
2.1478E-02
1.9733E-02
1.8727E-02
1.7713E-02
1.6409E-02
1.4912E-02
1.4171E-02
1.3504E-02
1.2764E-02
1.2920E-02
1.3727E-02
1.4531E-02
1.5093E-02
1.7244E-02
2.0155E-02
2.3326E-02
2.6231E-02
2.8073E-02
2.9792E-02
3.1493E-02
3.3546E-02
3.4106E-02
3.3616E-02
3.1693E-02
3.0539E-02
3.0907E-02
3.1921E-02
3.2319E-02
3.1573E-02
3.1154E-02
3.1380E-02
3.0797E-02
2.9195E-02
2.7827E-02
2.7874E-02
2.8191E-02
2.8154E-02
2.6489E-02
2.4524E-02
2.4246E-02
2.5063E-02
2.5423E-02
2.5371E-02
2.5408E-02
2.4798E-02
2.2914E-02
2.1511E-02
1.9534E-02
1.8196E-02
1.7484E-02
1.7424E-02
1.7451E-02
1.7269E-02
1.6613E-02
1.5558E-02
1.4230E-02
1.2531E-02
1.2075E-02
1.2016E-02
1.2227E-02
1.2955E-02
1.5321E-02
1.7008E-02
1.7408E-02
1.9181E-02
2.0708E-02
2.1300E-02
2.1579E-02
2.2968E-02
2.4778E-02
2.5083E-02
2.4903E-02
2.4991E-02
2.3903E-02
2.2135E-02
2.2536E-02
2.2825E-02
2.1893E-02
2.1806E-02
2.1723E-02
2.0763E-02
2.0393E-02
1.9720E-02
1.8979E-02
1.9009E-02
1.8824E-02
1.8163E-02
1.5356E-02
1.2232E-02
9.1490E-03
6.5960E-03
4.5080E-03
1.8589E-03
-1.0275E-03
-3.8823E-03
-6.7408E-03
-8.4545E-03
-1.0672E-02
-1.3181E-02
-1.5657E-02
-1.7518E-02
-1.9144E-02
-2.0902E-02
-2.2231E-02
-2.2604E-02
-2.2517E-02
-2.2349E-02
-2.2249E-02
-2.2157E-02
-2.1366E-02
-1.9805E-02
-1.8795E-02
-1.8147E-02
-1.7850E-02
-1.7823E-02
-1.7655E-02
-1.7565E-02
-1.8271E-02
-2.0057E-02
-2.0837E-02
-2.0431E-02
-2.0204E-02
-2.0410E-02
-2.2491E-02
-2.2970E-02
-2.0027E-02
-1.8240E-02
-1.7346E-02
-1.4957E-02
-1.1979E-02
-1.0213E-02
-7.8737E-03
-4.5751E-03
-2.2545E-03
-1.5327E-04
2.7866E-03
5.4582E-03
6.1346E-03
5.4511E-03
4.9695E-03
5.6176E-03
6.2634E-03
6.6818E-03
6.8804E-03
7.4984E-03
8.5904E-03
8.3215E-03
7.0140E-03
5.4104E-03
2.7865E-03
3.7551E-04
-9.2892E-04
-1.1625E-03
-9.1603E-04
-7.3646E-04
-6.2409E-04
-5.0915E-04
-3.2535E-04
-2.2746E-03
-5.7015E-03
-5.7498E-03
-4.5448E-03
-4.7335E-03
-4.0208E-03
-2.7682E-03
-2.7497E-03
-3.0741E-03
-3.1338E-03
-3.1712E-03
-3.2648E-03
-3.3528E-03
-3.5974E-03
-4.3951E-03
-5.3137E-03
-6.0171E-03
-5.8491E-03
-5.5474E-03
-6.3556E-03
-7.5838E-03
-7.7142E-03
-6.7246E-03
-5.9790E-03
-6.2955E-03
-5.1783E-03
-5.3341E-03
-5.9574E-03
-6.3508E-03
-8.1776E-03
-1.2286E-02
-1.5068E-02
-1.6959E-02
-1.9246E-02
-2.0687E-02
-2.2490E-02
-2.3817E-02
-2.4111E-02
-2.5555E-02
-2.7579E-02
-2.7939E-02
-2.6338E-02
-2.4030E-02
-2.2775E-02
-2.0538E-02
-1.7678E-02
-1.6822E-02
-1.6733E-02
-1.5837E-02
-1.4293E-02
-1.2975E-02
-1.1246E-02
-9.5989E-03
-7.9619E-03
-6.3528E-03
-4.4872E-03
-3.3971E-03
-2.3817E-03
-4.5987E-04
1.7683E-03
3.8402E-03
5.1748E-03
6.7629E-03
7.3797E-03
7.0819E-03
6.6273E-03
6.3989E-03
6.5521E-03
6.7422E-03
6.4463E-03
5.6966E-03
6.0791E-03
6.5207E-03
6.3979E-03
6.1965E-03
6.3059E-03
6.8898E-03
8.1682E-03
9.5958E-03
9.7421E-03
8.8377E-03
7.7707E-03
8.7190E-03
9.6574E-03
1.0456E-02
1.1314E-02
1.2300E-02
1.3198E-02
1.5046E-02
1.5859E-02
1.6236E-02
1.6347E-02
1.6544E-02
1.7003E-02
1.6342E-02
1.5410E-02
1.5200E-02
1.5253E-02
1.5158E-02
1.4958E-02
1.4811E-02
1.4729E-02
1.4595E-02
1.3625E-02
1.1400E-02
9.0268E-03
7.4693E-03
6.3422E-03
4.6372E-03
3.1607E-03
2.7741E-03
2.7366E-03
2.2001E-03
9.5731E-04
-8.6927E-04
-3.5370E-03
-5.0071E-03
-3.3955E-03
-2.0464E-03
-2.0603E-03
-1.3019E-03
6.3027E-04
1.2928E-03
2.1930E-03
4.3480E-03
5.7748E-03
5.9809E-03
7.5469E-03
1.0474E-02
1.1462E-02
1.1000E-02
1.1217E-02
1.1483E-02
1.2400E-02
1.3918E-02
1.5261E-02
1.6485E-02
1.7800E-02
1.8976E-02
1.9257E-02
1.9937E-02
1.9908E-02
2.0145E-02
2.0312E-02
2.0121E-02
1.9619E-02
1.9301E-02
1.9869E-02
2.0201E-02
2.0178E-02
2.0871E-02
2.1074E-02
2.1509E-02
2.2007E-02
2.1887E-02
2.1470E-02
2.1800E-02
2.1593E-02
1.9833E-02
1.7711E-02
1.5670E-02
1.2699E-02
1.0385E-02
1.0085E-02
1.0579E-02
9.6874E-03
9.7975E-03
1.2083E-02
1.3468E-02
1.3120E-02
1.2300E-02
1.0810E-02
9.1989E-03
8.6125E-03
8.5672E-03
7.9181E-03
7.3668E-03
6.3481E-03
6.3626E-03
5.4089E-03
3.0537E-03
2.5129E-03
2.3180E-03
1.4686E-03
1.7329E-03
2.3197E-03
2.7215E-03
2.1663E-03
1.8724E-03
9.7001E-04
7.6854E-04
8.7250E-04
4.8069E-04
2.9769E-04
-1.0610E-04
5.2670E-04
1.1824E-03
5.0631E-04
-9.9079E-04
-2.3946E-03
-3.5852E-03
-5.1151E-03
-6.5699E-03
-7.8554E-03
-1.0595E-02
-1.3582E-02
-1.5551E-02
-1.8077E-02
-2.0799E-02
-2.2885E-02
-2.6073E-02
-2.9055E-02
-3.1278E-02
-3.4181E-02
-3.7793E-02
-4.2561E-02
-4.5432E-02
-4.7047E-02
-5.0465E-02
-5.3255E-02
-5.4222E-02
-5.6388E-02
-5.9924E-02
-6.1470E-02
-6.1580E-02
-6.2509E-02
-6.3125E-02
-6.3177E-02
-6.2357E-02
-6.2056E-02
-6.4100E-02
-6.4980E-02
-6.4091E-02
-6.3925E-02
-6.3457E-02
-6.3055E-02
-6.2508E-02
-6.0776E-02
-5.8175E-02
-5.6385E-02
-5.4786E-02
-5.2208E-02
-4.9710E-02
-4.7747E-02
-4.4771E-02
-4.0704E-02
-3.7161E-02
-3.3720E-02
-2.9830E-02
-2.6220E-02
-2.2984E-02
-2.0196E-02
-1.7380E-02
-1.5063E-02
-1.3244E-02
-1.1281E-02
-9.5277E-03
-8.1478E-03
-6.1889E-03
-3.6865E-03
-1.9552E-03
-3.6287E-04
1.2469E-03
3.3148E-03
4.5200E-03
4.5043E-03
5.2207E-03
6.6364E-03
8.0890E-03
9.1330E-03
9.3476E-03
1.0357E-02
1.1459E-02
1.1502E-02
1.2199E-02
1.2899E-02
1.3166E-02
1.4683E-02
1.6819E-02
1.7928E-02
1.8265E-02
1.8564E-02
2.0548E-02
2.2824E-02
2.3698E-02
2.3399E-02
2.4485E-02
2.6321E-02
2.7006E-02
2.7539E-02
2.8330E-02
2.8282E-02
2.8189E-02
2.8231E-02
2.7914E-02
2.8321E-02
2.8659E-02
2.9376E-02
3.0112E-02
3.1654E-02
3.3625E-02
3.3732E-02
3.4290E-02
3.4898E-02
3.4395E-02
3.5048E-02
3.5306E-02
3.4718E-02
3.5426E-02
3.6052E-02
3.5764E-02
3.5515E-02
3.6247E-02
3.7019E-02
3.6731E-02
3.5418E-02
3.4704E-02
3.6611E-02
3.8244E-02
3.7962E-02
3.6801E-02
3.6017E-02
3.5167E-02
3.3880E-02
3.1848E-02
3.0326E-02
2.9354E-02
2.7643E-02
2.5721E-02
2.2574E-02
1.7865E-02
1.4950E-02
1.4365E-02
1.3374E-02
1.2750E-02
1.1984E-02
9.8409E-03
7.4155E-03
5.7083E-03
4.0735E-03
2.3832E-03
1.0880E-03
3.1519E-04
1.7560E-04
4.0547E-04
1.4486E-03
3.0216E-03
4.7412E-03
8.0858E-03
1.0185E-02
1.1884E-02
1.2548E-02
1.3485E-02
1.4295E-02
1.5150E-02
1.7019E-02
1.7273E-02
1.6549E-02
1.6862E-02
1.7332E-02
1.6341E-02
1.4902E-02
1.2695E-02
9.7322E-03
7.9599E-03
5.2936E-03
2.0816E-03
9.1054E-04
2.5179E-04
-1.5536E-03
-4.9318E-03
-8.1787E-03
-9.1858E-03
-9.1581E-03
-1.0050E-02
-1.1192E-02
-1.1402E-02
-1.1458E-02
-1.1675E-02
-1.3471E-02
-1.7005E-02
-1.8739E-02
-1.9853E-02
-2.2100E-02
-2.4450E-02
-2.5688E-02
-2.5797E-02
-2.6120E-02
-2.6223E-02
-2.6291E-02
-2.5975E-02
-2.5725E-02
-2.5741E-02
-2.5759E-02
-2.5276E-02
-2.4164E-02
-2.2316E-02
-2.0060E-02
-1.8923E-02
-1.7758E-02
-1.4505E-02
-1.1719E-02
-1.0218E-02
-8.6543E-03
-6.5212E-03
-5.9590E-03
-5.8464E-03
-4.6706E-03
-2.6336E-03
-1.7657E-03
-2.1301E-03
-2.4198E-03
-2.4831E-03
-2.6272E-03
-3.9193E-03
-6.6603E-03
-7.8537E-03
-7.5946E-03
-7.4903E-03
-7.6384E-03
-8.0641E-03
-8.2755E-03
-8.5763E-03
-9.1113E-03
-8.9613E-03
-8.5961E-03
-7.8999E-03
-7.3002E-03
-6.3142E-03
-5.8362E-03
-6.9636E-03
-7.6858E-03
-7.4861E-03
-7.2872E-03
-6.9917E-03
-7.0902E-03
-7.2352E-03
-7.1293E-03
-7.1743E-03
-7.5357E-03
-7.2883E-03
-7.0195E-03
-6.8040E-03
-6.4527E-03
-6.5849E-03
-7.0537E-03
-6.3866E-03
-5.8063E-03
-5.4264E-03
-4.2110E-03
-2.5448E-03
-1.1791E-03
-7.3843E-04
-8.9568E-04
-1.2399E-03
-1.6225E-03
-2.1015E-03
-2.3591E-03
-2.2747E-03
-1.6035E-03
-6.3042E-04
-3.3418E-04
-1.6858E-04
1.2944E-05
4.9848E-04
4.9033E-04
7.6752E-04
2.2731E-03
3.4034E-03
3.9184E-03
4.0459E-03
4.3939E-03
4.9015E-03
4.9975E-03
5.3978E-03
6.0092E-03
6.2712E-03
6.2672E-03
6.8953E-03
7.4901E-03
7.3643E-03
7.2563E-03
7.4011E-03
7.5370E-03
7.9552E-03
8.3109E-03
8.2800E-03
8.1476E-03
8.5434E-03
9.1049E-03
9.1448E-03
9.0668E-03
8.9366E-03
8.9745E-03
9.2311E-03
9.4788E-03
9.5778E-03
9.4942E-03
9.3539E-03
9.5305E-03
9.4995E-03
9.2304E-03
8.8754E-03
8.7590E-03
8.5537E-03
8.0610E-03
7.8123E-03
7.4950E-03
6.8848E-03
6.5863E-03
6.2272E-03
5.5500E-03
4.9354E-03
4.3479E-03
3.7067E-03
2.8021E-03
1.9083E-03
1.4452E-03
1.0194E-03
5.5162E-04
8.8267E-05
-4.3349E-04
-8.4411E-04
-1.2114E-03
-1.6867E-03
-2.1772E-03
-2.5972E-03
-2.9180E-03
-3.2460E-03
-3.5647E-03
-3.8919E-03
-4.1884E-03
-4.3902E-03
-4.5249E-03
-4.5825E-03
-4.6164E-03
-4.6454E-03
-4.6652E-03
-4.6779E-03
-4.6815E-03
-4.6744E-03
-4.6572E-03
-4.6340E-03
-4.6016E-03
-4.5610E-03
-4.5161E-03
-4.4630E-03
-4.4057E-03
-4.3539E-03
-4.3008E-03
-4.2431E-03
-4.1653E-03
-4.0776E-03
-3.9883E-03
-3.8671E-03
-3.7475E-03
-3.6288E-03
-3.4993E-03
-3.3694E-03
-3.2199E-03
-3.0667E-03
-2.9121E-03
-2.7625E-03
-2.6116E-03
-2.4484E-03
-2.2865E-03
-2.1235E-03
-1.9481E-03
-1.7705E-03
-1.5979E-03
-1.4214E-03
-1.2454E-03
-1.0691E-03
-8.9203E-04
-7.1666E-04
-5.4192E-04
-3.6639E-04
-1.9341E-04
-2.2862E-05
1.4597E-04
3.1213E-04
4.7636E-04
6.3964E-04
8.0119E-04
9.6076E-04
1.1187E-03
1.2753E-03
1.4305E-03
1.5845E-03
1.7376E-03
1.8896E-03
2.0409E-03
2.1913E-03
2.3409E-03
2.4898E-03
2.6379E-03
2.7852E-03