5.4010E+03
5.0000E-03
3.9200E-03
3.9102E-03
3.8999E-03
3.8891E-03
3.8779E-03
3.8664E-03
3.8546E-03
3.8430E-03
3.8316E-03
3.8204E-03
3.8093E-03
3.7982E-03
3.7872E-03
3.7760E-03
3.7651E-03
3.7548E-03
3.7453E-03
3.7364E-03
3.7270E-03
3.7150E-03
3.6976E-03
3.6742E-03
3.6462E-03
3.6174E-03
3.5914E-03
3.5702E-03
3.5538E-03
3.5401E-03
3.5268E-03
3.5111E-03
3.4908E-03
3.4663E-03
3.4409E-03
3.4188E-03
3.4021E-03
3.3885E-03
3.3734E-03
3.3523E-03
3.3244E-03
3.2909E-03
3.2503E-03
3.2016E-03
3.1506E-03
3.1041E-03
3.0646E-03
3.0330E-03
3.0111E-03
3.0005E-03
3.0016E-03
3.0134E-03
3.0328E-03
3.0570E-03
3.0871E-03
3.1237E-03
3.1565E-03
3.1710E-03
3.1624E-03
3.1370E-03
3.1060E-03
3.0727E-03
3.0311E-03
2.9751E-03
2.9002E-03
2.8043E-03
2.6894E-03
2.5633E-03
2.4392E-03
2.3297E-03
2.2380E-03
2.1622E-03
2.1034E-03
2.0639E-03
2.0456E-03
2.0468E-03
2.0557E-03
2.0482E-03
2.0129E-03
1.9664E-03
1.9228E-03
1.8799E-03
1.8321E-03
1.7748E-03
1.7032E-03
1.6139E-03
1.5065E-03
1.3857E-03
1.2629E-03
1.1560E-03
1.0873E-03
1.0748E-03
1.1174E-03
1.1951E-03
1.2965E-03
1.4216E-03
1.5605E-03
1.6900E-03
1.7772E-03
1.7864E-03
1.7027E-03
1.5686E-03
1.4497E-03
1.3532E-03
1.2470E-03
1.1100E-03
9.5042E-04
7.9509E-04
6.5091E-04
5.0600E-04
3.5566E-04
2.0600E-04
7.1674E-05
-2.5096E-05
-5.8764E-05
-9.5821E-06
1.1509E-04
2.6621E-04
3.8800E-04
4.4952E-04
4.3107E-04
3.2975E-04
1.8426E-04
4.5359E-05
-6.9900E-05
-1.6372E-04
-2.3826E-04
-2.9756E-04
-3.4890E-04
-4.0124E-04
-4.6270E-04
-5.3816E-04
-6.2708E-04
-7.2211E-04
-8.0904E-04
-8.6797E-04
-8.7654E-04
-8.1460E-04
-6.7047E-04
-4.4757E-04
-1.7046E-04
1.1214E-04
3.3085E-04
4.1422E-04
3.2804E-04
9.3538E-05
-2.3700E-04
-5.9248E-04
-8.9286E-04
-1.0832E-03
-1.1600E-03
-1.1497E-03
-1.0893E-03
-1.0274E-03
-1.0177E-03
-1.0991E-03
-1.2607E-03
-1.4430E-03
-1.6102E-03
-1.7693E-03
-1.9277E-03
-2.0866E-03
-2.2456E-03
-2.4014E-03
-2.5466E-03
-2.6688E-03
-2.7542E-03
-2.8008E-03
-2.8485E-03
-2.9773E-03
-3.2238E-03
-3.5456E-03
-3.8630E-03
-4.0784E-03
-4.0974E-03
-3.8824E-03
-3.4830E-03
-3.0023E-03
-2.5494E-03
-2.1939E-03
-1.9784E-03
-1.9372E-03
-2.0540E-03
-2.2709E-03
-2.5814E-03
-3.0330E-03
-3.6634E-03
-4.4809E-03
-5.4561E-03
-6.5117E-03
-7.5439E-03
-8.4770E-03
-9.2798E-03
-9.9512E-03
-1.0483E-02
-1.0832E-02
-1.0926E-02
-1.0718E-02
-1.0232E-02
-9.5166E-03
-8.5802E-03
-7.4493E-03
-6.2187E-03
-5.0426E-03
-4.0587E-03
-3.2906E-03
-2.7106E-03
-2.3266E-03
-2.1707E-03
-2.2507E-03
-2.4897E-03
-2.7513E-03
-2.9188E-03
-2.9548E-03
-2.9159E-03
-2.8950E-03
-2.9567E-03
-3.0899E-03
-3.2743E-03
-3.5558E-03
-3.9843E-03
-4.5314E-03
-5.0422E-03
-5.3124E-03
-5.2314E-03
-4.8123E-03
-4.1429E-03
-3.2848E-03
-2.2747E-03
-1.1786E-03
-5.2129E-05
1.0807E-03
2.1733E-03
3.1648E-03
4.0336E-03
4.7627E-03
5.3179E-03
5.7088E-03
5.9856E-03
6.1699E-03
6.2474E-03
6.1810E-03
5.9194E-03
5.4148E-03
4.6429E-03
3.6273E-03
2.4561E-03
1.2811E-03
2.4707E-04
-6.1325E-04
-1.2702E-03
-1.5792E-03
-1.4362E-03
-8.9671E-04
-1.3915E-04
6.6847E-04
1.4762E-03
2.2076E-03
2.7046E-03
2.8806E-03
2.7700E-03
2.4620E-03
1.9549E-03
1.1735E-03
2.2426E-04
-6.5331E-04
-1.3457E-03
-1.9378E-03
-2.6349E-03
-3.5585E-03
-4.6862E-03
-5.9105E-03
-7.0498E-03
-7.9112E-03
-8.4341E-03
-8.6877E-03
-8.7422E-03
-8.6604E-03
-8.5140E-03
-8.3764E-03
-8.3100E-03
-8.3397E-03
-8.4039E-03
-8.3597E-03
-8.1150E-03
-7.6789E-03
-7.1022E-03
-6.4656E-03
-5.8595E-03
-5.3185E-03
-4.8136E-03
-4.3183E-03
-3.8190E-03
-3.2879E-03
-2.6369E-03
-1.7374E-03
-5.2942E-04
8.9402E-04
2.2852E-03
3.4053E-03
4.1093E-03
4.2547E-03
3.7412E-03
2.6083E-03
1.0184E-03
-8.0605E-04
-2.6452E-03
-4.3098E-03
-5.6522E-03
-6.5799E-03
-7.0416E-03
-6.9806E-03
-6.3366E-03
-5.0979E-03
-3.3814E-03
-1.4435E-03
4.4441E-04
2.1008E-03
3.4818E-03
4.5991E-03
5.4473E-03
6.0605E-03
6.5113E-03
6.8309E-03
7.0053E-03
7.0171E-03
6.9077E-03
6.7347E-03
6.4502E-03
5.9556E-03
5.2172E-03
4.3378E-03
3.5029E-03
2.8276E-03
2.3287E-03
1.9584E-03
1.6613E-03
1.4037E-03
1.1764E-03
9.9959E-04
9.2531E-04
1.0323E-03
1.4107E-03
2.1383E-03
3.2501E-03
4.7069E-03
6.3705E-03
8.0017E-03
9.3158E-03
1.0126E-02
1.0441E-02
1.0428E-02
1.0339E-02
1.0422E-02
1.0826E-02
1.1565E-02
1.2566E-02
1.3720E-02
1.4921E-02
1.6025E-02
1.6854E-02
1.7274E-02
1.7212E-02
1.6633E-02
1.5610E-02
1.4308E-02
1.2847E-02
1.1218E-02
9.3425E-03
7.2800E-03
5.3021E-03
3.6803E-03
2.5400E-03
1.8185E-03
1.3898E-03
1.1641E-03
1.0828E-03
1.1127E-03
1.2454E-03
1.4923E-03
1.8710E-03
2.3892E-03
3.0250E-03
3.7137E-03
4.3468E-03
4.8133E-03
5.0697E-03
5.1180E-03
4.9563E-03
4.5872E-03
4.0348E-03
3.3524E-03
2.6227E-03
1.9304E-03
1.3021E-03
7.1193E-04
1.5899E-04
-3.1579E-04
-6.4008E-04
-7.2418E-04
-5.1805E-04
-8.7737E-05
4.1897E-04
8.6216E-04
1.1804E-03
1.3890E-03
1.5142E-03
1.5892E-03
1.6632E-03
1.7983E-03
2.0664E-03
2.5570E-03
3.4046E-03
4.7509E-03
6.5962E-03
8.7918E-03
1.1167E-02
1.3540E-02
1.5703E-02
1.7443E-02
1.8576E-02
1.8984E-02
1.8637E-02
1.7592E-02
1.5966E-02
1.3932E-02
1.1691E-02
9.3670E-03
6.9459E-03
4.3601E-03
1.5585E-03
-1.4567E-03
-4.5577E-03
-7.4866E-03
-9.9987E-03
-1.1985E-02
-1.3510E-02
-1.4643E-02
-1.5356E-02
-1.5700E-02
-1.5809E-02
-1.5710E-02
-1.5391E-02
-1.4891E-02
-1.4205E-02
-1.3309E-02
-1.2291E-02
-1.1294E-02
-1.0381E-02
-9.5373E-03
-8.7102E-03
-7.8703E-03
-6.9893E-03
-6.0416E-03
-5.1244E-03
-4.4516E-03
-4.1870E-03
-4.3835E-03
-4.9898E-03
-5.8897E-03
-6.9601E-03
-8.1241E-03
-9.3202E-03
-1.0467E-02
-1.1517E-02
-1.2470E-02
-1.3315E-02
-1.4055E-02
-1.4753E-02
-1.5476E-02
-1.6276E-02
-1.7221E-02
-1.8316E-02
-1.9404E-02
-2.0280E-02
-2.0796E-02
-2.0874E-02
-2.0480E-02
-1.9585E-02
-1.8204E-02
-1.6426E-02
-1.4394E-02
-1.2219E-02
-9.8751E-03
-7.2669E-03
-4.3397E-03
-1.1598E-03
2.1271E-03
5.3934E-03
8.4871E-03
1.1217E-02
1.3436E-02
1.5054E-02
1.6007E-02
1.6290E-02
1.5997E-02
1.5330E-02
1.4520E-02
1.3688E-02
1.2840E-02
1.1943E-02
1.1046E-02
1.0252E-02
9.5679E-03
8.8969E-03
8.0870E-03
7.0132E-03
5.6306E-03
3.9941E-03
2.2656E-03
6.5466E-04
-7.1121E-04
-1.7849E-03
-2.4899E-03
-2.7745E-03
-2.6709E-03
-2.2509E-03
-1.6049E-03
-8.5153E-04
-1.3556E-04
4.0782E-04
7.2325E-04
8.3636E-04
7.8382E-04
6.0492E-04
3.4934E-04
7.4103E-05
-1.5988E-04
-2.9474E-04
-2.8880E-04
-1.5373E-04
-9.6575E-06
-2.4037E-05
-2.6539E-04
-7.1928E-04
-1.3394E-03
-2.0486E-03
-2.7773E-03
-3.5199E-03
-4.2928E-03
-5.0805E-03
-5.8426E-03
-6.5593E-03
-7.2791E-03
-8.0647E-03
-8.9326E-03
-9.8529E-03
-1.0790E-02
-1.1745E-02
-1.2707E-02
-1.3600E-02
-1.4313E-02
-1.4797E-02
-1.5146E-02
-1.5444E-02
-1.5657E-02
-1.5695E-02
-1.5465E-02
-1.4908E-02
-1.4072E-02
-1.3109E-02
-1.2157E-02
-1.1337E-02
-1.0793E-02
-1.0617E-02
-1.0815E-02
-1.1351E-02
-1.2153E-02
-1.3094E-02
-1.3996E-02
-1.4679E-02
-1.5034E-02
-1.5026E-02
-1.4665E-02
-1.4068E-02
-1.3398E-02
-1.2708E-02
-1.2055E-02
-1.1656E-02
-1.1647E-02
-1.1969E-02
-1.2492E-02
-1.3064E-02
-1.3523E-02
-1.3764E-02
-1.3763E-02
-1.3537E-02
-1.3135E-02
-1.2633E-02
-1.2124E-02
-1.1666E-02
-1.1219E-02
-1.0681E-02
-9.9662E-03
-9.0336E-03
-7.9117E-03
-6.7139E-03
-5.5765E-03
-4.6053E-03
-3.9277E-03
-3.6761E-03
-3.8949E-03
-4.5488E-03
-5.5581E-03
-6.7885E-03
-8.0770E-03
-9.2892E-03
-1.0287E-02
-1.0914E-02
-1.1070E-02
-1.0729E-02
-9.8924E-03
-8.6002E-03
-6.9655E-03
-5.1802E-03
-3.4757E-03
-2.0395E-03
-9.8624E-04
-3.4251E-04
-3.3822E-05
8.0938E-05
1.3661E-04
2.4235E-04
4.7235E-04
8.4856E-04
1.3282E-03
1.7995E-03
2.0895E-03
1.9879E-03
1.2940E-03
-9.6551E-05
-2.1095E-03
-4.5495E-03
-7.1548E-03
-9.5634E-03
-1.1437E-02
-1.2680E-02
-1.3392E-02
-1.3737E-02
-1.3873E-02
-1.3888E-02
-1.3760E-02
-1.3459E-02
-1.3028E-02
-1.2526E-02
-1.1972E-02
-1.1340E-02
-1.0661E-02
-1.0076E-02
-9.7050E-03
-9.6126E-03
-9.8419E-03
-1.0356E-02
-1.1026E-02
-1.1751E-02
-1.2467E-02
-1.3074E-02
-1.3449E-02
-1.3497E-02
-1.3232E-02
-1.2775E-02
-1.2281E-02
-1.1915E-02
-1.1809E-02
-1.1968E-02
-1.2269E-02
-1.2526E-02
-1.2506E-02
-1.1963E-02
-1.0692E-02
-8.6339E-03
-5.9563E-03
-2.9840E-03
-6.9669E-05
2.4888E-03
4.4652E-03
5.7015E-03
6.1936E-03
6.1177E-03
5.7077E-03
5.1630E-03
4.6160E-03
4.2164E-03
4.1542E-03
4.5178E-03
5.2573E-03
6.2488E-03
7.3050E-03
8.2081E-03
8.7886E-03
8.9382E-03
8.5855E-03
7.7615E-03
6.6114E-03
5.2804E-03
3.8989E-03
2.6310E-03
1.6144E-03
8.8965E-04
3.9332E-04
3.4660E-06
-3.8334E-04
-8.2957E-04
-1.3484E-03
-1.8923E-03
-2.3574E-03
-2.6159E-03
-2.5928E-03
-2.3079E-03
-1.8344E-03
-1.2756E-03
-7.4856E-04
-3.2327E-04
5.8741E-06
2.6542E-04
4.7540E-04
6.5202E-04
8.0474E-04
9.3537E-04
1.0450E-03
1.1713E-03
1.4164E-03
1.8405E-03
2.3723E-03
2.8623E-03
3.1625E-03
3.1973E-03
2.9518E-03
2.4218E-03
1.6194E-03
5.6267E-04
-7.6831E-04
-2.4061E-03
-4.3026E-03
-6.3037E-03
-8.1902E-03
-9.7919E-03
-1.1060E-02
-1.2017E-02
-1.2708E-02
-1.3145E-02
-1.3351E-02
-1.3384E-02
-1.3239E-02
-1.2839E-02
-1.2171E-02
-1.1281E-02
-1.0165E-02
-8.8226E-03
-7.3489E-03
-5.9408E-03
-4.8524E-03
-4.3008E-03
-4.4004E-03
-5.1183E-03
-6.2463E-03
-7.4568E-03
-8.4768E-03
-9.1472E-03
-9.3287E-03
-8.9341E-03
-8.0144E-03
-6.7237E-03
-5.2164E-03
-3.5328E-03
-1.6174E-03
5.2654E-04
2.7867E-03
4.9776E-03
6.9386E-03
8.6062E-03
9.9696E-03
1.1049E-02
1.1895E-02
1.2558E-02
1.3026E-02
1.3244E-02
1.3164E-02
1.2829E-02
1.2380E-02
1.1981E-02
1.1758E-02
1.1767E-02
1.2037E-02
1.2623E-02
1.3647E-02
1.5202E-02
1.7207E-02
1.9459E-02
2.1739E-02
2.3822E-02
2.5517E-02
2.6735E-02
2.7454E-02
2.7601E-02
2.7066E-02
2.5779E-02
2.3798E-02
2.1313E-02
1.8532E-02
1.5623E-02
1.2705E-02
9.9337E-03
7.5229E-03
5.5636E-03
4.0117E-03
2.8710E-03
2.1818E-03
1.9196E-03
1.9758E-03
2.2022E-03
2.5115E-03
2.8558E-03
3.1030E-03
3.1027E-03
2.8113E-03
2.2631E-03
1.5278E-03
7.1170E-04
-7.6941E-05
-7.9116E-04
-1.4131E-03
-1.8960E-03
-2.1712E-03
-2.1911E-03
-1.9919E-03
-1.6582E-03
-1.2115E-03
-6.7971E-04
-1.9214E-04
1.1609E-04
1.8739E-04
2.7369E-06
-4.1158E-04
-9.3797E-04
-1.4778E-03
-2.0966E-03
-2.8948E-03
-3.8913E-03
-5.1159E-03
-6.6309E-03
-8.4443E-03
-1.0507E-02
-1.2758E-02
-1.5112E-02
-1.7420E-02
-1.9450E-02
-2.0977E-02
-2.2002E-02
-2.2692E-02
-2.3148E-02
-2.3387E-02
-2.3370E-02
-2.3015E-02
-2.2207E-02
-2.0834E-02
-1.8838E-02
-1.6244E-02
-1.3170E-02
-9.8035E-03
-6.4093E-03
-3.3030E-03
-7.5485E-04
1.1062E-03
2.3512E-03
3.1129E-03
3.3984E-03
3.1855E-03
2.5269E-03
1.5142E-03
2.6359E-04
-1.0717E-03
-2.3308E-03
-3.3932E-03
-4.1601E-03
-4.5701E-03
-4.7100E-03
-4.7894E-03
-4.9549E-03
-5.2688E-03
-5.7803E-03
-6.5298E-03
-7.5627E-03
-8.9811E-03
-1.0962E-02
-1.3712E-02
-1.7370E-02
-2.1882E-02
-2.6984E-02
-3.2264E-02
-3.7266E-02
-4.1580E-02
-4.4889E-02
-4.6978E-02
-4.7718E-02
-4.7080E-02
-4.5124E-02
-4.1997E-02
-3.7922E-02
-3.3165E-02
-2.7972E-02
-2.2471E-02
-1.6731E-02
-1.0857E-02
-5.0068E-03
6.7217E-04
6.1974E-03
1.1679E-02
1.7039E-02
2.1982E-02
2.6142E-02
2.9220E-02
3.1065E-02
3.1594E-02
3.0791E-02
2.8817E-02
2.5928E-02
2.2265E-02
1.7902E-02
1.2943E-02
7.4991E-03
1.6644E-03
-4.4890E-03
-1.0802E-02
-1.6919E-02
-2.2428E-02
-2.7019E-02
-3.0471E-02
-3.2641E-02
-3.3470E-02
-3.3031E-02
-3.1502E-02
-2.9000E-02
-2.5591E-02
-2.1513E-02
-1.7148E-02
-1.2809E-02
-8.6757E-03
-4.7966E-03
-1.1537E-03
2.2645E-03
5.4044E-03
8.1886E-03
1.0563E-02
1.2471E-02
1.3875E-02
1.4844E-02
1.5513E-02
1.5992E-02
1.6410E-02
1.6900E-02
1.7483E-02
1.8079E-02
1.8649E-02
1.9158E-02
1.9525E-02
1.9643E-02
1.9435E-02
1.8924E-02
1.8170E-02
1.7182E-02
1.5979E-02
1.4652E-02
1.3361E-02
1.2281E-02
1.1524E-02
1.1115E-02
1.1010E-02
1.1145E-02
1.1464E-02
1.1919E-02
1.2468E-02
1.3109E-02
1.3920E-02
1.5052E-02
1.6629E-02
1.8683E-02
2.1141E-02
2.3838E-02
2.6555E-02
2.9023E-02
3.0979E-02
3.2263E-02
3.2813E-02
3.2620E-02
3.1697E-02
3.0087E-02
2.7874E-02
2.5178E-02
2.2111E-02
1.8804E-02
1.5425E-02
1.2176E-02
9.2181E-03
6.5646E-03
4.2016E-03
2.1996E-03
5.9443E-04
-6.7051E-04
-1.6710E-03
-2.4470E-03
-2.9764E-03
-3.2274E-03
-3.1626E-03
-2.6489E-03
-1.5297E-03
1.9665E-04
2.3719E-03
4.7639E-03
7.1700E-03
9.4340E-03
1.1368E-02
1.2715E-02
1.3177E-02
1.2572E-02
1.0913E-02
8.3278E-03
5.0207E-03
1.2456E-03
-2.6894E-03
-6.4728E-03
-9.9197E-03
-1.2970E-02
-1.5556E-02
-1.7603E-02
-1.9095E-02
-2.0160E-02
-2.1088E-02
-2.2250E-02
-2.3998E-02
-2.6527E-02
-2.9768E-02
-3.3456E-02
-3.7363E-02
-4.1292E-02
-4.4980E-02
-4.8195E-02
-5.0761E-02
-5.2391E-02
-5.2707E-02
-5.1416E-02
-4.8457E-02
-4.4051E-02
-3.8578E-02
-3.2506E-02
-2.6312E-02
-2.0363E-02
-1.4837E-02
-9.7581E-03
-5.0762E-03
-7.5430E-04
3.1783E-03
6.6614E-03
9.7765E-03
1.2757E-02
1.5771E-02
1.8855E-02
2.1902E-02
2.4628E-02
2.6660E-02
2.7789E-02
2.7997E-02
2.7369E-02
2.6069E-02
2.4344E-02
2.2510E-02
2.0867E-02
1.9571E-02
1.8699E-02
1.8301E-02
1.8319E-02
1.8583E-02
1.8881E-02
1.8980E-02
1.8643E-02
1.7661E-02
1.5901E-02
1.3352E-02
1.0165E-02
6.6337E-03
3.0814E-03
-1.8241E-04
-2.8486E-03
-4.7183E-03
-5.8054E-03
-6.2155E-03
-6.0771E-03
-5.6138E-03
-5.1194E-03
-4.8478E-03
-4.9227E-03
-5.3034E-03
-5.8295E-03
-6.2497E-03
-6.2545E-03
-5.5612E-03
-3.9556E-03
-1.2385E-03
2.7205E-03
7.8585E-03
1.3938E-02
2.0602E-02
2.7353E-02
3.3614E-02
3.8875E-02
4.2673E-02
4.4575E-02
4.4330E-02
4.1951E-02
3.7665E-02
3.1865E-02
2.5038E-02
1.7678E-02
1.0243E-02
3.1497E-03
-3.2741E-03
-8.8573E-03
-1.3560E-02
-1.7445E-02
-2.0670E-02
-2.3387E-02
-2.5606E-02
-2.7353E-02
-2.8802E-02
-3.0171E-02
-3.1619E-02
-3.3167E-02
-3.4696E-02
-3.5972E-02
-3.6734E-02
-3.6762E-02
-3.5925E-02
-3.4193E-02
-3.1620E-02
-2.8370E-02
-2.4661E-02
-2.0599E-02
-1.6194E-02
-1.1522E-02
-6.7265E-03
-1.9697E-03
2.5534E-03
6.6155E-03
9.9889E-03
1.2527E-02
1.4228E-02
1.5177E-02
1.5454E-02
1.5118E-02
1.4251E-02
1.3031E-02
1.1654E-02
1.0243E-02
8.8504E-03
7.5133E-03
6.3172E-03
5.3693E-03
4.7444E-03
4.5151E-03
4.7409E-03
5.3802E-03
6.2820E-03
7.2625E-03
8.1590E-03
8.8553E-03
9.2452E-03
9.2550E-03
8.9233E-03
8.3763E-03
7.7437E-03
7.1027E-03
6.4987E-03
6.0425E-03
5.8141E-03
5.6847E-03
5.4127E-03
4.8153E-03
3.8675E-03
2.7179E-03
1.6166E-03
8.4658E-04
6.4060E-04
1.1303E-03
2.3321E-03
4.1761E-03
6.5302E-03
9.2336E-03
1.2086E-02
1.4837E-02
1.7196E-02
1.8859E-02
1.9568E-02
1.9207E-02
1.7845E-02
1.5625E-02
1.2770E-02
9.7026E-03
6.9051E-03
4.6722E-03
3.1553E-03
2.4239E-03
2.4201E-03
2.9228E-03
3.5661E-03
3.9494E-03
3.7434E-03
2.6850E-03
5.9571E-04
-2.5513E-03
-6.5794E-03
-1.1133E-02
-1.5823E-02
-2.0311E-02
-2.4249E-02
-2.7235E-02
-2.8822E-02
-2.8649E-02
-2.6611E-02
-2.2974E-02
-1.8228E-02
-1.2711E-02
-6.6814E-03
-4.7444E-04
5.6411E-03
1.1514E-02
1.6964E-02
2.1742E-02
2.5582E-02
2.8317E-02
2.9989E-02
3.0910E-02
3.1577E-02
3.2469E-02
3.3983E-02
3.6410E-02
3.9882E-02
4.4362E-02
4.9670E-02
5.5556E-02
6.1783E-02
6.8062E-02
7.4019E-02
7.9261E-02
8.3433E-02
8.6261E-02
8.7560E-02
8.7232E-02
8.5288E-02
8.1874E-02
7.7271E-02
7.1896E-02
6.6223E-02
6.0641E-02
5.5394E-02
5.0698E-02
4.6747E-02
4.3647E-02
4.1480E-02
4.0348E-02
4.0273E-02
4.1181E-02
4.2984E-02
4.5537E-02
4.8566E-02
5.1653E-02
5.4348E-02
5.6394E-02
5.7783E-02
5.8682E-02
5.9336E-02
5.9972E-02
6.0779E-02
6.1892E-02
6.3402E-02
6.5415E-02
6.8071E-02
7.1341E-02
7.4973E-02
7.8688E-02
8.2246E-02
8.5424E-02
8.7993E-02
8.9740E-02
9.0574E-02
9.0564E-02
8.9889E-02
8.8807E-02
8.7590E-02
8.6469E-02
8.5616E-02
8.5192E-02
8.5295E-02
8.5888E-02
8.6825E-02
8.7897E-02
8.8838E-02
8.9388E-02
8.9395E-02
8.8850E-02
8.7855E-02
8.6524E-02
8.4955E-02
8.3292E-02
8.1678E-02
8.0168E-02
7.8669E-02
7.7021E-02
7.5207E-02
7.3352E-02
7.1567E-02
6.9929E-02
6.8490E-02
6.7246E-02
6.6118E-02
6.4944E-02
6.3492E-02
6.1531E-02
5.8983E-02
5.5946E-02
5.2552E-02
4.8992E-02
4.5609E-02
4.2725E-02
4.0479E-02
3.8852E-02
3.7751E-02
3.7119E-02
3.6893E-02
3.6952E-02
3.7177E-02
3.7486E-02
3.7836E-02
3.8220E-02
3.8690E-02
3.9390E-02
4.0512E-02
4.2159E-02
4.4393E-02
4.7357E-02
5.1138E-02
5.5639E-02
6.0621E-02
6.5785E-02
7.0877E-02
7.5623E-02
7.9731E-02
8.3116E-02
8.5957E-02
8.8551E-02
9.1232E-02
9.4289E-02
9.7912E-02
1.0211E-01
1.0664E-01
1.1110E-01
1.1518E-01
1.1862E-01
1.2126E-01
1.2316E-01
1.2452E-01
1.2551E-01
1.2633E-01
1.2723E-01
1.2847E-01
1.3021E-01
1.3238E-01
1.3469E-01
1.3679E-01
1.3829E-01
1.3885E-01
1.3829E-01
1.3660E-01
1.3382E-01
1.3005E-01
1.2545E-01
1.2029E-01
1.1485E-01
1.0937E-01
1.0415E-01
9.9516E-02
9.5616E-02
9.2433E-02
8.9932E-02
8.7978E-02
8.6222E-02
8.4083E-02
8.0815E-02
7.5669E-02
6.8051E-02
5.7650E-02
4.4422E-02
2.8605E-02
1.0740E-02
-8.4036E-03
-2.8083E-02
-4.7853E-02
-6.7607E-02
-8.7234E-02
-1.0645E-01
-1.2483E-01
-1.4193E-01
-1.5754E-01
-1.7166E-01
-1.8443E-01
-1.9598E-01
-2.0644E-01
-2.1594E-01
-2.2454E-01
-2.3233E-01
-2.3959E-01
-2.4672E-01
-2.5402E-01
-2.6156E-01
-2.6904E-01
-2.7600E-01
-2.8192E-01
-2.8642E-01
-2.8926E-01
-2.9049E-01
-2.9032E-01
-2.8908E-01
-2.8714E-01
-2.8481E-01
-2.8231E-01
-2.7981E-01
-2.7737E-01
-2.7507E-01
-2.7291E-01
-2.7087E-01
-2.6881E-01
-2.6655E-01
-2.6402E-01
-2.6131E-01
-2.5854E-01
-2.5567E-01
-2.5245E-01
-2.4870E-01
-2.4435E-01
-2.3947E-01
-2.3417E-01
-2.2860E-01
-2.2297E-01
-2.1748E-01
-2.1215E-01
-2.0692E-01
-2.0181E-01
-1.9690E-01
-1.9233E-01
-1.8828E-01
-1.8494E-01
-1.8237E-01
-1.8057E-01
-1.7953E-01
-1.7935E-01
-1.8018E-01
-1.8221E-01
-1.8549E-01
-1.8987E-01
-1.9508E-01
-2.0075E-01
-2.0653E-01
-2.1222E-01
-2.1787E-01
-2.2358E-01
-2.2932E-01
-2.3482E-01
-2.3965E-01
-2.4334E-01
-2.4550E-01
-2.4581E-01
-2.4408E-01
-2.4021E-01
-2.3411E-01
-2.2585E-01
-2.1570E-01
-2.0393E-01
-1.9077E-01
-1.7647E-01
-1.6149E-01
-1.4647E-01
-1.3206E-01
-1.1872E-01
-1.0667E-01
-9.5955E-02
-8.6459E-02
-7.8156E-02
-7.1167E-02
-6.5617E-02
-6.1572E-02
-5.9134E-02
-5.8408E-02
-5.9468E-02
-6.2307E-02
-6.6831E-02
-7.2906E-02
-8.0338E-02
-8.8862E-02
-9.8142E-02
-1.0783E-01
-1.1767E-01
-1.2749E-01
-1.3717E-01
-1.4649E-01
-1.5510E-01
-1.6268E-01
-1.6898E-01
-1.7385E-01
-1.7728E-01
-1.7943E-01
-1.8060E-01
-1.8104E-01
-1.8093E-01
-1.8021E-01
-1.7872E-01
-1.7625E-01
-1.7271E-01
-1.6805E-01
-1.6225E-01
-1.5536E-01
-1.4761E-01
-1.3935E-01
-1.3089E-01
-1.2232E-01
-1.1367E-01
-1.0488E-01
-9.5829E-02
-8.6378E-02
-7.6393E-02
-6.5794E-02
-5.4615E-02
-4.3012E-02
-3.1189E-02
-1.9232E-02
-6.9575E-03
5.9850E-03
1.9774E-02
3.4371E-02
4.9584E-02
6.5147E-02
8.0718E-02
9.5907E-02
1.1045E-01
1.2449E-01
1.3839E-01
1.5256E-01
1.6750E-01
1.8363E-01
2.0104E-01
2.1967E-01
2.3944E-01
2.6017E-01
2.8157E-01
3.0340E-01
3.2547E-01
3.4756E-01
3.6929E-01
3.9018E-01
4.0968E-01
4.2730E-01
4.4270E-01
4.5579E-01
4.6676E-01
4.7591E-01
4.8358E-01
4.9005E-01
4.9548E-01
4.9982E-01
5.0290E-01
5.0453E-01
5.0431E-01
5.0170E-01
4.9634E-01
4.8813E-01
4.7739E-01
4.6496E-01
4.5189E-01
4.3880E-01
4.2581E-01
4.1279E-01
3.9954E-01
3.8598E-01
3.7206E-01
3.5775E-01
3.4289E-01
3.2716E-01
3.1021E-01
2.9178E-01
2.7182E-01
2.5047E-01
2.2791E-01
2.0430E-01
1.7992E-01
1.5532E-01
1.3117E-01
1.0811E-01
8.6524E-02
6.6759E-02
4.9202E-02
3.4089E-02
2.1468E-02
1.1351E-02
3.7495E-03
-1.2885E-03
-3.6132E-03
-3.0285E-03
6.0164E-04
7.3554E-03
1.7344E-02
3.0636E-02
4.7114E-02
6.6347E-02
8.7748E-02
1.1090E-01
1.3529E-01
1.6014E-01
1.8495E-01
2.0961E-01
2.3412E-01
2.5848E-01
2.8259E-01
3.0610E-01
3.2833E-01
3.4874E-01
3.6703E-01
3.8317E-01
3.9732E-01
4.0968E-01
4.2036E-01
4.2927E-01
4.3602E-01
4.4007E-01
4.4084E-01
4.3796E-01
4.3137E-01
4.2135E-01
4.0834E-01
3.9274E-01
3.7489E-01
3.5518E-01
3.3391E-01
3.1146E-01
2.8840E-01
2.6544E-01
2.4315E-01
2.2202E-01
2.0248E-01
1.8468E-01
1.6849E-01
1.5370E-01
1.4010E-01
1.2753E-01
1.1576E-01
1.0440E-01
9.3133E-02
8.1719E-02
6.9934E-02
5.7462E-02
4.3991E-02
2.9534E-02
1.4581E-02
-7.3105E-05
-1.3771E-02
-2.6346E-02
-3.7839E-02
-4.8224E-02
-5.7297E-02
-6.4891E-02
-7.1109E-02
-7.6205E-02
-8.0438E-02
-8.4131E-02
-8.7684E-02
-9.1511E-02
-9.5972E-02
-1.0134E-01
-1.0779E-01
-1.1550E-01
-1.2453E-01
-1.3486E-01
-1.4624E-01
-1.5840E-01
-1.7115E-01
-1.8432E-01
-1.9771E-01
-2.1124E-01
-2.2483E-01
-2.3824E-01
-2.5116E-01
-2.6333E-01
-2.7468E-01
-2.8529E-01
-2.9518E-01
-3.0431E-01
-3.1264E-01
-3.2006E-01
-3.2638E-01
-3.3139E-01
-3.3501E-01
-3.3740E-01
-3.3878E-01
-3.3940E-01
-3.3951E-01
-3.3934E-01
-3.3907E-01
-3.3877E-01
-3.3839E-01
-3.3776E-01
-3.3655E-01
-3.3418E-01
-3.2991E-01
-3.2292E-01
-3.1254E-01
-2.9834E-01
-2.8034E-01
-2.5891E-01
-2.3462E-01
-2.0793E-01
-1.7929E-01
-1.4947E-01
-1.1962E-01
-9.0727E-02
-6.3739E-02
-3.9699E-02
-1.9537E-02
-3.8602E-03
7.0810E-03
1.3486E-02
1.5997E-02
1.5564E-02
1.3198E-02
9.7823E-03
5.9847E-03
2.2434E-03
-1.1721E-03
-4.1062E-03
-6.5651E-03
-8.7733E-03
-1.1177E-02
-1.4249E-02
-1.8234E-02
-2.3235E-02
-2.9299E-02
-3.6352E-02
-4.4309E-02
-5.3321E-02
-6.3656E-02
-7.5491E-02
-8.8842E-02
-1.0363E-01
-1.1985E-01
-1.3748E-01
-1.5627E-01
-1.7586E-01
-1.9580E-01
-2.1571E-01
-2.3515E-01
-2.5334E-01
-2.6906E-01
-2.8084E-01
-2.8719E-01
-2.8703E-01
-2.7994E-01
-2.6607E-01
-2.4590E-01
-2.2006E-01
-1.8931E-01
-1.5456E-01
-1.1695E-01
-7.7846E-02
-3.8670E-02
-6.5749E-04
3.5467E-02
6.9424E-02
1.0097E-01
1.3000E-01
1.5680E-01
1.8190E-01
2.0596E-01
2.2955E-01
2.5306E-01
2.7681E-01
3.0096E-01
3.2558E-01
3.5068E-01
3.7602E-01
4.0094E-01
4.2453E-01
4.4604E-01
4.6516E-01
4.8200E-01
4.9698E-01
5.1055E-01
5.2307E-01
5.3465E-01
5.4504E-01
5.5353E-01
5.5898E-01
5.5985E-01
5.5428E-01
5.4022E-01
5.1589E-01
4.8013E-01
4.3260E-01
3.7403E-01
3.0601E-01
2.3066E-01
1.5042E-01
6.8079E-02
-1.3107E-02
-8.9758E-02
-1.5903E-01
-2.1924E-01
-2.7014E-01
-3.1254E-01
-3.4764E-01
-3.7676E-01
-4.0114E-01
-4.2193E-01
-4.4011E-01
-4.5643E-01
-4.7146E-01
-4.8567E-01
-4.9949E-01
-5.1321E-01
-5.2699E-01
-5.4074E-01
-5.5402E-01
-5.6605E-01
-5.7569E-01
-5.8165E-01
-5.8269E-01
-5.7807E-01
-5.6755E-01
-5.5129E-01
-5.2965E-01
-5.0317E-01
-4.7244E-01
-4.3817E-01
-4.0123E-01
-3.6266E-01
-3.2373E-01
-2.8601E-01
-2.5095E-01
-2.1935E-01
-1.9169E-01
-1.6842E-01
-1.4981E-01
-1.3581E-01
-1.2634E-01
-1.2126E-01
-1.2032E-01
-1.2299E-01
-1.2846E-01
-1.3580E-01
-1.4419E-01
-1.5308E-01
-1.6208E-01
-1.7087E-01
-1.7905E-01
-1.8616E-01
-1.9162E-01
-1.9485E-01
-1.9537E-01
-1.9291E-01
-1.8735E-01
-1.7881E-01
-1.6777E-01
-1.5498E-01
-1.4118E-01
-1.2702E-01
-1.1311E-01
-9.9934E-02
-8.7841E-02
-7.7026E-02
-6.7490E-02
-5.9042E-02
-5.1503E-02
-4.4813E-02
-3.8781E-02
-3.3112E-02
-2.7714E-02
-2.2562E-02
-1.7532E-02
-1.2503E-02
-7.4151E-03
-2.2683E-03
2.8886E-03
7.9799E-03
1.2961E-02
1.7816E-02
2.2479E-02
2.6818E-02
3.0644E-02
3.3725E-02
3.5824E-02
3.6728E-02
3.6270E-02
3.4308E-02
3.0740E-02
2.5511E-02
1.8608E-02
1.0013E-02
-3.6502E-04
-1.2486E-02
-2.6021E-02
-4.0419E-02
-5.5152E-02
-7.0025E-02
-8.4909E-02
-9.9475E-02
-1.1341E-01
-1.2653E-01
-1.3862E-01
-1.4952E-01
-1.5919E-01
-1.6762E-01
-1.7479E-01
-1.8067E-01
-1.8519E-01
-1.8830E-01
-1.8981E-01
-1.8942E-01
-1.8686E-01
-1.8196E-01
-1.7454E-01
-1.6444E-01
-1.5148E-01
-1.3567E-01
-1.1727E-01
-9.6681E-02
-7.4355E-02
-5.0690E-02
-2.6160E-02
-1.3271E-03
2.3259E-02
4.6880E-02
6.8676E-02
8.8149E-02
1.0525E-01
1.2000E-01
1.3249E-01
1.4289E-01
1.5138E-01
1.5817E-01
1.6372E-01
1.6853E-01
1.7288E-01
1.7674E-01
1.7984E-01
1.8183E-01
1.8232E-01
1.8094E-01
1.7739E-01
1.7148E-01
1.6323E-01
1.5295E-01
1.4107E-01
1.2802E-01
1.1408E-01
9.9550E-02
8.4784E-02
7.0304E-02
5.6520E-02
4.3597E-02
3.1619E-02
2.0614E-02
1.0506E-02
1.2581E-03
-7.0104E-03
-1.4058E-02
-1.9588E-02
-2.3333E-02
-2.5220E-02
-2.5434E-02
-2.4284E-02
-2.2108E-02
-1.9198E-02
-1.5869E-02
-1.2444E-02
-9.0895E-03
-5.8325E-03
-2.7494E-03
1.5068E-04
3.0479E-03
6.1827E-03
9.7507E-03
1.3890E-02
1.8687E-02
2.4174E-02
3.0241E-02
3.6657E-02
4.3224E-02
4.9862E-02
5.6608E-02
6.3476E-02
7.0381E-02
7.7238E-02
8.4001E-02
9.0657E-02
9.7119E-02
1.0323E-01
1.0886E-01
1.1395E-01
1.1837E-01
1.2199E-01
1.2478E-01
1.2677E-01
1.2796E-01
1.2835E-01
1.2792E-01
1.2660E-01
1.2419E-01
1.2043E-01
1.1508E-01
1.0796E-01
9.8929E-02
8.8007E-02
7.5424E-02
6.1522E-02
4.6713E-02
3.1384E-02
1.5823E-02
3.1250E-04
-1.4689E-02
-2.8698E-02
-4.1375E-02
-5.2354E-02
-6.1235E-02
-6.7812E-02
-7.2080E-02
-7.4148E-02
-7.4270E-02
-7.2812E-02
-7.0109E-02
-6.6423E-02
-6.1928E-02
-5.6694E-02
-5.0715E-02
-4.3972E-02
-3.6500E-02
-2.8407E-02
-1.9819E-02
-1.0812E-02
-1.4361E-03
8.2965E-03
1.8417E-02
2.8878E-02
3.9469E-02
4.9920E-02
5.9968E-02
6.9374E-02
7.7958E-02
8.5629E-02
9.2367E-02
9.8223E-02
1.0332E-01
1.0781E-01
1.1170E-01
1.1496E-01
1.1741E-01
1.1880E-01
1.1886E-01
1.1745E-01
1.1461E-01
1.1049E-01
1.0527E-01
9.9040E-02
9.1686E-02
8.3039E-02
7.3071E-02
6.1957E-02
4.9978E-02
3.7310E-02
2.4075E-02
1.0403E-02
-3.6469E-03
-1.8049E-02
-3.2651E-02
-4.7221E-02
-6.1563E-02
-7.5511E-02
-8.8915E-02
-1.0162E-01
-1.1339E-01
-1.2388E-01
-1.3270E-01
-1.3955E-01
-1.4423E-01
-1.4660E-01
-1.4665E-01
-1.4445E-01
-1.4020E-01
-1.3408E-01
-1.2626E-01
-1.1697E-01
-1.0644E-01
-9.4889E-02
-8.2408E-02
-6.8997E-02
-5.4780E-02
-4.0118E-02
-2.5562E-02
-1.1573E-02
1.5416E-03
1.3454E-02
2.3863E-02
3.2560E-02
3.9323E-02
4.3895E-02
4.6082E-02
4.5820E-02
4.3201E-02
3.8474E-02
3.1927E-02
2.3639E-02
1.3544E-02
1.6483E-03
-1.1820E-02
-2.6332E-02
-4.1080E-02
-5.5209E-02
-6.8189E-02
-7.9898E-02
-9.0501E-02
-1.0016E-01
-1.0887E-01
-1.1648E-01
-1.2286E-01
-1.2799E-01
-1.3187E-01
-1.3448E-01
-1.3602E-01
-1.3682E-01
-1.3718E-01
-1.3721E-01
-1.3682E-01
-1.3580E-01
-1.3386E-01
-1.3075E-01
-1.2623E-01
-1.2020E-01
-1.1257E-01
-1.0330E-01
-9.2410E-02
-7.9967E-02
-6.6138E-02
-5.1118E-02
-3.5200E-02
-1.8859E-02
-2.6574E-03
1.2937E-02
2.7584E-02
4.1105E-02
5.3491E-02
6.4808E-02
7.5073E-02
8.4320E-02
9.2631E-02
1.0004E-01
1.0654E-01
1.1211E-01
1.1676E-01
1.2048E-01
1.2336E-01
1.2547E-01
1.2680E-01
1.2727E-01
1.2673E-01
1.2495E-01
1.2167E-01
1.1664E-01
1.0965E-01
1.0056E-01
8.9365E-02
7.6314E-02
6.1825E-02
4.6400E-02
3.0495E-02
1.4533E-02
-1.0738E-03
-1.5928E-02
-2.9714E-02
-4.2273E-02
-5.3557E-02
-6.3575E-02
-7.2438E-02
-8.0366E-02
-8.7597E-02
-9.4266E-02
-1.0032E-01
-1.0567E-01
-1.1031E-01
-1.1424E-01
-1.1747E-01
-1.1997E-01
-1.2164E-01
-1.2236E-01
-1.2199E-01
-1.2046E-01
-1.1779E-01
-1.1406E-01
-1.0934E-01
-1.0369E-01
-9.7250E-02
-9.0311E-02
-8.3217E-02
-7.6275E-02
-6.9847E-02
-6.4284E-02
-5.9704E-02
-5.6036E-02
-5.3182E-02
-5.0984E-02
-4.9230E-02
-4.7717E-02
-4.6298E-02
-4.4881E-02
-4.3323E-02
-4.1395E-02
-3.8917E-02
-3.5793E-02
-3.1963E-02
-2.7438E-02
-2.2347E-02
-1.6933E-02
-1.1442E-02
-5.9514E-03
-4.6349E-04
4.9810E-03
1.0291E-02
1.5342E-02
2.0028E-02
2.4376E-02
2.8564E-02
3.2744E-02
3.6995E-02
4.1395E-02
4.6022E-02
5.0923E-02
5.6096E-02
6.1467E-02
6.6878E-02
7.2084E-02
7.6795E-02
8.0775E-02
8.3890E-02
8.6090E-02
8.7281E-02
8.7263E-02
8.5854E-02
8.2992E-02
7.8761E-02
7.3311E-02
6.6822E-02
5.9600E-02
5.2024E-02
4.4352E-02
3.6708E-02
2.9149E-02
2.1736E-02
1.4576E-02
7.8128E-03
1.6123E-03
-3.9033E-03
-8.7574E-03
-1.3136E-02
-1.7300E-02
-2.1473E-02
-2.5772E-02
-3.0246E-02
-3.4876E-02
-3.9543E-02
-4.4034E-02
-4.8082E-02
-5.1436E-02
-5.3905E-02
-5.5363E-02
-5.5753E-02
-5.5105E-02
-5.3574E-02
-5.1399E-02
-4.8801E-02
-4.6001E-02
-4.3270E-02
-4.0974E-02
-3.9447E-02
-3.8794E-02
-3.8986E-02
-3.9976E-02
-4.1647E-02
-4.3761E-02
-4.5926E-02
-4.7602E-02
-4.8193E-02
-4.7236E-02
-4.4503E-02
-3.9972E-02
-3.3800E-02
-2.6242E-02
-1.7576E-02
-8.0977E-03
1.8784E-03
1.2101E-02
2.2444E-02
3.2872E-02
4.3303E-02
5.3499E-02
6.3149E-02
7.2053E-02
8.0206E-02
8.7780E-02
9.4985E-02
1.0201E-01
1.0896E-01
1.1582E-01
1.2253E-01
1.2918E-01
1.3587E-01
1.4257E-01
1.4918E-01
1.5558E-01
1.6162E-01
1.6711E-01
1.7187E-01
1.7575E-01
1.7860E-01
1.8022E-01
1.8037E-01
1.7876E-01
1.7507E-01
1.6911E-01
1.6094E-01
1.5074E-01
1.3870E-01
1.2506E-01
1.1025E-01
9.4840E-02
7.9448E-02
6.4655E-02
5.0909E-02
3.8528E-02
2.7776E-02
1.8780E-02
1.1489E-02
5.8172E-03
1.6914E-03
-1.0766E-03
-2.7967E-03
-3.8063E-03
-4.4305E-03
-4.9098E-03
-5.2949E-03
-5.5141E-03
-5.5098E-03
-5.2216E-03
-4.5558E-03
-3.4052E-03
-1.6436E-03
8.8500E-04
4.2762E-03
8.4990E-03
1.3431E-02
1.8935E-02
2.4939E-02
3.1368E-02
3.8051E-02
4.4717E-02
5.1105E-02
5.7117E-02
6.2642E-02
6.7412E-02
7.1156E-02
7.3767E-02
7.5363E-02
7.6131E-02
7.6141E-02
7.5357E-02
7.3701E-02
7.1103E-02
6.7555E-02
6.3135E-02
5.7953E-02
5.2172E-02
4.6083E-02
3.9999E-02
3.4103E-02
2.8488E-02
2.3250E-02
1.8541E-02
1.4535E-02
1.1392E-02
9.3251E-03
8.6130E-03
9.4716E-03
1.2024E-02
1.6328E-02
2.2299E-02
2.9685E-02
3.8182E-02
4.7442E-02
5.7054E-02
6.6612E-02
7.5770E-02
8.4187E-02
9.1517E-02
9.7460E-02
1.0182E-01
1.0452E-01
1.0560E-01
1.0524E-01
1.0386E-01
1.0190E-01
9.9639E-02
9.7216E-02
9.4775E-02
9.2503E-02
9.0544E-02
8.8910E-02
8.7531E-02
8.6301E-02
8.5093E-02
8.3817E-02
8.2485E-02
8.1208E-02
8.0112E-02
7.9206E-02
7.8388E-02
7.7584E-02
7.6758E-02
7.5882E-02
7.4893E-02
7.3693E-02
7.2228E-02
7.0499E-02
6.8526E-02
6.6445E-02
6.4515E-02
6.2893E-02
6.1501E-02
6.0144E-02
5.8607E-02
5.6736E-02
5.4470E-02
5.1818E-02
4.8771E-02
4.5289E-02
4.1378E-02
3.7135E-02
3.2720E-02
2.8262E-02
2.3777E-02
1.9215E-02
1.4518E-02
9.6365E-03
4.5500E-03
-7.0748E-04
-6.0387E-03
-1.1319E-02
-1.6500E-02
-2.1575E-02
-2.6408E-02
-3.0751E-02
-3.4403E-02
-3.7212E-02
-3.9060E-02
-3.9904E-02
-3.9768E-02
-3.8665E-02
-3.6618E-02
-3.3720E-02
-3.0182E-02
-2.6321E-02
-2.2450E-02
-1.8778E-02
-1.5351E-02
-1.2117E-02
-9.0603E-03
-6.2085E-03
-3.5705E-03
-1.0328E-03
1.6003E-03
4.4008E-03
7.2939E-03
1.0153E-02
1.2868E-02
1.5377E-02
1.7651E-02
1.9704E-02
2.1671E-02
2.3736E-02
2.6013E-02
2.8559E-02
3.1422E-02
3.4630E-02
3.8234E-02
4.2390E-02
4.7213E-02
5.2570E-02
5.8111E-02
6.3402E-02
6.8011E-02
7.1589E-02
7.3906E-02
7.4878E-02
7.4534E-02
7.2970E-02
7.0316E-02
6.6762E-02
6.2538E-02
5.7809E-02
5.2677E-02
4.7232E-02
4.1579E-02
3.5844E-02
3.0131E-02
2.4513E-02
1.9053E-02
1.3846E-02
9.0546E-03
4.8415E-03
1.3113E-03
-1.4711E-03
-3.4958E-03
-4.8421E-03
-5.6703E-03
-6.1629E-03
-6.4772E-03
-6.7102E-03
-6.8996E-03
-7.0339E-03
-7.0763E-03
-7.0179E-03
-6.9050E-03
-6.7406E-03
-6.4385E-03
-5.8954E-03
-5.0388E-03
-3.8435E-03
-2.3499E-03
-6.5774E-04
1.1198E-03
2.8897E-03
4.5726E-03
6.0713E-03
7.2481E-03
8.0313E-03
8.4919E-03
8.7458E-03
8.8786E-03
8.9485E-03
8.9864E-03
8.9950E-03
8.9499E-03
8.8087E-03
8.5236E-03
8.0592E-03
7.4101E-03
6.6171E-03
5.7740E-03
5.0160E-03
4.4500E-03
4.0309E-03
3.6041E-03
3.1136E-03
2.5952E-03
2.0859E-03
1.5677E-03
9.6283E-04
1.9666E-04
-7.6599E-04
-1.9286E-03
-3.2956E-03
-4.8951E-03
-6.7167E-03
-8.6867E-03
-1.0724E-02
-1.2764E-02
-1.4760E-02
-1.6681E-02
-1.8517E-02
-2.0280E-02
-2.2004E-02
-2.3728E-02
-2.5450E-02
-2.7093E-02
-2.8586E-02
-2.9929E-02
-3.1083E-02
-3.1913E-02
-3.2228E-02
-3.1899E-02
-3.0980E-02
-2.9601E-02
-2.7837E-02
-2.5732E-02
-2.3369E-02
-2.0944E-02
-1.8735E-02
-1.6998E-02
-1.5877E-02
-1.5362E-02
-1.5345E-02
-1.5708E-02
-1.6430E-02
-1.7538E-02
-1.8992E-02
-2.0622E-02
-2.2160E-02
-2.3434E-02
-2.4412E-02
-2.5129E-02
-2.5629E-02
-2.5925E-02
-2.6003E-02
-2.5864E-02
-2.5585E-02
-2.5272E-02
-2.4931E-02
-2.4515E-02
-2.3995E-02
-2.3385E-02
-2.2752E-02
-2.2221E-02
-2.1969E-02
-2.2187E-02
-2.2991E-02
-2.4366E-02
-2.6194E-02
-2.8307E-02
-3.0544E-02
-3.2776E-02
-3.4926E-02
-3.7029E-02
-3.9199E-02
-4.1481E-02
-4.3836E-02
-4.6202E-02
-4.8492E-02
-5.0619E-02
-5.2557E-02
-5.4291E-02
-5.5700E-02
-5.6604E-02
-5.6860E-02
-5.6394E-02
-5.5204E-02
-5.3314E-02
-5.0754E-02
-4.7538E-02
-4.3702E-02
-3.9341E-02
-3.4639E-02
-2.9805E-02
-2.4988E-02
-2.0353E-02
-1.6108E-02
-1.2328E-02
-8.9430E-03
-5.9397E-03
-3.4002E-03
-1.4343E-03
-9.6375E-05
6.6183E-04
9.5536E-04
9.3008E-04
7.1926E-04
4.4893E-04
2.4633E-04
2.3416E-04
5.1376E-04
1.1325E-03
2.0216E-03
2.9763E-03
3.7708E-03
4.2600E-03
4.3948E-03
4.1978E-03
3.7142E-03
3.0108E-03
2.1574E-03
1.1718E-03
4.1295E-05
-1.1870E-03
-2.3825E-03
-3.3527E-03
-3.9020E-03
-3.8536E-03
-3.0267E-03
-1.3008E-03
1.3044E-03
4.6912E-03
8.7684E-03
1.3479E-02
1.8748E-02
2.4410E-02
3.0280E-02
3.6251E-02
4.2283E-02
4.8379E-02
5.4537E-02
6.0658E-02
6.6495E-02
7.1870E-02
7.6778E-02
8.1218E-02
8.5136E-02
8.8456E-02
9.1115E-02
9.3071E-02
9.4287E-02
9.4778E-02
9.4686E-02
9.4195E-02
9.3407E-02
9.2439E-02
9.1428E-02
9.0336E-02
8.8983E-02
8.7213E-02
8.4940E-02
8.2145E-02
7.8846E-02
7.5059E-02
7.0767E-02
6.5979E-02
6.0771E-02
5.5210E-02
4.9356E-02
4.3381E-02
3.7456E-02
3.1568E-02
2.5706E-02
2.0019E-02
1.4699E-02
9.8917E-03
5.6990E-03
2.1923E-03
-5.7060E-04
-2.5883E-03
-3.9533E-03
-4.8524E-03
-5.4511E-03
-5.7588E-03
-5.7297E-03
-5.3631E-03
-4.6655E-03
-3.6474E-03
-2.3400E-03
-7.7928E-04
9.9762E-04
2.8809E-03
4.6782E-03
6.1905E-03
7.2498E-03
7.7409E-03
7.6337E-03
6.9801E-03
5.8760E-03
4.4463E-03
2.8216E-03
1.0456E-03
-9.6031E-04
-3.2650E-03
-5.8596E-03
-8.6996E-03
-1.1687E-02
-1.4646E-02
-1.7318E-02
-1.9420E-02
-2.0738E-02
-2.1150E-02
-2.0602E-02
-1.9104E-02
-1.6771E-02
-1.3900E-02
-1.0859E-02
-7.8306E-03
-4.8448E-03
-1.8982E-03
1.0786E-03
4.1783E-03
7.3717E-03
1.0532E-02
1.3568E-02
1.6429E-02
1.9081E-02
2.1449E-02
2.3413E-02
2.4834E-02
2.5591E-02
2.5622E-02
2.4968E-02
2.3769E-02
2.2210E-02
2.0476E-02
1.8687E-02
1.6891E-02
1.5070E-02
1.3144E-02
1.1032E-02
8.6988E-03
6.0997E-03
3.1373E-03
-2.1055E-04
-3.9019E-03
-7.9838E-03
-1.2486E-02
-1.7260E-02
-2.2118E-02
-2.6928E-02
-3.1554E-02
-3.5830E-02
-3.9592E-02
-4.2713E-02
-4.5165E-02
-4.7104E-02
-4.8803E-02
-5.0434E-02
-5.2033E-02
-5.3559E-02
-5.5004E-02
-5.6409E-02
-5.7754E-02
-5.8960E-02
-5.9959E-02
-6.0678E-02
-6.1023E-02
-6.0964E-02
-6.0552E-02
-5.9863E-02
-5.8995E-02
-5.8054E-02
-5.7101E-02
-5.6144E-02
-5.5193E-02
-5.4253E-02
-5.3272E-02
-5.2202E-02
-5.1062E-02
-4.9946E-02
-4.8970E-02
-4.8190E-02
-4.7570E-02
-4.6994E-02
-4.6315E-02
-4.5413E-02
-4.4205E-02
-4.2659E-02
-4.0784E-02
-3.8547E-02
-3.5851E-02
-3.2668E-02
-2.9108E-02
-2.5347E-02
-2.1574E-02
-1.7932E-02
-1.4500E-02
-1.1280E-02
-8.2003E-03
-5.1483E-03
-2.0382E-03
1.2063E-03
4.6400E-03
8.1748E-03
1.1612E-02
1.4840E-02
1.7820E-02
2.0483E-02
2.2802E-02
2.4823E-02
2.6610E-02
2.8186E-02
2.9507E-02
3.0555E-02
3.1420E-02
3.2194E-02
3.2904E-02
3.3528E-02
3.4052E-02
3.4518E-02
3.4973E-02
3.5421E-02
3.5813E-02
3.6057E-02
3.6031E-02
3.5641E-02
3.4839E-02
3.3531E-02
3.1559E-02
2.8796E-02
2.5160E-02
2.0579E-02
1.4990E-02
8.3891E-03
9.3335E-04
-7.1306E-03
-1.5678E-02
-2.4569E-02
-3.3509E-02
-4.2198E-02
-5.0433E-02
-5.8064E-02
-6.5028E-02
-7.1381E-02
-7.7167E-02
-8.2310E-02
-8.6696E-02
-9.0210E-02
-9.2729E-02
-9.4215E-02
-9.4772E-02
-9.4536E-02
-9.3603E-02
-9.2071E-02
-9.0081E-02
-8.7818E-02
-8.5473E-02
-8.3165E-02
-8.0887E-02
-7.8527E-02
-7.5975E-02
-7.3202E-02
-7.0292E-02
-6.7352E-02
-6.4466E-02
-6.1741E-02
-5.9283E-02
-5.7116E-02
-5.5210E-02
-5.3523E-02
-5.2010E-02
-5.0645E-02
-4.9471E-02
-4.8528E-02
-4.7779E-02
-4.7241E-02
-4.7060E-02
-4.7362E-02
-4.8200E-02
-4.9590E-02
-5.1497E-02
-5.3810E-02
-5.6390E-02
-5.9119E-02
-6.1938E-02
-6.4770E-02
-6.7413E-02
-6.9629E-02
-7.1246E-02
-7.2124E-02
-7.2164E-02
-7.1338E-02
-6.9696E-02
-6.7346E-02
-6.4466E-02
-6.1242E-02
-5.7708E-02
-5.3816E-02
-4.9648E-02
-4.5363E-02
-4.1065E-02
-3.6750E-02
-3.2366E-02
-2.7934E-02
-2.3514E-02
-1.9115E-02
-1.4779E-02
-1.0640E-02
-6.7947E-03
-3.3018E-03
-2.8401E-04
2.1569E-03
4.0274E-03
5.3086E-03
5.8910E-03
5.6771E-03
4.6531E-03
2.8951E-03
5.0883E-04
-2.4355E-03
-5.8792E-03
-9.7671E-03
-1.4070E-02
-1.8718E-02
-2.3520E-02
-2.8194E-02
-3.2445E-02
-3.6041E-02
-3.8792E-02
-4.0491E-02
-4.1039E-02
-4.0564E-02
-3.9296E-02
-3.7445E-02
-3.5154E-02
-3.2509E-02
-2.9558E-02
-2.6334E-02
-2.2888E-02
-1.9306E-02
-1.5686E-02
-1.2082E-02
-8.4891E-03
-4.8559E-03
-1.0944E-03
2.8702E-03
7.0192E-03
1.1237E-02
1.5373E-02
1.9256E-02
2.2698E-02
2.5516E-02
2.7544E-02
2.8622E-02
2.8674E-02
2.7803E-02
2.6228E-02
2.4192E-02
2.1910E-02
1.9554E-02
1.7250E-02
1.5069E-02
1.3002E-02
1.0914E-02
8.5901E-03
5.8908E-03
2.7850E-03
-7.0990E-04
-4.5590E-03
-8.7046E-03
-1.3002E-02
-1.7228E-02
-2.1181E-02
-2.4761E-02
-2.8002E-02
-3.0983E-02
-3.3786E-02
-3.6545E-02
-3.9420E-02
-4.2484E-02
-4.5658E-02
-4.8750E-02
-5.1635E-02
-5.4310E-02
-5.6781E-02
-5.9090E-02
-6.1346E-02
-6.3615E-02
-6.5856E-02
-6.7984E-02
-6.9943E-02
-7.1740E-02
-7.3364E-02
-7.4716E-02
-7.5680E-02
-7.6188E-02
-7.6235E-02
-7.5850E-02
-7.5065E-02
-7.3916E-02
-7.2438E-02
-7.0625E-02
-6.8459E-02
-6.5996E-02
-6.3332E-02
-6.0531E-02
-5.7578E-02
-5.4394E-02
-5.0929E-02
-4.7189E-02
-4.3240E-02
-3.9157E-02
-3.4991E-02
-3.0772E-02
-2.6506E-02
-2.2188E-02
-1.7796E-02
-1.3310E-02
-8.7167E-03
-4.0334E-03
6.8807E-04
5.3496E-03
9.8130E-03
1.3918E-02
1.7539E-02
2.0671E-02
2.3401E-02
2.5782E-02
2.7840E-02
2.9621E-02
3.1255E-02
3.2924E-02
3.4730E-02
3.6689E-02
3.8773E-02
4.0872E-02
4.2804E-02
4.4461E-02
4.5841E-02
4.6979E-02
4.7903E-02
4.8607E-02
4.9111E-02
4.9466E-02
4.9688E-02
4.9736E-02
4.9528E-02
4.8960E-02
4.7935E-02
4.6399E-02
4.4374E-02
4.1979E-02
3.9396E-02
3.6792E-02
3.4260E-02
3.1805E-02
2.9414E-02
2.7074E-02
2.4781E-02
2.2544E-02
2.0395E-02
1.8386E-02
1.6583E-02
1.5055E-02
1.3849E-02
1.2971E-02
1.2371E-02
1.1960E-02
1.1675E-02
1.1496E-02
1.1443E-02
1.1567E-02
1.1935E-02
1.2611E-02
1.3624E-02
1.4939E-02
1.6437E-02
1.7924E-02
1.9194E-02
2.0090E-02
2.0530E-02
2.0531E-02
2.0192E-02
1.9605E-02
1.8785E-02
1.7727E-02
1.6453E-02
1.5005E-02
1.3405E-02
1.1609E-02
9.5220E-03
7.0591E-03
4.2218E-03
1.0659E-03
-2.4027E-03
-6.1764E-03
-1.0189E-02
-1.4352E-02
-1.8552E-02
-2.2597E-02
-2.6307E-02
-2.9637E-02
-3.2649E-02
-3.5437E-02
-3.8065E-02
-4.0541E-02
-4.2821E-02
-4.4820E-02
-4.6455E-02
-4.7723E-02
-4.8682E-02
-4.9352E-02
-4.9723E-02
-4.9810E-02
-4.9565E-02
-4.8867E-02
-4.7661E-02
-4.5977E-02
-4.3828E-02
-4.1271E-02
-3.8473E-02
-3.5660E-02
-3.3033E-02
-3.0682E-02
-2.8560E-02
-2.6515E-02
-2.4406E-02
-2.2181E-02
-1.9837E-02
-1.7403E-02
-1.4956E-02
-1.2611E-02
-1.0482E-02
-8.6144E-03
-6.9939E-03
-5.6538E-03
-4.6470E-03
-3.9508E-03
-3.4433E-03
-2.9295E-03
-2.2040E-03
-1.0934E-03
5.3708E-04
2.7931E-03
5.7481E-03
9.3548E-03
1.3437E-02
1.7792E-02
2.2193E-02
2.6375E-02
3.0202E-02
3.3740E-02
3.7088E-02
4.0279E-02
4.3300E-02
4.6146E-02
4.8876E-02
5.1612E-02
5.4469E-02
5.7426E-02
6.0380E-02
6.3283E-02
6.6156E-02
6.9017E-02
7.1777E-02
7.4257E-02
7.6339E-02
7.7973E-02
7.9137E-02
7.9862E-02
8.0271E-02
8.0576E-02
8.1036E-02
8.1847E-02
8.3065E-02
8.4586E-02
8.6261E-02
8.7956E-02
8.9571E-02
9.1039E-02
9.2331E-02
9.3418E-02
9.4304E-02
9.5136E-02
9.6116E-02
9.7288E-02
9.8552E-02
9.9789E-02
1.0098E-01
1.0219E-01
1.0346E-01
1.0482E-01
1.0629E-01
1.0786E-01
1.0939E-01
1.1065E-01
1.1141E-01
1.1157E-01
1.1115E-01
1.1015E-01
1.0871E-01
1.0696E-01
1.0486E-01
1.0218E-01
9.8625E-02
9.3864E-02
8.7625E-02
7.9786E-02
7.0383E-02
5.9560E-02
4.7560E-02
3.4679E-02
2.1127E-02
7.0530E-03
-7.2970E-03
-2.1551E-02
-3.5326E-02
-4.8342E-02
-6.0473E-02
-7.1654E-02
-8.1866E-02
-9.1164E-02
-9.9618E-02
-1.0723E-01
-1.1398E-01
-1.1989E-01
-1.2506E-01
-1.2966E-01
-1.3392E-01
-1.3803E-01
-1.4208E-01
-1.4603E-01
-1.4966E-01
-1.5271E-01
-1.5492E-01
-1.5600E-01
-1.5573E-01
-1.5390E-01
-1.5048E-01
-1.4552E-01
-1.3912E-01
-1.3134E-01
-1.2225E-01
-1.1203E-01
-1.0095E-01
-8.9150E-02
-7.6737E-02
-6.3946E-02
-5.1072E-02
-3.8413E-02
-2.6275E-02
-1.4962E-02
-4.7421E-03
4.1958E-03
1.1748E-02
1.7830E-02
2.2356E-02
2.5256E-02
2.6551E-02
2.6405E-02
2.5083E-02
2.2868E-02
1.9981E-02
1.6573E-02
1.2757E-02
8.5867E-03
4.0767E-03
-7.0932E-04
-5.6776E-03
-1.0805E-02
-1.6079E-02
-2.1410E-02
-2.6622E-02
-3.1491E-02
-3.5822E-02
-3.9429E-02
-4.2119E-02
-4.3723E-02
-4.4126E-02
-4.3253E-02
-4.1070E-02
-3.7605E-02
-3.3007E-02
-2.7548E-02
-2.1521E-02
-1.5183E-02
-8.6882E-03
-2.0661E-03
4.7186E-03
1.1568E-02
1.8301E-02
2.4892E-02
3.1359E-02
3.7596E-02
4.3441E-02
4.8751E-02
5.3439E-02
5.7511E-02
6.1086E-02
6.4356E-02
6.7529E-02
7.0762E-02
7.4176E-02
7.7874E-02
8.1866E-02
8.5999E-02
8.9963E-02
9.3391E-02
9.6000E-02
9.7571E-02
9.7924E-02
9.7041E-02
9.5085E-02
9.2267E-02
8.8771E-02
8.4706E-02
8.0188E-02
7.5387E-02
7.0487E-02
6.5700E-02
6.1282E-02
5.7531E-02
5.4753E-02
5.3208E-02
5.3034E-02
5.4180E-02
5.6398E-02
5.9328E-02
6.2648E-02
6.6108E-02
6.9454E-02
7.2485E-02
7.5109E-02
7.7346E-02
7.9246E-02
8.0768E-02
8.1851E-02
8.2499E-02
8.2686E-02
8.2297E-02
8.1164E-02
7.9127E-02
7.6095E-02
7.2105E-02
6.7322E-02
6.1937E-02
5.6125E-02
5.0035E-02
4.3891E-02
3.7983E-02
3.2429E-02
2.7199E-02
2.2359E-02
1.7978E-02
1.3992E-02
1.0379E-02
7.2206E-03
4.6255E-03
2.7132E-03
1.6114E-03
1.3520E-03
1.8365E-03
2.9202E-03
4.4231E-03
6.1185E-03
7.7828E-03
9.2447E-03
1.0402E-02
1.1225E-02
1.1747E-02
1.2015E-02
1.2037E-02
1.1786E-02
1.1211E-02
1.0259E-02
8.9046E-03
7.1799E-03
5.1928E-03
3.0737E-03
8.7302E-04
-1.3616E-03
-3.4797E-03
-5.2934E-03
-6.6750E-03
-7.6263E-03
-8.2167E-03
-8.4725E-03
-8.3851E-03
-7.9705E-03
-7.3306E-03
-6.5982E-03
-5.8259E-03
-5.0289E-03
-4.2171E-03
-3.3470E-03
-2.3520E-03
-1.2385E-03
-1.1386E-04
8.1631E-04
1.2765E-03
1.0370E-03
8.2651E-05
-1.4322E-03
-3.3244E-03
-5.4816E-03
-7.8308E-03
-1.0200E-02
-1.2335E-02
-1.3990E-02
-1.4962E-02
-1.5157E-02
-1.4664E-02
-1.3665E-02
-1.2288E-02
-1.0651E-02
-8.8871E-03
-7.0841E-03
-5.2612E-03
-3.4029E-03
-1.5164E-03
3.7410E-04
2.3318E-03
4.4642E-03
6.7779E-03
9.2050E-03
1.1686E-02
1.4218E-02
1.6797E-02
1.9291E-02
2.1520E-02
2.3336E-02
2.4539E-02
2.4915E-02
2.4405E-02
2.3090E-02
2.1106E-02
1.8655E-02
1.5976E-02
1.3216E-02
1.0357E-02
7.2129E-03
3.6334E-03
-3.6574E-04
-4.6616E-03
-9.1162E-03
-1.3644E-02
-1.8122E-02
-2.2356E-02
-2.6225E-02
-2.9716E-02
-3.2855E-02
-3.5655E-02
-3.8124E-02
-4.0321E-02
-4.2327E-02
-4.4138E-02
-4.5762E-02
-4.7327E-02
-4.9028E-02
-5.1034E-02
-5.3399E-02
-5.6041E-02
-5.8804E-02
-6.1618E-02
-6.4509E-02
-6.7411E-02
-7.0187E-02
-7.2762E-02
-7.5078E-02
-7.7047E-02
-7.8570E-02
-7.9565E-02
-7.9992E-02
-7.9885E-02
-7.9354E-02
-7.8527E-02
-7.7504E-02
-7.6302E-02
-7.4903E-02
-7.3306E-02
-7.1487E-02
-6.9419E-02
-6.7150E-02
-6.4779E-02
-6.2367E-02
-5.9879E-02
-5.7178E-02
-5.4113E-02
-5.0560E-02
-4.6464E-02
-4.1871E-02
-3.6927E-02
-3.1827E-02
-2.6751E-02
-2.1802E-02
-1.7035E-02
-1.2474E-02
-8.0667E-03
-3.7204E-03
5.4809E-04
4.6384E-03
8.4646E-03
1.2022E-02
1.5362E-02
1.8465E-02
2.1227E-02
2.3520E-02
2.5271E-02
2.6523E-02
2.7397E-02
2.8094E-02
2.8883E-02
3.0035E-02
3.1740E-02
3.4059E-02
3.6895E-02
3.9999E-02
4.3071E-02
4.5890E-02
4.8345E-02
5.0419E-02
5.2143E-02
5.3593E-02
5.4892E-02
5.6195E-02
5.7629E-02
5.9201E-02
6.0768E-02
6.2082E-02
6.2916E-02
6.3123E-02
6.2556E-02
6.1060E-02
5.8539E-02
5.5003E-02
5.0569E-02
4.5385E-02
3.9638E-02
3.3614E-02
2.7573E-02
2.1603E-02
1.5677E-02
9.7547E-03
3.8628E-03
-1.9133E-03
-7.4565E-03
-1.2569E-02
-1.6977E-02
-2.0445E-02
-2.2843E-02
-2.4151E-02
-2.4358E-02
-2.3411E-02
-2.1320E-02
-1.8180E-02
-1.4072E-02
-9.1071E-03
-3.4635E-03
2.6372E-03
8.9681E-03
1.5351E-02
2.1655E-02
2.7792E-02
3.3715E-02
3.9417E-02
4.4917E-02
5.0218E-02
5.5267E-02
6.0009E-02
6.4416E-02
6.8434E-02
7.1984E-02
7.4990E-02
7.7411E-02
7.9232E-02
8.0434E-02
8.0990E-02
8.0885E-02
8.0085E-02
7.8532E-02
7.6168E-02
7.2947E-02
6.8817E-02
6.3754E-02
5.7776E-02
5.0892E-02
4.3129E-02
3.4660E-02
2.5807E-02
1.6959E-02
8.4452E-03
4.8241E-04
-6.7937E-03
-1.3335E-02
-1.9201E-02
-2.4516E-02
-2.9415E-02
-3.3992E-02
-3.8333E-02
-4.2549E-02
-4.6696E-02
-5.0746E-02
-5.4707E-02
-5.8612E-02
-6.2393E-02
-6.5914E-02
-6.9028E-02
-7.1550E-02
-7.3336E-02
-7.4427E-02
-7.4952E-02
-7.4972E-02
-7.4497E-02
-7.3518E-02
-7.2040E-02
-7.0103E-02
-6.7803E-02
-6.5252E-02
-6.2571E-02
-5.9882E-02
-5.7284E-02
-5.4829E-02
-5.2620E-02
-5.0816E-02
-4.9494E-02
-4.8610E-02
-4.8076E-02
-4.7806E-02
-4.7742E-02
-4.7837E-02
-4.8005E-02
-4.8083E-02
-4.7929E-02
-4.7517E-02
-4.6887E-02
-4.6115E-02
-4.5298E-02
-4.4503E-02
-4.3729E-02
-4.2951E-02
-4.2121E-02
-4.1119E-02
-3.9810E-02
-3.8160E-02
-3.6303E-02
-3.4444E-02
-3.2610E-02
-3.0702E-02
-2.8685E-02
-2.6550E-02
-2.4274E-02
-2.1840E-02
-1.9303E-02
-1.6818E-02
-1.4532E-02
-1.2476E-02
-1.0552E-02
-8.6332E-03
-6.6915E-03
-4.7878E-03
-3.0411E-03
-1.6777E-03
-9.6317E-04
-1.0414E-03
-1.9554E-03
-3.7181E-03
-6.2700E-03
-9.4635E-03
-1.3103E-02
-1.6948E-02
-2.0752E-02
-2.4375E-02
-2.7798E-02
-3.0998E-02
-3.3947E-02
-3.6661E-02
-3.9145E-02
-4.1339E-02
-4.3133E-02
-4.4393E-02
-4.5012E-02
-4.4990E-02
-4.4407E-02
-4.3247E-02
-4.1446E-02
-3.9087E-02
-3.6223E-02
-3.2737E-02
-2.8542E-02
-2.3665E-02
-1.8146E-02
-1.2059E-02
-5.5681E-03
1.0563E-03
7.5037E-03
1.3564E-02
1.9138E-02
2.4182E-02
2.8720E-02
3.2794E-02
3.6359E-02
3.9354E-02
4.1817E-02
4.3811E-02
4.5357E-02
4.6458E-02
4.7133E-02
4.7421E-02
4.7351E-02
4.6919E-02
4.6104E-02
4.4901E-02
4.3321E-02
4.1376E-02
3.9080E-02
3.6527E-02
3.3895E-02
3.1348E-02
2.8920E-02
2.6498E-02
2.3989E-02
2.1435E-02
1.8961E-02
1.6797E-02
1.5261E-02
1.4555E-02
1.4692E-02
1.5649E-02
1.7382E-02
1.9766E-02
2.2590E-02
2.5630E-02
2.8819E-02
3.2184E-02
3.5646E-02
3.9094E-02
4.2479E-02
4.5804E-02
4.9054E-02
5.2124E-02
5.4812E-02
5.6882E-02
5.8167E-02
5.8640E-02
5.8417E-02
5.7641E-02
5.6361E-02
5.4592E-02
5.2348E-02
4.9590E-02
4.6251E-02
4.2277E-02
3.7685E-02
3.2568E-02
2.7073E-02
2.1405E-02
1.5816E-02
1.0541E-02
5.7323E-03
1.4362E-03
-2.3868E-03
-5.8105E-03
-8.9417E-03
-1.1898E-02
-1.4742E-02
-1.7453E-02
-1.9954E-02
-2.2180E-02
-2.4132E-02
-2.5842E-02
-2.7356E-02
-2.8726E-02
-2.9978E-02
-3.1069E-02
-3.1936E-02
-3.2524E-02
-3.2745E-02
-3.2518E-02
-3.1848E-02
-3.0805E-02
-2.9452E-02
-2.7796E-02
-2.5778E-02
-2.3304E-02
-2.0329E-02
-1.6890E-02
-1.3040E-02
-8.8367E-03
-4.4334E-03
-4.9419E-05
4.1423E-03
8.0766E-03
1.1781E-02
1.5265E-02
1.8523E-02
2.1616E-02
2.4681E-02
2.7888E-02
3.1362E-02
3.5127E-02
3.9103E-02
4.3144E-02
4.7096E-02
5.0813E-02
5.4171E-02
5.7080E-02
5.9468E-02
6.1263E-02
6.2460E-02
6.3139E-02
6.3364E-02
6.3188E-02
6.2712E-02
6.2012E-02
6.1074E-02
5.9868E-02
5.8410E-02
5.6776E-02
5.5068E-02
5.3361E-02
5.1713E-02
5.0193E-02
4.8924E-02
4.8003E-02
4.7383E-02
4.6956E-02
4.6656E-02
4.6466E-02
4.6406E-02
4.6538E-02
4.6952E-02
4.7744E-02
4.8985E-02
5.0690E-02
5.2795E-02
5.5184E-02
5.7730E-02
6.0312E-02
6.2837E-02
6.5297E-02
6.7715E-02
7.0040E-02
7.2234E-02
7.4359E-02
7.6503E-02
7.8740E-02
8.1096E-02
8.3501E-02
8.5777E-02
8.7762E-02
8.9367E-02
9.0537E-02
9.1251E-02
9.1524E-02
9.1373E-02
9.0788E-02
8.9746E-02
8.8231E-02
8.6238E-02
8.3747E-02
8.0702E-02
7.7045E-02
7.2755E-02
6.7876E-02
6.2492E-02
5.6678E-02
5.0464E-02
4.3863E-02
3.6942E-02
2.9777E-02
2.2393E-02
1.4894E-02
7.4823E-03
3.2931E-04
-6.4777E-03
-1.2893E-02
-1.8830E-02
-2.4166E-02
-2.8882E-02
-3.3064E-02
-3.6780E-02
-4.0084E-02
-4.3020E-02
-4.5582E-02
-4.7755E-02
-4.9600E-02
-5.1238E-02
-5.2802E-02
-5.4435E-02
-5.6246E-02
-5.8234E-02
-6.0306E-02
-6.2313E-02
-6.4012E-02
-6.5136E-02
-6.5570E-02
-6.5390E-02
-6.4801E-02
-6.4089E-02
-6.3542E-02
-6.3351E-02
-6.3564E-02
-6.4113E-02
-6.4898E-02
-6.5848E-02
-6.6859E-02
-6.7784E-02
-6.8500E-02
-6.9025E-02
-6.9529E-02
-7.0118E-02
-7.0768E-02
-7.1428E-02
-7.2075E-02
-7.2726E-02
-7.3391E-02
-7.4077E-02
-7.4827E-02
-7.5640E-02
-7.6400E-02
-7.6999E-02
-7.7418E-02
-7.7714E-02
-7.7930E-02
-7.8024E-02
-7.7976E-02
-7.7843E-02
-7.7673E-02
-7.7440E-02
-7.7028E-02
-7.6334E-02
-7.5313E-02
-7.3873E-02
-7.1887E-02
-6.9285E-02
-6.6041E-02
-6.2154E-02
-5.7677E-02
-5.2702E-02
-4.7297E-02
-4.1473E-02
-3.5199E-02
-2.8494E-02
-2.1502E-02
-1.4473E-02
-7.6745E-03
-1.2594E-03
4.7493E-03
1.0400E-02
1.5698E-02
2.0634E-02
2.5235E-02
2.9533E-02
3.3522E-02
3.7181E-02
4.0502E-02
4.3510E-02
4.6279E-02
4.8918E-02
5.1497E-02
5.4024E-02
5.6421E-02
5.8495E-02
6.0008E-02
6.0885E-02
6.1211E-02
6.1046E-02
6.0414E-02
5.9355E-02
5.7922E-02
5.6166E-02
5.4099E-02
5.1750E-02
4.9193E-02
4.6453E-02
4.3544E-02
4.0611E-02
3.7851E-02
3.5421E-02
3.3467E-02
3.2104E-02
3.1332E-02
3.1101E-02
3.1399E-02
3.2227E-02
3.3561E-02
3.5316E-02
3.7320E-02
3.9327E-02
4.1076E-02
4.2382E-02
4.3191E-02
4.3517E-02
4.3339E-02
4.2611E-02
4.1302E-02
3.9416E-02
3.7029E-02
3.4281E-02
3.1336E-02
2.8314E-02
2.5221E-02
2.1953E-02
1.8379E-02
1.4471E-02
1.0344E-02
6.1296E-03
1.9456E-03
-2.1002E-03
-5.9238E-03
-9.4860E-03
-1.2810E-02
-1.5992E-02
-1.9171E-02
-2.2462E-02
-2.5898E-02
-2.9421E-02
-3.2926E-02
-3.6302E-02
-3.9402E-02
-4.2061E-02
-4.4206E-02
-4.5907E-02
-4.7355E-02
-4.8759E-02
-5.0288E-02
-5.2094E-02
-5.4278E-02
-5.6803E-02
-5.9526E-02
-6.2243E-02
-6.4715E-02
-6.6736E-02
-6.8212E-02
-6.9150E-02
-6.9604E-02
-6.9633E-02
-6.9340E-02
-6.8905E-02
-6.8491E-02
-6.8167E-02
-6.7967E-02
-6.7925E-02
-6.8063E-02
-6.8394E-02
-6.8912E-02
-6.9588E-02
-7.0362E-02
-7.1136E-02
-7.1788E-02
-7.2240E-02
-7.2564E-02
-7.2888E-02
-7.3161E-02
-7.3313E-02
-7.3401E-02
-7.3427E-02
-7.3278E-02
-7.2838E-02
-7.2067E-02
-7.1004E-02
-6.9662E-02
-6.7979E-02
-6.5851E-02
-6.3214E-02
-6.0101E-02
-5.6616E-02
-5.2875E-02
-4.8953E-02
-4.4878E-02
-4.0659E-02
-3.6347E-02
-3.2032E-02
-2.7736E-02
-2.3394E-02
-1.8958E-02
-1.4466E-02
-1.0061E-02
-5.8940E-03
-2.0809E-03
1.2053E-03
3.8060E-03
5.7357E-03
7.1381E-03
8.2012E-03
9.1578E-03
1.0249E-02
1.1631E-02
1.3337E-02
1.5281E-02
1.7308E-02
1.9237E-02
2.0883E-02
2.2085E-02
2.2739E-02
2.2830E-02
2.2432E-02
2.1660E-02
2.0612E-02
1.9319E-02
1.7794E-02
1.6106E-02
1.4398E-02
1.2817E-02
1.1406E-02
1.0125E-02
8.9856E-03
8.0192E-03
7.2298E-03
6.6411E-03
6.2898E-03
6.1523E-03
6.1601E-03
6.2623E-03
6.4348E-03
6.7018E-03
7.1815E-03
8.0120E-03
9.1942E-03
1.0605E-02
1.2102E-02
1.3627E-02
1.5199E-02
1.6785E-02
1.8295E-02
1.9632E-02
2.0655E-02
2.1168E-02
2.1018E-02
2.0160E-02
1.8660E-02
1.6634E-02
1.4161E-02
1.1293E-02
8.0852E-03
4.6045E-03
9.0441E-04
-2.9945E-03
-7.0397E-03
-1.1105E-02
-1.5044E-02
-1.8727E-02
-2.2051E-02
-2.4959E-02
-2.7467E-02
-2.9667E-02
-3.1668E-02
-3.3473E-02
-3.4992E-02
-3.6127E-02
-3.6813E-02
-3.7042E-02
-3.6883E-02
-3.6442E-02
-3.5761E-02
-3.4898E-02
-3.4016E-02
-3.3265E-02
-3.2686E-02
-3.2207E-02
-3.1687E-02
-3.1000E-02
-3.0057E-02
-2.8826E-02
-2.7351E-02
-2.5727E-02
-2.4037E-02
-2.2334E-02
-2.0670E-02
-1.9132E-02
-1.7804E-02
-1.6642E-02
-1.5514E-02
-1.4343E-02
-1.3136E-02
-1.1949E-02
-1.0823E-02
-9.7571E-03
-8.7142E-03
-7.6700E-03
-6.6708E-03
-5.8298E-03
-5.2746E-03
-5.0603E-03
-5.1265E-03
-5.3196E-03
-5.4888E-03
-5.5664E-03
-5.5239E-03
-5.3414E-03
-5.0164E-03
-4.5656E-03
-4.0025E-03
-3.2933E-03
-2.3821E-03
-1.3167E-03
-2.2049E-04
8.5531E-04
1.9495E-03
3.1495E-03
4.5322E-03
6.1490E-03
8.0653E-03
1.0308E-02
1.2800E-02
1.5396E-02
1.7963E-02
2.0442E-02
2.2836E-02
2.5133E-02
2.7297E-02
2.9273E-02
3.0973E-02
3.2257E-02
3.2910E-02
3.2753E-02
3.1789E-02
3.0147E-02
2.7999E-02
2.5518E-02
2.2866E-02
2.0193E-02
1.7591E-02
1.5093E-02
1.2782E-02
1.0793E-02
9.1757E-03
7.8891E-03
6.8828E-03
6.1397E-03
5.6709E-03
5.4423E-03
5.3686E-03
5.3768E-03
5.4081E-03
5.4054E-03
5.3139E-03
5.0832E-03
4.6749E-03
4.0715E-03
3.2863E-03
2.3682E-03
1.3783E-03
3.3604E-04
-7.6736E-04
-1.9025E-03
-3.0293E-03
-4.1288E-03
-5.1442E-03
-5.9435E-03
-6.3544E-03
-6.2744E-03
-5.7764E-03
-4.9927E-03
-4.0018E-03
-2.8879E-03
-1.7444E-03
-6.1003E-04
5.0181E-04
1.5626E-03
2.5769E-03
3.5921E-03
4.6369E-03
5.7330E-03
6.9465E-03
8.3398E-03
9.9349E-03
1.1762E-02
1.3879E-02
1.6340E-02
1.9128E-02
2.2118E-02
2.5167E-02
2.8172E-02
3.1018E-02
3.3596E-02
3.5884E-02
3.7915E-02
3.9729E-02
4.1374E-02
4.2907E-02
4.4384E-02
4.5816E-02
4.7119E-02
4.8175E-02
4.8902E-02
4.9277E-02
4.9311E-02
4.9003E-02
4.8341E-02
4.7323E-02
4.5964E-02
4.4276E-02
4.2216E-02
3.9687E-02
3.6592E-02
3.2907E-02
2.8694E-02
2.3973E-02
1.8721E-02
1.3023E-02
7.0583E-03
9.9594E-04
-4.9618E-03
-1.0593E-02
-1.5786E-02
-2.0549E-02
-2.4888E-02
-2.8846E-02
-3.2531E-02
-3.6008E-02
-3.9258E-02
-4.2235E-02
-4.4874E-02
-4.7062E-02
-4.8712E-02
-4.9834E-02
-5.0508E-02
-5.0833E-02
-5.0880E-02
-5.0689E-02
-5.0290E-02
-4.9710E-02
-4.8989E-02
-4.8197E-02
-4.7438E-02
-4.6831E-02
-4.6455E-02
-4.6279E-02
-4.6157E-02
-4.5914E-02
-4.5485E-02
-4.4930E-02
-4.4376E-02
-4.4003E-02
-4.4002E-02
-4.4481E-02
-4.5434E-02
-4.6779E-02
-4.8357E-02
-4.9964E-02
-5.1463E-02
-5.2814E-02
-5.3968E-02
-5.4860E-02
-5.5478E-02
-5.5837E-02
-5.5945E-02
-5.5856E-02
-5.5646E-02
-5.5282E-02
-5.4650E-02
-5.3674E-02
-5.2381E-02
-5.0884E-02
-4.9220E-02
-4.7358E-02
-4.5351E-02
-4.3324E-02
-4.1435E-02
-3.9895E-02
-3.8892E-02
-3.8391E-02
-3.8199E-02
-3.8205E-02
-3.8319E-02
-3.8394E-02
-3.8349E-02
-3.8225E-02
-3.8122E-02
-3.8155E-02
-3.8418E-02
-3.8911E-02
-3.9491E-02
-3.9936E-02
-4.0062E-02
-3.9859E-02
-3.9432E-02
-3.8823E-02
-3.8049E-02
-3.7171E-02
-3.6286E-02
-3.5479E-02
-3.4741E-02
-3.3953E-02
-3.2936E-02
-3.1567E-02
-2.9856E-02
-2.7861E-02
-2.5637E-02
-2.3247E-02
-2.0773E-02
-1.8320E-02
-1.6001E-02
-1.3905E-02
-1.2038E-02
-1.0354E-02
-8.8757E-03
-7.6831E-03
-6.8277E-03
-6.3109E-03
-6.0992E-03
-6.1643E-03
-6.4982E-03
-7.0932E-03
-7.9233E-03
-8.9284E-03
-1.0010E-02
-1.1054E-02
-1.2001E-02
-1.2884E-02
-1.3813E-02
-1.4928E-02
-1.6312E-02
-1.7963E-02
-1.9806E-02
-2.1742E-02
-2.3670E-02
-2.5496E-02
-2.7141E-02
-2.8553E-02
-2.9722E-02
-3.0656E-02
-3.1343E-02
-3.1760E-02
-3.1952E-02
-3.2009E-02
-3.2010E-02
-3.2013E-02
-3.2070E-02
-3.2214E-02
-3.2462E-02
-3.2806E-02
-3.3208E-02
-3.3603E-02
-3.3909E-02
-3.4057E-02
-3.4059E-02
-3.3964E-02
-3.3750E-02
-3.3380E-02
-3.2903E-02
-3.2356E-02
-3.1702E-02
-3.0901E-02
-2.9948E-02
-2.8878E-02
-2.7725E-02
-2.6500E-02
-2.5244E-02
-2.4049E-02
-2.3007E-02
-2.2202E-02
-2.1766E-02
-2.1817E-02
-2.2390E-02
-2.3453E-02
-2.4930E-02
-2.6692E-02
-2.8615E-02
-3.0688E-02
-3.2924E-02
-3.5249E-02
-3.7531E-02
-3.9621E-02
-4.1355E-02
-4.2565E-02
-4.3108E-02
-4.2899E-02
-4.1920E-02
-4.0187E-02
-3.7776E-02
-3.4837E-02
-3.1550E-02
-2.8064E-02
-2.4435E-02
-2.0632E-02
-1.6589E-02
-1.2303E-02
-7.8949E-03
-3.5981E-03
3.3941E-04
3.7743E-03
6.6510E-03
8.9882E-03
1.0881E-02
1.2431E-02
1.3660E-02
1.4582E-02
1.5260E-02
1.5805E-02
1.6335E-02
1.6918E-02
1.7577E-02
1.8325E-02
1.9202E-02
2.0196E-02
2.1164E-02
2.1956E-02
2.2510E-02
2.2857E-02
2.3073E-02
2.3227E-02
2.3368E-02
2.3522E-02
2.3682E-02
2.3803E-02
2.3798E-02
2.3553E-02
2.2946E-02
2.1876E-02
2.0298E-02
1.8262E-02
1.5920E-02
1.3472E-02
1.1031E-02
8.6399E-03
6.3386E-03
4.1673E-03
2.1650E-03
3.8533E-04
-1.0695E-03
-2.0595E-03
-2.5501E-03
-2.6757E-03
-2.6445E-03
-2.5847E-03
-2.4539E-03
-2.2107E-03
-1.9428E-03
-1.8222E-03
-1.9518E-03
-2.2506E-03
-2.6031E-03
-2.9148E-03
-3.0171E-03
-2.7863E-03
-2.2811E-03
-1.5954E-03
-7.7382E-04
1.2872E-04
1.0729E-03
2.0780E-03
3.1620E-03
4.2960E-03
5.4133E-03
6.4633E-03
7.4712E-03
8.5395E-03
9.7939E-03
1.1296E-02
1.3008E-02
1.4813E-02
1.6568E-02
1.8151E-02
1.9477E-02
2.0520E-02
2.1326E-02
2.2011E-02
2.2685E-02
2.3326E-02
2.3836E-02
2.4154E-02
2.4213E-02
2.3923E-02
2.3213E-02
2.2112E-02
2.0786E-02
1.9437E-02
1.8212E-02
1.7185E-02
1.6349E-02
1.5630E-02
1.4946E-02
1.4256E-02
1.3579E-02
1.2989E-02
1.2596E-02
1.2471E-02
1.2614E-02
1.2992E-02
1.3551E-02
1.4198E-02
1.4809E-02
1.5263E-02
1.5521E-02
1.5622E-02
1.5620E-02
1.5578E-02
1.5568E-02
1.5667E-02
1.5941E-02
1.6433E-02
1.7152E-02
1.8059E-02
1.9070E-02
2.0096E-02
2.1101E-02
2.2085E-02
2.3042E-02
2.4017E-02
2.5108E-02
2.6390E-02
2.7925E-02
2.9780E-02
3.1954E-02
3.4342E-02
3.6799E-02
3.9157E-02
4.1237E-02
4.2878E-02
4.4001E-02
4.4695E-02
4.5164E-02
4.5591E-02
4.6119E-02
4.6840E-02
4.7774E-02
4.8862E-02
4.9979E-02
5.1012E-02
5.1913E-02
5.2719E-02
5.3506E-02
5.4319E-02
5.5149E-02
5.5938E-02
5.6584E-02
5.7027E-02
5.7359E-02
5.7688E-02
5.7994E-02
5.8182E-02
5.8139E-02
5.7764E-02
5.7039E-02
5.6082E-02
5.5088E-02
5.4208E-02
5.3423E-02
5.2607E-02
5.1656E-02
5.0514E-02
4.9175E-02
4.7695E-02
4.6149E-02
4.4572E-02
4.2953E-02
4.1234E-02
3.9336E-02
3.7212E-02
3.4911E-02
3.2540E-02
3.0223E-02
2.8079E-02
2.6176E-02
2.4492E-02
2.2995E-02
2.1710E-02
2.0635E-02
1.9713E-02
1.8851E-02
1.7978E-02
1.7092E-02
1.6265E-02
1.5596E-02
1.5139E-02
1.4898E-02
1.4870E-02
1.4991E-02
1.5114E-02
1.5123E-02
1.4993E-02
1.4747E-02
1.4427E-02
1.4087E-02
1.3754E-02
1.3402E-02
1.3042E-02
1.2760E-02
1.2598E-02
1.2521E-02
1.2485E-02
1.2464E-02
1.2459E-02
1.2541E-02
1.2820E-02
1.3281E-02
1.3791E-02
1.4337E-02
1.4997E-02
1.5736E-02
1.6477E-02
1.7206E-02
1.7931E-02
1.8666E-02
1.9484E-02
2.0501E-02
2.1781E-02
2.3307E-02
2.4982E-02
2.6671E-02
2.8244E-02
2.9613E-02
3.0742E-02
3.1652E-02
3.2387E-02
3.2981E-02
3.3477E-02
3.3920E-02
3.4262E-02
3.4367E-02
3.4157E-02
3.3652E-02
3.2931E-02
3.2182E-02
3.1692E-02
3.1670E-02
3.2134E-02
3.3003E-02
3.4120E-02
3.5258E-02
3.6168E-02
3.6664E-02
3.6668E-02
3.6198E-02
3.5332E-02
3.4156E-02
3.2709E-02
3.1018E-02
2.9155E-02
2.7206E-02
2.5225E-02
2.3234E-02
2.1238E-02
1.9237E-02
1.7229E-02
1.5238E-02
1.3352E-02
1.1730E-02
1.0474E-02
9.5478E-03
8.8146E-03
8.0982E-03
7.2411E-03
6.1061E-03
4.6064E-03
2.8919E-03
1.3331E-03
9.3099E-05
-9.5791E-04
-1.8859E-03
-2.6734E-03
-3.3647E-03
-4.0269E-03
-4.6778E-03
-5.2828E-03
-5.7922E-03
-6.2069E-03
-6.5680E-03
-6.8905E-03
-7.1567E-03
-7.3300E-03
-7.3649E-03
-7.2405E-03
-7.0107E-03
-6.7695E-03
-6.5485E-03
-6.3370E-03
-6.1330E-03
-5.9444E-03
-5.7848E-03
-5.6722E-03
-5.6264E-03
-5.6614E-03
-5.7720E-03
-5.9040E-03
-5.9047E-03
-5.5609E-03
-4.7500E-03
-3.4819E-03
-1.8410E-03
4.2003E-05
1.9997E-03
3.7828E-03
5.1061E-03
5.8180E-03
5.9164E-03
5.4621E-03
4.6656E-03
3.8912E-03
3.3702E-03
3.1084E-03
3.1216E-03
3.4346E-03
3.9353E-03
4.4630E-03
4.9225E-03
5.2390E-03
5.3197E-03
5.0672E-03
4.3998E-03
3.2726E-03
1.7016E-03
-2.1662E-04
-2.3066E-03
-4.4125E-03
-6.5704E-03
-8.8818E-03
-1.1229E-02
-1.3355E-02
-1.5057E-02
-1.6280E-02
-1.7119E-02
-1.7705E-02
-1.8183E-02
-1.8717E-02
-1.9428E-02
-2.0378E-02
-2.1677E-02
-2.3492E-02
-2.5925E-02
-2.8972E-02
-3.2519E-02
-3.6253E-02
-3.9715E-02
-4.2658E-02
-4.5119E-02
-4.7133E-02
-4.8762E-02
-5.0219E-02
-5.1701E-02
-5.3232E-02
-5.4741E-02
-5.6138E-02
-5.7333E-02
-4.9063E-02
-4.9518E-02
-4.9367E-02
-4.8374E-02
-4.6224E-02
-4.2642E-02
-3.7619E-02
-3.1450E-02
-2.4623E-02
-1.7714E-02
-1.1259E-02
-5.6640E-03
-1.1253E-03
2.4116E-03
5.1970E-03
7.5122E-03
9.5021E-03
1.1145E-02
1.2485E-02
1.3708E-02
1.5025E-02
1.6599E-02
1.8515E-02
2.0805E-02
2.3451E-02
2.6318E-02
2.9184E-02
3.1876E-02
3.4248E-02
3.6152E-02
3.7502E-02
3.8377E-02
3.9079E-02
3.9901E-02
4.0876E-02
4.1857E-02
4.2619E-02
4.2937E-02
4.2611E-02
4.1487E-02
3.9506E-02
3.6718E-02
3.3237E-02
2.9269E-02
2.5114E-02
2.1117E-02
1.7571E-02
1.4610E-02
1.2195E-02
1.0212E-02
8.6816E-03
7.7013E-03
7.1716E-03
6.8792E-03
6.6655E-03
6.4287E-03
6.1136E-03
5.7163E-03
5.2874E-03
4.9266E-03
4.7657E-03
4.9103E-03
5.3643E-03
6.0596E-03
6.9410E-03
8.0330E-03
9.4845E-03
1.1542E-02
1.4330E-02
1.7694E-02
2.1353E-02
2.4978E-02
2.8180E-02
3.0720E-02
3.2629E-02
3.3988E-02
3.4826E-02
3.5205E-02
3.5198E-02
3.4841E-02
3.4148E-02
3.3192E-02
3.2236E-02
3.1730E-02
3.2179E-02
3.3872E-02
3.6640E-02
3.9812E-02
4.2680E-02
4.4953E-02
4.6598E-02
4.7657E-02
4.8167E-02
4.8211E-02
4.7956E-02
4.7585E-02
4.7253E-02
4.7076E-02
4.7125E-02
4.7411E-02
4.7887E-02
4.8447E-02
4.8947E-02
4.9269E-02
4.9357E-02
4.9183E-02
4.8766E-02
4.8212E-02
4.7635E-02
4.7068E-02
4.6513E-02
4.5976E-02
4.5461E-02
4.4980E-02
4.4553E-02
4.4212E-02
4.3999E-02
4.3957E-02
4.4117E-02
4.4484E-02
4.5016E-02
4.5621E-02
4.6167E-02
4.6536E-02
4.6689E-02
4.6673E-02
4.6590E-02
4.6526E-02
4.6531E-02
4.6612E-02
4.6718E-02
4.6738E-02
4.6529E-02
4.5974E-02
4.5032E-02
4.3702E-02
4.2023E-02
4.0073E-02
3.7930E-02
3.5637E-02
3.3206E-02
3.0624E-02
2.7874E-02
2.4952E-02
2.1889E-02
1.8766E-02
1.5720E-02
1.2904E-02
1.0394E-02
8.1763E-03
6.2745E-03
4.7368E-03
3.5284E-03
2.5939E-03
1.9042E-03
1.4010E-03
9.9950E-04
6.4347E-04
3.0783E-04
-9.2196E-06
-2.9114E-04
-5.0958E-04
-6.3485E-04
-6.4633E-04
-5.4692E-04
-3.7224E-04
-1.9771E-04
-1.3537E-04
-3.1883E-04
-8.5414E-04
-1.7502E-03
-2.9210E-03
-4.2453E-03
-5.6116E-03
-6.9394E-03
-8.1654E-03
-9.2270E-03
-1.0076E-02
-1.0767E-02
-1.1455E-02
-1.2265E-02
-1.3206E-02
-1.4157E-02
-1.4983E-02
-1.5609E-02
-1.6019E-02
-1.6241E-02
-1.6315E-02
-1.6288E-02
-1.6182E-02
-1.5964E-02
-1.5611E-02
-1.5186E-02
-1.4788E-02
-1.4461E-02
-1.4125E-02
-1.3665E-02
-1.3033E-02
-1.2183E-02
-1.1061E-02
-9.6684E-03
-8.0518E-03
-6.2872E-03
-4.5332E-03
-2.9818E-03
-1.7263E-03
-8.2831E-04
-3.8916E-04
-4.6424E-04
-1.0429E-03
-2.1152E-03
-3.6563E-03
-5.5952E-03
-7.8010E-03
-1.0120E-02
-1.2443E-02
-1.4685E-02
-1.6770E-02
-1.8691E-02
-2.0505E-02
-2.2262E-02
-2.3992E-02
-2.5705E-02
-2.7386E-02
-2.8996E-02
-3.0488E-02
-3.1850E-02
-3.3119E-02
-3.4347E-02
-3.5551E-02
-3.6690E-02
-3.7707E-02
-3.8584E-02
-3.9279E-02
-3.9710E-02
-3.9807E-02
-3.9549E-02
-3.8960E-02
-3.8073E-02
-3.6917E-02
-3.5600E-02
-3.4280E-02
-3.3059E-02
-3.1992E-02
-3.1120E-02
-3.0382E-02
-2.9613E-02
-2.8705E-02
-2.7654E-02
-2.6507E-02
-2.5309E-02
-2.4086E-02
-2.2902E-02
-2.1855E-02
-2.0995E-02
-2.0350E-02
-1.9971E-02
-1.9890E-02
-2.0080E-02
-2.0443E-02
-2.0836E-02
-2.1136E-02
-2.1302E-02
-2.1400E-02
-2.1544E-02
-2.1802E-02
-2.2145E-02
-2.2515E-02
-2.2927E-02
-2.3421E-02
-2.3997E-02
-2.4614E-02
-2.5199E-02
-2.5668E-02
-2.5979E-02
-2.6170E-02
-2.6307E-02
-2.6442E-02
-2.6614E-02
-2.6843E-02
-2.7120E-02
-2.7411E-02
-2.7666E-02
-2.7858E-02
-2.7978E-02
-2.8018E-02
-2.7988E-02
-2.7925E-02
-2.7842E-02
-2.7729E-02
-2.7601E-02
-2.7480E-02
-2.7351E-02
-2.7208E-02
-2.7082E-02
-2.7010E-02
-2.7001E-02
-2.7022E-02
-2.7025E-02
-2.6995E-02
-2.6926E-02
-2.6807E-02
-2.6625E-02
-2.6374E-02
-2.6069E-02
-2.5760E-02
-2.5525E-02
-2.5417E-02
-2.5431E-02
-2.5511E-02
-2.5594E-02
-2.5643E-02
-2.5665E-02
-2.5686E-02
-2.5734E-02
-2.5824E-02
-2.5953E-02
-2.6099E-02
-2.6231E-02
-2.6326E-02
-2.6385E-02
-2.6425E-02
-2.6467E-02
-2.6511E-02
-2.6542E-02
-2.6536E-02
-2.6491E-02
-2.6427E-02
-2.6381E-02
-2.6392E-02
-2.6471E-02
-2.6606E-02
-2.6765E-02
-2.6914E-02
-2.7024E-02
-2.7071E-02
-2.7040E-02
-2.6928E-02
-2.6746E-02
-2.6509E-02
-2.6225E-02
-2.5901E-02
-2.5559E-02
-2.5216E-02
-2.4882E-02
-2.4553E-02
-2.4231E-02
-2.3932E-02
-2.3672E-02
-2.3453E-02
-2.3262E-02
-2.3077E-02
-2.2884E-02
-2.2677E-02
-2.2451E-02
-2.2194E-02
-2.1884E-02
-2.1504E-02
-2.1055E-02
-2.0552E-02
-2.0013E-02
-1.9456E-02
-1.8896E-02
-1.8345E-02
-1.7811E-02
-1.7301E-02
-1.6816E-02
-1.6353E-02
-1.5906E-02
-1.5463E-02
-1.5010E-02
-1.4533E-02
-1.4027E-02
-1.3507E-02
-1.2993E-02
-1.2500E-02
-1.2030E-02
-1.1574E-02
-1.1135E-02
-1.0709E-02
-1.0280E-02
-9.8361E-03
-9.3762E-03
-8.9027E-03
-8.4194E-03
-7.9328E-03
-7.4512E-03
-6.9813E-03
-6.5217E-03
-6.0685E-03
-5.6280E-03
-5.2096E-03
-4.8129E-03
-4.4326E-03
-4.0641E-03
-3.7025E-03
-3.3428E-03
-2.9800E-03
-2.6100E-03
-2.2301E-03
-1.8404E-03
-1.4436E-03
-1.0454E-03
-6.5079E-04
-2.6115E-04
1.2193E-04
4.9443E-04
8.5381E-04
1.1984E-03
1.5233E-03
1.8233E-03
2.0981E-03
2.3529E-03
2.5959E-03
2.8339E-03
3.0708E-03
3.3070E-03
3.5400E-03
3.7657E-03
3.9818E-03
4.1882E-03
4.3843E-03
4.5704E-03
4.7501E-03
4.9277E-03
5.1046E-03
5.2795E-03
5.4485E-03
5.6064E-03
5.7510E-03
5.8858E-03
6.0157E-03
6.1434E-03
6.2690E-03
6.3905E-03
6.5039E-03
6.6057E-03
6.6946E-03
6.7719E-03
6.8407E-03
6.9037E-03
6.9628E-03
7.0198E-03
7.0754E-03
7.1296E-03
7.1817E-03
7.2305E-03
7.2748E-03
7.3143E-03
7.3502E-03
7.3827E-03
7.4111E-03
7.4363E-03
7.4593E-03
7.4797E-03
7.4965E-03
7.5089E-03
7.5169E-03
7.5214E-03
7.5239E-03
7.5259E-03
7.5285E-03
7.5322E-03
7.5369E-03
7.5422E-03
7.5475E-03
7.5532E-03
7.5594E-03
7.5661E-03
7.5725E-03
7.5782E-03
7.5829E-03
7.5868E-03
7.5903E-03
7.5932E-03
7.5950E-03
7.5951E-03
7.5929E-03
7.5879E-03
7.5801E-03
7.5696E-03
7.5571E-03
7.5428E-03
7.5266E-03
7.5084E-03
7.4883E-03
7.4666E-03
7.4433E-03
7.4186E-03
7.3924E-03
7.3647E-03
7.3353E-03
7.3043E-03
7.2716E-03
7.2370E-03
7.2003E-03
7.1617E-03
7.1211E-03
7.0787E-03
7.0345E-03
6.9889E-03
6.9420E-03
6.8940E-03
6.8450E-03
6.7951E-03
6.7442E-03
6.6925E-03