6.0010E+03
5.0000E-03
1.1834E-03
1.1821E-03
1.1776E-03
1.1763E-03
1.1716E-03
1.1702E-03
1.1656E-03
1.1641E-03
1.1591E-03
1.1575E-03
1.1536E-03
1.1543E-03
1.1531E-03
1.1563E-03
1.1557E-03
1.1552E-03
1.1501E-03
1.1485E-03
1.1430E-03
1.1372E-03
1.1304E-03
1.1428E-03
1.1685E-03
1.1437E-03
1.1112E-03
1.1067E-03
1.0969E-03
1.0912E-03
1.0844E-03
1.1001E-03
1.1099E-03
1.1190E-03
1.1297E-03
1.1546E-03
1.1746E-03
1.1879E-03
1.1764E-03
1.1614E-03
1.1398E-03
1.1213E-03
1.0943E-03
1.0736E-03
1.0642E-03
1.0772E-03
1.0987E-03
1.1301E-03
1.1491E-03
1.1576E-03
1.1523E-03
1.1560E-03
1.1480E-03
1.1286E-03
1.0904E-03
1.0643E-03
1.0630E-03
1.0564E-03
1.0047E-03
9.6896E-04
9.5278E-04
9.6543E-04
1.0044E-03
1.0766E-03
1.1080E-03
1.1067E-03
1.1240E-03
1.1681E-03
1.1944E-03
1.1902E-03
1.1433E-03
1.1013E-03
1.0685E-03
1.0630E-03
1.0392E-03
1.0143E-03
1.0290E-03
1.0946E-03
1.1669E-03
1.2368E-03
1.2679E-03
1.2807E-03
1.2733E-03
1.2882E-03
1.3140E-03
1.3436E-03
1.2711E-03
1.1391E-03
9.8312E-04
8.4341E-04
7.3717E-04
7.6389E-04
8.9204E-04
1.1424E-03
1.4040E-03
1.6087E-03
1.6944E-03
1.6460E-03
1.4060E-03
1.1292E-03
9.2470E-04
8.4646E-04
8.3630E-04
8.8295E-04
9.5044E-04
1.0381E-03
1.1009E-03
1.1148E-03
9.9717E-04
8.4764E-04
7.0934E-04
6.2151E-04
6.4279E-04
9.9529E-04
1.4238E-03
1.6881E-03
1.7372E-03
1.6434E-03
1.4880E-03
1.2139E-03
7.6360E-04
3.6982E-04
1.6073E-04
3.5064E-04
6.7598E-04
9.2836E-04
1.1726E-03
1.4247E-03
1.6523E-03
1.8614E-03
1.9962E-03
1.9436E-03
1.7012E-03
1.4198E-03
1.2391E-03
1.2450E-03
1.3125E-03
1.3048E-03
1.0499E-03
8.1019E-04
7.7015E-04
8.3010E-04
9.4888E-04
1.2005E-03
1.4700E-03
1.5745E-03
1.4313E-03
1.1836E-03
1.1126E-03
1.1467E-03
1.1076E-03
9.6311E-04
6.8409E-04
4.1809E-04
3.1869E-04
5.8793E-04
1.1886E-03
1.9677E-03
2.4433E-03
2.5753E-03
2.3059E-03
1.7426E-03
1.0635E-03
6.3384E-04
4.6195E-04
6.8215E-04
1.1786E-03
1.6772E-03
1.7186E-03
1.4516E-03
1.0567E-03
7.4992E-04
5.7228E-04
4.1296E-04
3.9878E-04
8.1208E-04
1.4731E-03
2.1130E-03
2.4030E-03
2.4095E-03
2.1877E-03
1.6170E-03
7.3166E-04
-1.7245E-04
-7.8161E-04
-6.9119E-04
-1.6644E-04
5.3074E-04
1.3543E-03
2.1785E-03
2.7110E-03
2.7048E-03
2.2544E-03
1.8269E-03
1.5927E-03
1.6026E-03
1.5616E-03
1.4298E-03
1.3020E-03
1.0600E-03
2.4555E-04
-1.1320E-03
-2.6520E-03
-3.3972E-03
-3.6541E-03
-3.5133E-03
-2.4945E-03
-8.3858E-04
2.9952E-04
8.7134E-04
8.3048E-04
4.7720E-04
2.6429E-04
8.0541E-04
1.7158E-03
2.4997E-03
2.6324E-03
1.7388E-03
-5.3621E-04
-2.8837E-03
-4.3097E-03
-4.8702E-03
-4.7216E-03
-3.1222E-03
-4.5371E-04
2.7430E-03
5.8785E-03
8.2839E-03
8.9144E-03
8.0291E-03
6.1103E-03
3.6085E-03
1.4790E-03
1.1931E-03
2.1263E-03
3.3981E-03
4.3299E-03
4.3045E-03
3.3272E-03
1.9225E-03
8.6292E-04
1.7252E-04
-2.0935E-04
-6.3095E-04
-3.4129E-04
7.1233E-04
1.5267E-03
2.1767E-03
4.3534E-03
6.8271E-03
7.8498E-03
7.1082E-03
5.0163E-03
2.1277E-03
-2.0557E-04
-1.1729E-03
-9.5356E-04
-1.7708E-04
6.8403E-04
7.0873E-04
-9.2277E-04
-4.1372E-03
-7.6553E-03
-1.0115E-02
-1.1274E-02
-1.1263E-02
-9.4346E-03
-5.9937E-03
-1.4122E-03
2.8920E-03
5.4429E-03
5.8006E-03
4.5008E-03
2.1202E-03
-3.2899E-03
-9.4597E-03
-1.4064E-02
-1.5189E-02
-1.2974E-02
-7.9971E-03
-1.7517E-03
3.1019E-03
5.5528E-03
5.5630E-03
4.0769E-03
2.1796E-03
1.0370E-03
7.9679E-04
9.1019E-04
9.1810E-04
1.1521E-03
1.5539E-03
2.1192E-03
2.2584E-03
1.9981E-03
1.4863E-03
9.9398E-04
4.8149E-04
9.7055E-05
-2.3701E-04
3.5919E-05
1.3454E-03
4.0416E-03
7.3376E-03
1.0455E-02
1.1935E-02
1.1510E-02
8.8935E-03
4.4631E-03
-1.6047E-03
-8.9688E-03
-1.3340E-02
-1.3070E-02
-8.9781E-03
-3.2716E-03
8.5604E-04
3.3682E-03
3.0190E-03
1.4383E-04
-3.4738E-03
-4.3208E-03
-2.4051E-03
1.1622E-03
4.5158E-03
6.7563E-03
7.9503E-03
8.0400E-03
6.4178E-03
3.4328E-03
-1.4642E-05
-3.2451E-03
-5.3619E-03
-6.0409E-03
-5.5416E-03
-4.5481E-03
-3.2267E-03
-2.4187E-03
-2.7857E-03
-4.4169E-03
-6.5449E-03
-7.8440E-03
-8.4994E-03
-9.0732E-03
-9.0892E-03
-8.0604E-03
-3.9494E-03
1.8108E-03
7.4103E-03
1.0893E-02
1.0642E-02
7.7912E-03
4.0011E-03
5.1759E-04
-1.7696E-03
-2.7890E-03
-3.2688E-03
-4.0392E-03
-5.8436E-03
-7.7219E-03
-8.4907E-03
-6.3693E-03
-2.5182E-03
-3.0701E-05
-3.8614E-04
-2.2804E-03
-3.2473E-03
-2.9885E-03
-1.1897E-03
1.8128E-03
5.8492E-03
1.0633E-02
1.4743E-02
1.3660E-02
7.8458E-03
-4.9457E-04
-7.2438E-03
-1.1075E-02
-1.2050E-02
-9.0625E-03
-3.6671E-03
8.8814E-04
3.2529E-03
3.1935E-03
2.6857E-03
4.2846E-03
7.8778E-03
1.1720E-02
1.0321E-02
3.8081E-03
-6.0843E-03
-1.4354E-02
-1.9513E-02
-2.0633E-02
-1.5469E-02
-7.2897E-03
-4.2015E-04
5.3651E-03
9.9910E-03
1.3471E-02
1.5441E-02
1.4917E-02
1.2142E-02
8.4639E-03
5.2305E-03
2.6508E-03
-1.1733E-03
-6.4599E-03
-1.2781E-02
-1.8520E-02
-2.2660E-02
-2.3703E-02
-2.1946E-02
-1.7874E-02
-1.2726E-02
-7.7856E-03
-4.3209E-03
-2.5167E-03
-3.0764E-03
-4.9988E-03
-6.0709E-03
-4.0066E-03
1.6217E-04
3.0226E-03
3.8547E-03
1.4187E-03
-1.8775E-03
-4.4706E-03
-5.6840E-03
-5.3617E-03
-3.5197E-03
-1.0970E-03
9.0025E-04
1.2740E-03
3.2320E-04
-1.4726E-03
-3.0211E-03
-4.0287E-03
-5.7086E-03
-7.4865E-03
-9.3343E-03
-1.2368E-02
-1.6265E-02
-1.9118E-02
-2.0293E-02
-1.9070E-02
-1.5054E-02
-9.6979E-03
-4.8851E-03
-1.1419E-03
4.2488E-04
9.3940E-05
-1.1634E-03
-2.3403E-03
-3.2600E-03
-3.5596E-03
-2.1476E-03
6.5940E-04
2.7077E-03
2.7545E-03
-3.8713E-04
-5.7962E-03
-1.2009E-02
-1.7786E-02
-2.1894E-02
-2.3206E-02
-2.0603E-02
-1.6029E-02
-1.1323E-02
-7.1740E-03
-4.7795E-03
-5.5495E-03
-9.3828E-03
-1.5684E-02
-2.1720E-02
-2.5108E-02
-2.3791E-02
-1.8101E-02
-6.5717E-03
6.4003E-03
1.3283E-02
1.2659E-02
8.1939E-03
5.3644E-03
4.4393E-03
5.0290E-03
4.9607E-03
2.2538E-03
-5.6245E-03
-1.7180E-02
-2.9040E-02
-3.6493E-02
-4.0342E-02
-3.8511E-02
-2.7975E-02
-1.0716E-02
5.7272E-03
1.5364E-02
1.8427E-02
1.3126E-02
2.1718E-03
-9.4916E-03
-1.9600E-02
-2.6788E-02
-2.7243E-02
-2.1197E-02
-1.3341E-02
-7.4323E-03
-1.0033E-02
-2.0621E-02
-3.2023E-02
-3.6459E-02
-3.0941E-02
-2.2110E-02
-1.5991E-02
-1.3815E-02
-1.8571E-02
-2.8024E-02
-3.8484E-02
-4.6375E-02
-5.1006E-02
-5.1283E-02
-4.7303E-02
-4.1586E-02
-3.6612E-02
-3.3755E-02
-3.5232E-02
-3.9482E-02
-4.4050E-02
-4.6230E-02
-4.5701E-02
-4.2645E-02
-3.7573E-02
-3.2090E-02
-2.9418E-02
-3.0149E-02
-3.4886E-02
-4.0307E-02
-4.3171E-02
-4.2045E-02
-3.8953E-02
-3.5632E-02
-2.9945E-02
-2.1121E-02
-7.7342E-03
6.7337E-03
1.4720E-02
1.4802E-02
9.6579E-03
-6.7872E-04
-1.2495E-02
-2.0754E-02
-2.4651E-02
-2.5520E-02
-2.5154E-02
-2.4587E-02
-2.2565E-02
-1.9096E-02
-1.5124E-02
-1.1762E-02
-1.1223E-02
-1.3851E-02
-1.9217E-02
-2.6030E-02
-3.1771E-02
-3.5366E-02
-3.6318E-02
-3.5507E-02
-3.4356E-02
-3.5037E-02
-4.0133E-02
-4.9195E-02
-5.8610E-02
-6.5680E-02
-6.8662E-02
-6.7943E-02
-6.2369E-02
-5.4089E-02
-4.3817E-02
-3.4358E-02
-2.7922E-02
-2.5220E-02
-2.6262E-02
-3.2642E-02
-4.2635E-02
-5.3689E-02
-6.1159E-02
-6.4729E-02
-6.5431E-02
-6.3991E-02
-6.1901E-02
-6.0961E-02
-6.2239E-02
-6.6668E-02
-7.2363E-02
-7.6650E-02
-7.8466E-02
-7.8210E-02
-7.6427E-02
-7.2255E-02
-6.6399E-02
-5.7923E-02
-4.8762E-02
-4.0744E-02
-3.4723E-02
-3.0964E-02
-2.8892E-02
-2.8142E-02
-2.9982E-02
-3.3210E-02
-3.6913E-02
-3.9374E-02
-3.8875E-02
-3.3185E-02
-2.4758E-02
-1.6203E-02
-1.0277E-02
-7.9068E-03
-8.7707E-03
-1.1925E-02
-1.6819E-02
-2.3199E-02
-2.9416E-02
-3.3408E-02
-3.4848E-02
-3.4968E-02
-3.4938E-02
-3.5230E-02
-3.5253E-02
-3.3883E-02
-2.9919E-02
-2.1813E-02
-1.1567E-02
-3.6714E-03
1.1969E-03
7.4058E-04
-4.4795E-03
-1.2068E-02
-1.9810E-02
-2.6913E-02
-3.3246E-02
-3.7642E-02
-4.0820E-02
-4.3179E-02
-4.4293E-02
-4.4680E-02
-4.4767E-02
-4.5046E-02
-4.6294E-02
-4.8989E-02
-5.1385E-02
-5.1143E-02
-4.9846E-02
-4.9159E-02
-5.0584E-02
-5.4420E-02
-6.0584E-02
-6.7506E-02
-7.3690E-02
-7.8823E-02
-8.2568E-02
-8.3717E-02
-7.9882E-02
-7.0690E-02
-5.4835E-02
-3.5419E-02
-1.8308E-02
-7.5686E-03
-4.1261E-03
-4.5503E-03
-9.1450E-03
-1.7379E-02
-2.5724E-02
-3.1424E-02
-3.3537E-02
-3.3156E-02
-3.0306E-02
-2.5954E-02
-1.9697E-02
-1.3118E-02
-7.3711E-03
-3.4144E-03
-1.8512E-03
-4.3883E-03
-9.2633E-03
-1.4493E-02
-1.7883E-02
-1.9105E-02
-1.8529E-02
-1.6897E-02
-1.5118E-02
-1.4095E-02
-1.4811E-02
-1.7941E-02
-2.2073E-02
-2.6172E-02
-3.1297E-02
-3.7625E-02
-4.4835E-02
-5.1061E-02
-5.6135E-02
-5.9983E-02
-6.2019E-02
-6.3258E-02
-6.4886E-02
-6.7160E-02
-7.0618E-02
-7.6024E-02
-8.2356E-02
-8.8188E-02
-9.3212E-02
-9.8210E-02
-1.0457E-01
-1.1195E-01
-1.1870E-01
-1.2236E-01
-1.2294E-01
-1.2033E-01
-1.1481E-01
-1.0806E-01
-1.0106E-01
-9.4445E-02
-8.9440E-02
-8.7471E-02
-8.9635E-02
-9.6377E-02
-1.0894E-01
-1.2415E-01
-1.3566E-01
-1.4364E-01
-1.4840E-01
-1.4742E-01
-1.4093E-01
-1.2854E-01
-1.1324E-01
-9.6423E-02
-7.8308E-02
-5.8840E-02
-3.6929E-02
-1.1448E-02
1.4353E-02
3.4426E-02
4.7739E-02
5.3997E-02
5.7586E-02
5.9224E-02
5.8706E-02
5.6997E-02
5.5801E-02
5.5045E-02
5.3835E-02
5.4033E-02
5.6000E-02
5.9040E-02
6.2780E-02
6.7640E-02
7.2722E-02
7.7343E-02
8.2110E-02
8.7191E-02
9.2384E-02
9.7209E-02
1.0119E-01
1.0449E-01
1.0753E-01
1.1064E-01
1.1368E-01
1.1533E-01
1.1560E-01
1.1346E-01
1.0833E-01
1.0131E-01
9.4656E-02
9.0497E-02
8.8233E-02
8.5546E-02
8.1716E-02
7.5944E-02
6.6643E-02
5.5938E-02
4.5978E-02
3.6437E-02
2.7825E-02
2.0615E-02
1.4442E-02
9.8028E-03
8.1911E-03
8.2875E-03
8.8729E-03
1.0085E-02
1.1823E-02
1.4623E-02
1.8358E-02
2.3203E-02
2.8226E-02
3.1506E-02
3.1494E-02
2.8552E-02
2.3805E-02
1.7099E-02
6.9857E-03
-5.7810E-03
-1.9069E-02
-3.1575E-02
-4.2489E-02
-5.0783E-02
-5.2138E-02
-4.9219E-02
-4.4439E-02
-3.8697E-02
-3.3089E-02
-2.8611E-02
-2.5354E-02
-2.3478E-02
-2.3146E-02
-2.4446E-02
-2.7850E-02
-3.2566E-02
-3.8220E-02
-4.3838E-02
-4.8962E-02
-5.3138E-02
-5.6121E-02
-5.7434E-02
-5.6460E-02
-5.3427E-02
-4.7237E-02
-3.6312E-02
-1.9607E-02
1.5686E-03
2.5869E-02
5.3923E-02
8.4094E-02
1.1571E-01
1.4897E-01
1.8108E-01
2.1055E-01
2.3767E-01
2.6107E-01
2.8240E-01
3.0063E-01
3.1558E-01
3.3009E-01
3.4483E-01
3.5812E-01
3.6738E-01
3.7400E-01
3.7805E-01
3.7993E-01
3.8077E-01
3.8102E-01
3.8109E-01
3.8070E-01
3.7984E-01
3.7824E-01
3.7648E-01
3.7580E-01
3.7770E-01
3.8063E-01
3.8322E-01
3.8481E-01
3.8576E-01
3.8668E-01
3.8741E-01
3.8707E-01
3.8548E-01
3.8257E-01
3.7888E-01
3.7582E-01
3.7460E-01
3.7379E-01
3.7235E-01
3.7028E-01
3.6784E-01
3.6549E-01
3.6304E-01
3.5941E-01
3.4905E-01
3.2798E-01
3.0551E-01
2.8525E-01
2.6418E-01
2.4381E-01
2.2657E-01
2.1174E-01
1.9504E-01
1.7916E-01
1.6564E-01
1.5448E-01
1.4486E-01
1.3596E-01
1.2852E-01
1.2441E-01
1.2288E-01
1.2408E-01
1.2657E-01
1.2897E-01
1.3057E-01
1.3075E-01
1.2918E-01
1.2704E-01
1.2517E-01
1.2343E-01
1.2308E-01
1.2475E-01
1.2743E-01
1.3071E-01
1.3525E-01
1.3992E-01
1.4322E-01
1.4572E-01
1.4785E-01
1.4920E-01
1.5019E-01
1.5242E-01
1.5696E-01
1.6552E-01
1.7757E-01
1.9113E-01
2.0383E-01
2.1171E-01
2.1561E-01
2.1474E-01
2.1233E-01
2.1087E-01
2.1017E-01
2.1053E-01
2.1276E-01
2.1611E-01
2.1958E-01
2.2221E-01
2.2384E-01
2.2526E-01
2.2589E-01
2.2488E-01
2.2299E-01
2.2039E-01
2.1683E-01
2.1268E-01
2.0795E-01
2.0351E-01
1.9943E-01
1.9556E-01
1.9151E-01
1.8721E-01
1.8282E-01
1.7888E-01
1.7570E-01
1.7300E-01
1.7043E-01
1.6750E-01
1.6368E-01
1.5888E-01
1.5397E-01
1.4985E-01
1.4700E-01
1.4477E-01
1.4249E-01
1.3997E-01
1.3686E-01
1.3362E-01
1.3140E-01
1.2972E-01
1.2685E-01
1.2266E-01
1.1765E-01
1.1355E-01
1.0960E-01
1.0508E-01
1.0101E-01
9.7894E-02
9.6075E-02
9.5515E-02
9.6287E-02
9.8620E-02
1.0200E-01
1.0666E-01
1.1144E-01
1.1513E-01
1.1785E-01
1.1992E-01
1.2232E-01
1.2596E-01
1.3154E-01
1.3756E-01
1.4169E-01
1.4422E-01
1.4461E-01
1.4150E-01
1.3597E-01
1.2938E-01
1.2186E-01
1.1322E-01
1.0233E-01
9.1389E-02
8.1629E-02
7.3679E-02
6.7972E-02
6.2713E-02
5.6128E-02
4.9045E-02
4.2184E-02
3.5114E-02
2.6372E-02
1.5462E-02
4.3164E-03
-6.1240E-03
-1.6114E-02
-2.6237E-02
-3.7781E-02
-5.0072E-02
-6.1562E-02
-7.6354E-02
-9.7394E-02
-1.2028E-01
-1.4531E-01
-1.7174E-01
-1.9801E-01
-2.2064E-01
-2.4034E-01
-2.6100E-01
-2.8220E-01
-3.0257E-01
-3.2055E-01
-3.3308E-01
-3.4388E-01
-3.5616E-01
-3.6971E-01
-3.8170E-01
-3.9440E-01
-4.0733E-01
-4.1437E-01
-4.1662E-01
-4.1586E-01
-4.1449E-01
-4.1482E-01
-4.1581E-01
-4.1624E-01
-4.1448E-01
-4.1010E-01
-4.0261E-01
-3.9252E-01
-3.7948E-01
-3.6562E-01
-3.5264E-01
-3.3923E-01
-3.2490E-01
-3.1000E-01
-2.9577E-01
-2.8492E-01
-2.7930E-01
-2.7703E-01
-2.7795E-01
-2.8245E-01
-2.8894E-01
-2.9526E-01
-2.9928E-01
-3.0149E-01
-3.0352E-01
-3.0610E-01
-3.0917E-01
-3.0999E-01
-3.0811E-01
-3.0233E-01
-2.9544E-01
-2.8988E-01
-2.8575E-01
-2.8291E-01
-2.8100E-01
-2.7995E-01
-2.7955E-01
-2.7829E-01
-2.7447E-01
-2.6796E-01
-2.5981E-01
-2.5100E-01
-2.4261E-01
-2.3775E-01
-2.3502E-01
-2.3310E-01
-2.3000E-01
-2.2210E-01
-2.1195E-01
-2.0453E-01
-1.9934E-01
-1.9566E-01
-1.9215E-01
-1.8740E-01
-1.8150E-01
-1.7546E-01
-1.7205E-01
-1.7034E-01
-1.6919E-01
-1.6735E-01
-1.6361E-01
-1.5794E-01
-1.5083E-01
-1.4263E-01
-1.3519E-01
-1.3134E-01
-1.3060E-01
-1.3290E-01
-1.3767E-01
-1.4290E-01
-1.4627E-01
-1.4663E-01
-1.4449E-01
-1.4091E-01
-1.3698E-01
-1.3372E-01
-1.3153E-01
-1.3096E-01
-1.3195E-01
-1.3338E-01
-1.3377E-01
-1.3360E-01
-1.3277E-01
-1.2999E-01
-1.2558E-01
-1.2112E-01
-1.1557E-01
-1.0715E-01
-9.8523E-02
-9.5576E-02
-9.5631E-02
-9.6040E-02
-9.6823E-02
-9.8232E-02
-1.0160E-01
-1.0589E-01
-1.1031E-01
-1.1449E-01
-1.1759E-01
-1.1965E-01
-1.2310E-01
-1.2823E-01
-1.3018E-01
-1.3006E-01
-1.2945E-01
-1.2776E-01
-1.2526E-01
-1.2286E-01
-1.2124E-01
-1.2078E-01
-1.2056E-01
-1.1994E-01
-1.1944E-01
-1.1874E-01
-1.1558E-01
-1.1009E-01
-1.0556E-01
-1.0818E-01
-1.1549E-01
-1.2304E-01
-1.3045E-01
-1.3671E-01
-1.4135E-01
-1.4434E-01
-1.4679E-01
-1.4921E-01
-1.5228E-01
-1.5597E-01
-1.6064E-01
-1.6577E-01
-1.7030E-01
-1.7206E-01
-1.7163E-01
-1.7273E-01
-1.7721E-01
-1.8602E-01
-1.9950E-01
-2.1503E-01
-2.2675E-01
-2.3247E-01
-2.3453E-01
-2.3146E-01
-2.2516E-01
-2.1788E-01
-2.1068E-01
-2.0404E-01
-1.9914E-01
-1.9668E-01
-1.9694E-01
-1.9839E-01
-1.9828E-01
-1.9653E-01
-1.9344E-01
-1.8944E-01
-1.8443E-01
-1.7764E-01
-1.7040E-01
-1.6532E-01
-1.6107E-01
-1.5605E-01
-1.5022E-01
-1.4364E-01
-1.3587E-01
-1.2696E-01
-1.1648E-01
-1.0508E-01
-9.3694E-02
-8.3260E-02
-7.5384E-02
-6.8842E-02
-6.3812E-02
-6.1145E-02
-6.0311E-02
-5.9674E-02
-5.8268E-02
-5.5442E-02
-5.1541E-02
-4.6479E-02
-3.9700E-02
-3.1715E-02
-2.4077E-02
-1.7508E-02
-1.3392E-02
-1.1469E-02
-1.1338E-02
-1.3567E-02
-1.8217E-02
-2.6345E-02
-3.6048E-02
-4.5571E-02
-5.3369E-02
-5.8854E-02
-6.1746E-02
-6.2127E-02
-6.1123E-02
-5.9108E-02
-5.6753E-02
-5.4419E-02
-5.2114E-02
-4.9636E-02
-4.6461E-02
-4.3107E-02
-4.0139E-02
-3.8340E-02
-3.7519E-02
-3.6818E-02
-3.6077E-02
-3.5364E-02
-3.5029E-02
-3.4417E-02
-3.3235E-02
-3.2587E-02
-3.2332E-02
-2.9110E-02
-2.3335E-02
-1.6346E-02
-9.2828E-03
-3.0486E-03
2.8355E-03
8.2749E-03
1.2838E-02
1.7007E-02
2.1550E-02
2.5822E-02
2.9259E-02
3.3301E-02
3.9743E-02
4.9422E-02
6.1179E-02
7.1791E-02
8.1328E-02
8.9604E-02
9.6550E-02
1.0193E-01
1.0677E-01
1.1239E-01
1.1908E-01
1.2631E-01
1.3222E-01
1.3767E-01
1.4477E-01
1.5272E-01
1.6010E-01
1.6661E-01
1.7196E-01
1.7699E-01
1.8189E-01
1.8701E-01
1.9295E-01
2.0198E-01
2.1278E-01
2.2384E-01
2.3354E-01
2.4080E-01
2.4648E-01
2.5020E-01
2.5089E-01
2.4930E-01
2.4612E-01
2.4181E-01
2.3659E-01
2.2909E-01
2.1938E-01
2.0835E-01
1.9822E-01
1.8855E-01
1.7845E-01
1.6934E-01
1.6159E-01
1.5523E-01
1.4875E-01
1.4083E-01
1.3117E-01
1.2286E-01
1.1627E-01
1.0964E-01
1.0203E-01
9.3820E-02
8.6249E-02
7.8376E-02
6.9917E-02
6.1900E-02
5.5279E-02
5.0380E-02
4.7171E-02
4.2792E-02
3.3806E-02
2.2071E-02
1.0722E-02
1.0084E-03
-6.9158E-03
-1.4058E-02
-2.0441E-02
-2.5046E-02
-2.7927E-02
-3.0438E-02
-3.3435E-02
-3.6905E-02
-3.9267E-02
-3.9865E-02
-3.8456E-02
-3.6616E-02
-3.5259E-02
-3.3793E-02
-3.2484E-02
-3.1881E-02
-3.1554E-02
-3.0782E-02
-2.8942E-02
-2.6123E-02
-2.2643E-02
-1.9471E-02
-1.7546E-02
-1.6409E-02
-1.5799E-02
-1.4691E-02
-1.2531E-02
-8.6587E-03
-6.7267E-03
-5.5050E-03
-2.8431E-03
1.0873E-04
3.3311E-03
7.4797E-03
1.1911E-02
1.5683E-02
1.8836E-02
2.1385E-02
2.3551E-02
2.5268E-02
2.6399E-02
2.6665E-02
2.6155E-02
2.5412E-02
2.4946E-02
2.4703E-02
2.4723E-02
2.5160E-02
2.6552E-02
2.7885E-02
2.8278E-02
2.8770E-02
3.0115E-02
3.1120E-02
3.1554E-02
3.1552E-02
3.1744E-02
3.2210E-02
3.2481E-02
3.2234E-02
3.0980E-02
2.7226E-02
1.9925E-02
9.7497E-03
-7.4233E-04
-9.9658E-03
-1.6128E-02
-2.0487E-02
-2.4205E-02
-2.8404E-02
-3.3225E-02
-3.8151E-02
-4.2331E-02
-4.5340E-02
-4.6436E-02
-4.5795E-02
-4.3538E-02
-4.0306E-02
-3.7133E-02
-3.5223E-02
-3.3725E-02
-3.1493E-02
-2.8606E-02
-2.5110E-02
-2.0889E-02
-1.6543E-02
-1.2643E-02
-8.4058E-03
-3.3508E-03
1.4954E-03
5.4799E-03
7.7357E-03
8.5966E-03
8.0371E-03
7.2550E-03
7.1033E-03
7.2000E-03
6.5349E-03
4.0676E-03
-4.0399E-04
-5.7999E-03
-1.0856E-02
-1.4677E-02
-1.6778E-02
-1.5816E-02
-1.1847E-02
-5.1046E-03
3.8005E-03
1.4126E-02
2.5809E-02
3.7460E-02
4.6791E-02
5.4566E-02
6.1001E-02
6.6341E-02
7.1309E-02
7.6192E-02
8.1199E-02
8.4799E-02
8.7247E-02
8.8072E-02
8.8056E-02
8.7790E-02
8.8429E-02
9.0676E-02
9.5556E-02
1.0233E-01
1.1045E-01
1.1903E-01
1.2708E-01
1.3331E-01
1.3800E-01
1.4125E-01
1.4313E-01
1.4357E-01
1.4207E-01
1.3917E-01
1.3602E-01
1.3334E-01
1.3068E-01
1.2679E-01
1.2276E-01
1.2003E-01
1.1798E-01
1.1618E-01
1.1516E-01
1.1538E-01
1.1673E-01
1.1838E-01
1.1983E-01
1.2122E-01
1.2221E-01
1.2256E-01
1.2193E-01
1.2078E-01
1.1957E-01
1.1885E-01
1.1842E-01
1.1769E-01
1.1662E-01
1.1574E-01
1.1510E-01
1.1453E-01
1.1308E-01
1.1124E-01
1.0966E-01
1.0948E-01
1.1068E-01
1.1342E-01
1.1840E-01
1.2662E-01
1.3348E-01
1.3845E-01
1.4208E-01
1.4386E-01
1.4349E-01
1.4000E-01
1.3474E-01
1.2873E-01
1.2370E-01
1.2024E-01
1.1877E-01
1.1836E-01
1.1828E-01
1.1798E-01
1.1744E-01
1.1728E-01
1.1825E-01
1.2061E-01
1.2422E-01
1.2821E-01
1.3135E-01
1.3351E-01
1.3421E-01
1.3343E-01
1.3240E-01
1.3328E-01
1.3680E-01
1.4211E-01
1.4666E-01
1.4952E-01
1.4844E-01
1.4441E-01
1.3886E-01
1.3345E-01
1.2960E-01
1.2771E-01
1.2754E-01
1.2764E-01
1.2653E-01
1.2459E-01
1.2271E-01
1.2116E-01
1.1964E-01
1.1734E-01
1.1468E-01
1.1189E-01
1.0896E-01
1.0611E-01
1.0385E-01
1.0297E-01
1.0321E-01
1.0390E-01
1.0406E-01
1.0304E-01
1.0045E-01
9.6731E-02
9.2222E-02
8.6934E-02
8.1978E-02
7.8593E-02
7.6868E-02
7.5983E-02
7.5037E-02
7.3108E-02
6.9984E-02
6.5988E-02
6.1834E-02
5.7983E-02
5.5189E-02
5.3022E-02
5.0288E-02
4.6421E-02
4.1066E-02
3.2933E-02
2.2233E-02
9.8932E-03
-1.3762E-03
-1.0047E-02
-1.5918E-02
-2.0591E-02
-2.4555E-02
-2.6975E-02
-2.8545E-02
-2.9809E-02
-3.0364E-02
-3.0300E-02
-2.9648E-02
-2.8738E-02
-2.7845E-02
-2.7149E-02
-2.5943E-02
-2.3188E-02
-1.7418E-02
-9.0102E-03
2.5941E-03
1.5176E-02
2.6293E-02
3.5931E-02
4.2834E-02
4.7505E-02
4.9918E-02
5.0045E-02
4.8816E-02
4.5888E-02
3.9643E-02
3.0384E-02
2.0115E-02
1.0955E-02
3.4214E-03
-1.8443E-03
-4.8173E-03
-5.2886E-03
-3.6417E-03
-1.2742E-03
1.1709E-03
4.0896E-03
8.0162E-03
1.2823E-02
1.7917E-02
2.3234E-02
2.9612E-02
3.7856E-02
4.6003E-02
5.3100E-02
5.9985E-02
6.6794E-02
7.3783E-02
8.1335E-02
8.8994E-02
9.5025E-02
9.7535E-02
9.5738E-02
9.2555E-02
8.9480E-02
8.6532E-02
8.4271E-02
8.2805E-02
8.1542E-02
7.9262E-02
7.5169E-02
6.9653E-02
6.3425E-02
5.6989E-02
5.0901E-02
4.5301E-02
4.0388E-02
3.6466E-02
3.3174E-02
3.0093E-02
2.7549E-02
2.6079E-02
2.5423E-02
2.5180E-02
2.5175E-02
2.5548E-02
2.6165E-02
2.7113E-02
2.8578E-02
3.1217E-02
3.4701E-02
3.8321E-02
4.0881E-02
4.2380E-02
4.1530E-02
3.7140E-02
2.8302E-02
1.7912E-02
7.2921E-03
-5.5594E-03
-1.7993E-02
-2.8583E-02
-3.7135E-02
-4.4023E-02
-4.9957E-02
-5.6130E-02
-6.3633E-02
-7.2512E-02
-8.1031E-02
-8.8540E-02
-9.4907E-02
-9.9449E-02
-1.0290E-01
-1.0648E-01
-1.1182E-01
-1.1903E-01
-1.2682E-01
-1.3413E-01
-1.4074E-01
-1.4682E-01
-1.5255E-01
-1.5790E-01
-1.6219E-01
-1.6580E-01
-1.6915E-01
-1.7302E-01
-1.7833E-01
-1.8597E-01
-1.9453E-01
-2.0302E-01
-2.1168E-01
-2.2010E-01
-2.2763E-01
-2.3341E-01
-2.3815E-01
-2.4260E-01
-2.4684E-01
-2.5014E-01
-2.5166E-01
-2.5126E-01
-2.4969E-01
-2.4724E-01
-2.4456E-01
-2.4207E-01
-2.3871E-01
-2.3377E-01
-2.2575E-01
-2.1566E-01
-2.0398E-01
-1.9209E-01
-1.8140E-01
-1.7229E-01
-1.6540E-01
-1.6023E-01
-1.5655E-01
-1.5475E-01
-1.5423E-01
-1.5403E-01
-1.5364E-01
-1.5241E-01
-1.4943E-01
-1.4522E-01
-1.4102E-01
-1.3707E-01
-1.3400E-01
-1.3198E-01
-1.3045E-01
-1.2674E-01
-1.2070E-01
-1.1196E-01
-1.0306E-01
-9.5491E-02
-8.9255E-02
-8.4301E-02
-8.0456E-02
-7.7630E-02
-7.5847E-02
-7.4847E-02
-7.4403E-02
-7.4914E-02
-7.5748E-02
-7.6045E-02
-7.5725E-02
-7.4998E-02
-7.3885E-02
-7.2434E-02
-7.0336E-02
-6.7164E-02
-6.3030E-02
-5.9178E-02
-5.5645E-02
-5.1526E-02
-4.7478E-02
-4.3856E-02
-4.0437E-02
-3.7606E-02
-3.7002E-02
-3.7704E-02
-3.9069E-02
-4.1046E-02
-4.3343E-02
-4.5814E-02
-4.7913E-02
-4.9381E-02
-5.0312E-02
-5.0992E-02
-5.1318E-02
-5.0831E-02
-4.9033E-02
-4.5912E-02
-4.2096E-02
-3.8015E-02
-3.4113E-02
-3.0329E-02
-2.6024E-02
-2.1984E-02
-2.0756E-02
-2.1189E-02
-2.2176E-02
-2.4134E-02
-2.7165E-02
-3.1936E-02
-3.6859E-02
-4.1130E-02
-4.5204E-02
-4.9037E-02
-5.2205E-02
-5.5553E-02
-5.9374E-02
-6.3371E-02
-6.7196E-02
-7.0364E-02
-7.2004E-02
-7.2712E-02
-7.3096E-02
-7.2968E-02
-7.2403E-02
-7.1856E-02
-7.1343E-02
-7.0987E-02
-7.1306E-02
-7.2345E-02
-7.2561E-02
-7.1599E-02
-6.9805E-02
-6.8351E-02
-6.7995E-02
-6.8459E-02
-6.9520E-02
-7.1233E-02
-7.2961E-02
-7.4120E-02
-7.4432E-02
-7.3975E-02
-7.2655E-02
-7.0752E-02
-6.8606E-02
-6.6826E-02
-6.5666E-02
-6.5497E-02
-6.5787E-02
-6.6156E-02
-6.6726E-02
-6.6717E-02
-6.4160E-02
-5.9724E-02
-5.4467E-02
-4.8618E-02
-4.2384E-02
-3.5143E-02
-2.7582E-02
-2.0421E-02
-1.3233E-02
-4.9595E-03
4.2642E-03
1.4155E-02
2.3386E-02
3.1531E-02
3.8332E-02
4.3809E-02
4.7551E-02
4.9372E-02
4.8921E-02
4.7524E-02
4.6160E-02
4.5095E-02
4.5513E-02
4.6465E-02
4.7177E-02
4.8240E-02
5.1183E-02
5.5185E-02
5.8800E-02
6.2224E-02
6.5378E-02
6.7168E-02
6.7506E-02
6.6091E-02
6.3687E-02
6.0959E-02
5.8368E-02
5.6465E-02
5.5194E-02
5.5373E-02
5.6234E-02
5.7362E-02
5.8033E-02
5.7906E-02
5.6640E-02
5.5000E-02
5.3696E-02
5.3234E-02
5.3769E-02
5.5469E-02
5.7625E-02
5.9771E-02
6.1930E-02
6.4219E-02
6.6933E-02
6.9776E-02
7.2411E-02
7.5286E-02
7.8710E-02
8.2388E-02
8.5943E-02
8.8803E-02
9.0764E-02
9.1757E-02
9.1764E-02
9.1130E-02
9.0111E-02
8.9023E-02
8.7890E-02
8.6823E-02
8.5753E-02
8.4518E-02
8.2873E-02
8.0602E-02
7.7859E-02
7.4837E-02
7.0946E-02
6.6483E-02
6.1703E-02
5.7354E-02
5.3791E-02
5.2179E-02
5.2050E-02
5.3060E-02
5.5308E-02
5.8171E-02
6.0601E-02
6.2693E-02
6.4426E-02
6.5003E-02
6.4717E-02
6.4722E-02
6.4942E-02
6.4547E-02
6.3231E-02
6.1164E-02
5.8564E-02
5.5728E-02
5.2836E-02
4.9956E-02
4.7253E-02
4.5100E-02
4.3145E-02
4.0797E-02
3.9280E-02
4.0399E-02
4.2387E-02
4.4059E-02
4.5993E-02
4.7975E-02
4.9174E-02
4.9706E-02
4.9619E-02
4.8259E-02
4.5874E-02
4.3401E-02
4.1336E-02
3.9794E-02
3.9017E-02
3.9139E-02
4.0464E-02
4.2234E-02
4.3927E-02
4.5780E-02
4.7862E-02
5.0283E-02
5.2660E-02
5.4656E-02
5.5983E-02
5.6097E-02
5.4129E-02
5.0745E-02
4.6430E-02
4.1579E-02
3.6970E-02
3.4004E-02
3.2112E-02
3.0933E-02
3.0753E-02
3.1414E-02
3.2926E-02
3.4365E-02
3.4690E-02
3.3905E-02
3.2009E-02
2.8886E-02
2.5305E-02
2.2195E-02
2.0446E-02
1.9905E-02
2.0027E-02
2.0521E-02
2.1517E-02
2.2956E-02
2.4561E-02
2.5710E-02
2.6584E-02
2.7647E-02
2.8315E-02
2.8181E-02
2.7512E-02
2.6362E-02
2.4247E-02
2.1517E-02
1.8172E-02
1.3596E-02
8.3978E-03
3.4028E-03
-1.3308E-03
-5.9512E-03
-1.0576E-02
-1.4633E-02
-1.6890E-02
-1.6956E-02
-1.5100E-02
-1.1195E-02
-6.6392E-03
-3.4041E-03
-2.3201E-03
-3.7064E-03
-6.6616E-03
-1.0277E-02
-1.4478E-02
-1.7968E-02
-1.9777E-02
-2.0074E-02
-1.9517E-02
-1.7932E-02
-1.5840E-02
-1.3627E-02
-1.1301E-02
-9.1771E-03
-8.0792E-03
-7.9640E-03
-8.8592E-03
-1.0174E-02
-1.1470E-02
-1.3382E-02
-1.6226E-02
-2.0939E-02
-2.7285E-02
-3.4601E-02
-4.2655E-02
-5.0916E-02
-5.8753E-02
-6.5042E-02
-7.0207E-02
-7.5003E-02
-7.9852E-02
-8.5224E-02
-9.1575E-02
-9.7844E-02
-1.0299E-01
-1.0700E-01
-1.0991E-01
-1.1174E-01
-1.1281E-01
-1.1330E-01
-1.1293E-01
-1.1197E-01
-1.1061E-01
-1.0891E-01
-1.0660E-01
-1.0450E-01
-1.0309E-01
-1.0295E-01
-1.0405E-01
-1.0619E-01
-1.0838E-01
-1.1025E-01
-1.1228E-01
-1.1431E-01
-1.1613E-01
-1.1800E-01
-1.1991E-01
-1.2137E-01
-1.2281E-01
-1.2467E-01
-1.2606E-01
-1.2677E-01
-1.2756E-01
-1.2845E-01
-1.2928E-01
-1.3017E-01
-1.3113E-01
-1.3127E-01
-1.2953E-01
-1.2435E-01
-1.1629E-01
-1.0531E-01
-9.0854E-02
-7.4578E-02
-5.7201E-02
-3.9120E-02
-2.1698E-02
-6.0054E-03
7.2661E-03
1.7509E-02
2.5355E-02
3.0908E-02
3.4230E-02
3.5583E-02
3.4387E-02
3.1898E-02
2.8891E-02
2.5596E-02
2.2586E-02
2.0631E-02
1.9126E-02
1.7286E-02
1.5177E-02
1.3038E-02
1.1854E-02
1.1564E-02
1.2120E-02
1.3322E-02
1.4766E-02
1.5727E-02
1.6071E-02
1.5321E-02
1.3131E-02
9.7626E-03
5.6026E-03
1.6239E-03
-1.8948E-03
-5.5444E-03
-9.0324E-03
-1.1016E-02
-1.2232E-02
-1.3373E-02
-1.3722E-02
-1.2924E-02
-1.0431E-02
-7.1525E-03
-3.5430E-03
3.6954E-04
4.3343E-03
8.2860E-03
1.2440E-02
1.7136E-02
2.1702E-02
2.5808E-02
2.9445E-02
3.2786E-02
3.5821E-02
3.8561E-02
4.0589E-02
4.1948E-02
4.2594E-02
4.2610E-02
4.2122E-02
4.0471E-02
3.7958E-02
3.4894E-02
3.1527E-02
2.7945E-02
2.4361E-02
2.1625E-02
2.1043E-02
2.2300E-02
2.4717E-02
2.8113E-02
3.1301E-02
3.2962E-02
3.3269E-02
3.2219E-02
2.8850E-02
2.3308E-02
1.5290E-02
6.2576E-03
-2.3018E-03
-8.5814E-03
-1.2182E-02
-1.2928E-02
-1.0768E-02
-6.9888E-03
-3.3258E-03
-1.4289E-04
3.1225E-03
6.8604E-03
1.1489E-02
1.6287E-02
2.0794E-02
2.4155E-02
2.6882E-02
2.9082E-02
3.0553E-02
3.1428E-02
3.2064E-02
3.2854E-02
3.4104E-02
3.5469E-02
3.6796E-02
3.8510E-02
4.0914E-02
4.4476E-02
4.8049E-02
5.0675E-02
5.2908E-02
5.4844E-02
5.6249E-02
5.6980E-02
5.6978E-02
5.5859E-02
5.3602E-02
4.9338E-02
4.3635E-02
3.6979E-02
3.0355E-02
2.4833E-02
2.2583E-02
2.3146E-02
2.6102E-02
3.1477E-02
3.8213E-02
4.4870E-02
5.1096E-02
5.7016E-02
6.2320E-02
6.6863E-02
7.0379E-02
7.2821E-02
7.3553E-02
7.3175E-02
7.1613E-02
6.8813E-02
6.5115E-02
6.0413E-02
5.5336E-02
5.0503E-02
4.6739E-02
4.3848E-02
4.1735E-02
4.0474E-02
4.0332E-02
4.1997E-02
4.4980E-02
4.9356E-02
5.4152E-02
5.8476E-02
6.2282E-02
6.5835E-02
6.9852E-02
7.3830E-02
7.7036E-02
7.9878E-02
8.2678E-02
8.5032E-02
8.6984E-02
8.8341E-02
8.9334E-02
9.0031E-02
9.0367E-02
9.0433E-02
9.0404E-02
8.9939E-02
8.8327E-02
8.4453E-02
7.8600E-02
7.1998E-02
6.5107E-02
5.7878E-02
5.0736E-02
4.3997E-02
3.7982E-02
3.2461E-02
2.7198E-02
2.2002E-02
1.6657E-02
1.1307E-02
6.9018E-03
3.5351E-03
1.2663E-03
-2.1165E-05
-3.7882E-04
-2.3542E-04
-2.9896E-04
-1.2019E-03
-3.0929E-03
-5.9389E-03
-9.2171E-03
-1.2309E-02
-1.4635E-02
-1.5775E-02
-1.6129E-02
-1.6568E-02
-1.7393E-02
-1.8499E-02
-1.9661E-02
-2.0856E-02
-2.2422E-02
-2.3940E-02
-2.4743E-02
-2.4799E-02
-2.4208E-02
-2.2713E-02
-2.0955E-02
-1.9618E-02
-1.8209E-02
-1.6331E-02
-1.4275E-02
-1.2234E-02
-1.0451E-02
-9.2298E-03
-8.9231E-03
-9.6528E-03
-1.1034E-02
-1.2354E-02
-1.3607E-02
-1.4991E-02
-1.6454E-02
-1.7986E-02
-1.9940E-02
-2.2798E-02
-2.6790E-02
-3.1457E-02
-3.6063E-02
-4.0273E-02
-4.4117E-02
-4.7385E-02
-4.9021E-02
-4.9936E-02
-5.1081E-02
-5.2713E-02
-5.4572E-02
-5.5900E-02
-5.7097E-02
-5.8409E-02
-5.8993E-02
-5.8739E-02
-5.8000E-02
-5.6717E-02
-5.4336E-02
-5.1136E-02
-4.7366E-02
-4.2582E-02
-3.7296E-02
-3.2359E-02
-2.8198E-02
-2.5066E-02
-2.2599E-02
-2.0261E-02
-1.7715E-02
-1.5275E-02
-1.3148E-02
-1.1162E-02
-9.3574E-03
-8.0881E-03
-6.9075E-03
-5.2273E-03
-2.8950E-03
8.2722E-05
3.8781E-03
8.0532E-03
1.2096E-02
1.6005E-02
1.9776E-02
2.3139E-02
2.5974E-02
2.7623E-02
2.8313E-02
2.8235E-02
2.7252E-02
2.5744E-02
2.4385E-02
2.3350E-02
2.2301E-02
2.0823E-02
1.9192E-02
1.8246E-02
1.7354E-02
1.5710E-02
1.2764E-02
8.9697E-03
4.8796E-03
7.3266E-04
-3.2967E-03
-7.0508E-03
-1.0242E-02
-1.2420E-02
-1.3314E-02
-1.3134E-02
-1.1505E-02
-8.7088E-03
-4.4578E-03
1.9477E-04
4.3743E-03
7.6219E-03
9.9033E-03
1.0657E-02
1.0185E-02
9.0109E-03
7.1133E-03
4.4919E-03
7.7474E-04
-2.8230E-03
-5.8061E-03
-8.1968E-03
-9.8005E-03
-9.8651E-03
-8.1953E-03
-5.1576E-03
-7.2740E-04
4.5678E-03
1.0163E-02
1.5388E-02
1.9969E-02
2.4212E-02
2.7751E-02
2.9346E-02
3.0098E-02
3.0838E-02
3.0703E-02
2.9539E-02
2.7400E-02
2.4967E-02
2.2464E-02
1.9849E-02
1.7278E-02
1.5148E-02
1.3297E-02
1.1619E-02
1.0456E-02
9.8663E-03
1.0384E-02
1.1630E-02
1.3068E-02
1.4316E-02
1.5334E-02
1.6386E-02
1.7377E-02
1.8355E-02
1.9445E-02
2.0717E-02
2.2184E-02
2.4150E-02
2.7022E-02
3.0408E-02
3.3978E-02
3.8070E-02
4.2237E-02
4.5914E-02
4.8942E-02
5.1149E-02
5.2018E-02
5.1788E-02
5.0471E-02
4.8496E-02
4.5895E-02
4.2472E-02
3.8821E-02
3.5654E-02
3.2991E-02
3.0916E-02
2.9995E-02
2.9818E-02
3.0201E-02
3.1310E-02
3.2977E-02
3.5626E-02
3.9182E-02
4.3825E-02
4.8906E-02
5.3910E-02
5.8212E-02
6.1683E-02
6.3358E-02
6.3150E-02
6.0964E-02
5.6505E-02
5.0395E-02
4.2789E-02
3.4614E-02
2.6383E-02
1.7923E-02
9.9711E-03
3.3830E-03
-8.3473E-04
-3.0176E-03
-3.2440E-03
-2.4067E-03
-1.0352E-03
6.9433E-04
2.2598E-03
2.7534E-03
2.1841E-03
9.5294E-04
-2.9189E-04
-1.0679E-03
-1.1893E-03
-5.2349E-04
8.0002E-04
2.3718E-03
3.8097E-03
5.0800E-03
5.9868E-03
6.3543E-03
5.6398E-03
4.1940E-03
1.9354E-03
-7.1287E-04
-3.2775E-03
-5.0687E-03
-6.0471E-03
-6.0829E-03
-5.0820E-03
-3.2202E-03
-1.5983E-03
-8.4000E-04
-1.2924E-03
-3.1260E-03
-6.3482E-03
-1.0628E-02
-1.5290E-02
-2.0009E-02
-2.3653E-02
-2.5669E-02
-2.5218E-02
-2.3470E-02
-2.1085E-02
-1.8516E-02
-1.6258E-02
-1.4659E-02
-1.4036E-02
-1.4633E-02
-1.6043E-02
-1.7703E-02
-1.9622E-02
-2.1493E-02
-2.3162E-02
-2.4401E-02
-2.5248E-02
-2.5360E-02
-2.4805E-02
-2.3233E-02
-2.1099E-02
-1.8885E-02
-1.6710E-02
-1.4214E-02
-1.0689E-02
-6.1200E-03
-9.2483E-04
4.6866E-03
1.0522E-02
1.6065E-02
1.9914E-02
2.1151E-02
2.0049E-02
1.6995E-02
1.1649E-02
5.6671E-03
1.8464E-04
-4.7168E-03
-8.9914E-03
-1.2141E-02
-1.3750E-02
-1.4248E-02
-1.4178E-02
-1.3606E-02
-1.2244E-02
-1.0616E-02
-9.0355E-03
-7.4566E-03
-6.2536E-03
-6.0600E-03
-6.9957E-03
-9.0991E-03
-1.2390E-02
-1.6491E-02
-2.1354E-02
-2.5890E-02
-2.8961E-02
-3.0673E-02
-3.1178E-02
-2.9321E-02
-2.5888E-02
-2.1170E-02
-1.6125E-02
-1.1448E-02
-7.1261E-03
-3.2414E-03
1.0401E-04
2.9238E-03
5.3198E-03
7.4346E-03
9.4128E-03
1.1047E-02
1.2112E-02
1.2338E-02
1.1566E-02
9.9535E-03
7.6774E-03
5.2946E-03
3.2616E-03
2.2505E-03
2.3772E-03
4.2934E-03
6.7213E-03
8.3754E-03
9.0077E-03
8.5792E-03
6.4138E-03
2.9737E-03
-1.2487E-03
-6.8624E-03
-1.3305E-02
-2.0119E-02
-2.6328E-02
-3.1823E-02
-3.6639E-02
-4.0865E-02
-4.4475E-02
-4.7895E-02
-5.0966E-02
-5.2751E-02
-5.3375E-02
-5.2707E-02
-4.9406E-02
-4.4227E-02
-3.7343E-02
-2.9935E-02
-2.3115E-02
-1.7414E-02
-1.3382E-02
-1.1149E-02
-1.0579E-02
-1.2025E-02
-1.4825E-02
-1.8591E-02
-2.2874E-02
-2.6750E-02
-2.9536E-02
-3.1696E-02
-3.3576E-02
-3.4578E-02
-3.4929E-02
-3.4773E-02
-3.4010E-02
-3.2814E-02
-3.1596E-02
-3.0413E-02
-2.9289E-02
-2.8624E-02
-2.8533E-02
-2.8999E-02
-2.9821E-02
-3.0731E-02
-3.1472E-02
-3.2056E-02
-3.2926E-02
-3.4144E-02
-3.5699E-02
-3.7379E-02
-3.9032E-02
-4.0539E-02
-4.1770E-02
-4.2495E-02
-4.2707E-02
-4.2362E-02
-4.0888E-02
-3.8758E-02
-3.6296E-02
-3.3776E-02
-3.1443E-02
-2.9311E-02
-2.7493E-02
-2.6170E-02
-2.5652E-02
-2.6039E-02
-2.7832E-02
-3.0252E-02
-3.2266E-02
-3.3549E-02
-3.4005E-02
-3.3147E-02
-3.1595E-02
-2.9768E-02
-2.7975E-02
-2.6748E-02
-2.6327E-02
-2.5753E-02
-2.5011E-02
-2.6421E-02
-2.8553E-02
-3.0008E-02
-3.0835E-02
-3.1299E-02
-3.1692E-02
-3.2061E-02
-3.2358E-02
-3.1769E-02
-3.0518E-02
-2.8425E-02
-2.5638E-02
-2.2611E-02
-1.9983E-02
-1.7633E-02
-1.5405E-02
-1.3176E-02
-1.0642E-02
-7.1849E-03
-3.1541E-03
9.0601E-04
5.0529E-03
9.2701E-03
1.3134E-02
1.6534E-02
1.9197E-02
2.1430E-02
2.3653E-02
2.6243E-02
2.9360E-02
3.2802E-02
3.6148E-02
3.8951E-02
4.1338E-02
4.3207E-02
4.3811E-02
4.3395E-02
4.2362E-02
4.0758E-02
3.8743E-02
3.6370E-02
3.4111E-02
3.2554E-02
3.1859E-02
3.1743E-02
3.1996E-02
3.2239E-02
3.2178E-02
3.1370E-02
2.9465E-02
2.5608E-02
2.0541E-02
1.4676E-02
7.7355E-03
6.3075E-04
-5.6030E-03
-1.0652E-02
-1.4430E-02
-1.6109E-02
-1.6849E-02
-1.7248E-02
-1.6886E-02
-1.5909E-02
-1.4507E-02
-1.2680E-02
-1.0091E-02
-7.2924E-03
-4.7272E-03
-2.4940E-03
-6.8168E-04
4.1870E-04
3.1378E-04
-8.7986E-04
-3.3314E-03
-6.7448E-03
-1.0887E-02
-1.4578E-02
-1.6934E-02
-1.6905E-02
-1.5509E-02
-1.3413E-02
-1.1100E-02
-9.2753E-03
-8.4990E-03
-8.7209E-03
-9.5405E-03
-1.0758E-02
-1.1981E-02
-1.3021E-02
-1.3512E-02
-1.2787E-02
-1.0329E-02
-6.7927E-03
-2.8685E-03
1.2454E-03
5.8828E-03
1.0078E-02
1.3055E-02
1.4378E-02
1.4612E-02
1.3541E-02
1.1839E-02
1.0065E-02
8.4725E-03
7.1432E-03
6.1565E-03
5.4729E-03
4.8899E-03
3.9054E-03
2.2924E-03
-2.2280E-04
-3.3089E-03
-6.4413E-03
-9.0910E-03
-1.1422E-02
-1.3603E-02
-1.5537E-02
-1.7306E-02
-1.9092E-02
-2.1226E-02
-2.3805E-02
-2.6573E-02
-2.9355E-02
-3.2289E-02
-3.5308E-02
-3.8175E-02
-4.0355E-02
-4.2048E-02
-4.3381E-02
-4.4499E-02
-4.5409E-02
-4.5716E-02
-4.5596E-02
-4.5309E-02
-4.5004E-02
-4.4480E-02
-4.3128E-02
-4.1365E-02
-3.9748E-02
-3.7787E-02
-3.5209E-02
-3.2486E-02
-2.9788E-02
-2.7069E-02
-2.4837E-02
-2.3438E-02
-2.2566E-02
-2.1845E-02
-2.1150E-02
-2.0745E-02
-2.0767E-02
-2.0702E-02
-2.0501E-02
-2.0660E-02
-2.1219E-02
-2.2154E-02
-2.3235E-02
-2.4339E-02
-2.5769E-02
-2.7446E-02
-2.9433E-02
-3.1906E-02
-3.4671E-02
-3.7574E-02
-4.0811E-02
-4.4265E-02
-4.7080E-02
-4.8890E-02
-4.9487E-02
-4.8912E-02
-4.7388E-02
-4.4496E-02
-4.1084E-02
-3.7944E-02
-3.4957E-02
-3.2216E-02
-3.0804E-02
-3.0542E-02
-3.1693E-02
-3.4053E-02
-3.7349E-02
-4.0887E-02
-4.3386E-02
-4.4464E-02
-4.4187E-02
-4.2118E-02
-3.7437E-02
-3.1828E-02
-2.6080E-02
-1.9380E-02
-1.2775E-02
-7.4437E-03
-2.9562E-03
9.4272E-04
3.6906E-03
5.2957E-03
5.7330E-03
5.4655E-03
4.7823E-03
4.2072E-03
3.8676E-03
3.6009E-03
3.6058E-03
4.0912E-03
4.9020E-03
5.9299E-03
7.1089E-03
8.2510E-03
9.0698E-03
9.4010E-03
9.4406E-03
9.8336E-03
1.0277E-02
1.0428E-02
1.0266E-02
9.4806E-03
6.9985E-03
3.7891E-03
7.8047E-04
-1.8583E-03
-4.0840E-03
-5.5560E-03
-5.5935E-03
-4.0210E-03
-1.9126E-03
2.1205E-04
2.7518E-03
5.3121E-03
7.6556E-03
9.9230E-03
1.2184E-02
1.4238E-02
1.6125E-02
1.7775E-02
1.9189E-02
2.0440E-02
2.1602E-02
2.2594E-02
2.3043E-02
2.2485E-02
2.0815E-02
1.7849E-02
1.4468E-02
1.1261E-02
8.2271E-03
5.5497E-03
3.5252E-03
1.7494E-03
-2.5510E-04
-2.5136E-03
-5.0271E-03
-7.7649E-03
-1.0947E-02
-1.4665E-02
-1.8814E-02
-2.2737E-02
-2.5925E-02
-2.8386E-02
-3.0173E-02
-3.0253E-02
-2.9019E-02
-2.6396E-02
-2.3353E-02
-2.0658E-02
-1.8483E-02
-1.6540E-02
-1.4432E-02
-1.2107E-02
-9.1665E-03
-4.4829E-03
1.1276E-03
6.2584E-03
1.0757E-02
1.4585E-02
1.7519E-02
1.9277E-02
1.8935E-02
1.7107E-02
1.4556E-02
1.2132E-02
1.0228E-02
9.0712E-03
8.8104E-03
9.3488E-03
1.0656E-02
1.2338E-02
1.4761E-02
1.7738E-02
2.1156E-02
2.4492E-02
2.7154E-02
2.8498E-02
2.9056E-02
2.9102E-02
2.8454E-02
2.7410E-02
2.6262E-02
2.5258E-02
2.4471E-02
2.3823E-02
2.3536E-02
2.4013E-02
2.4944E-02
2.6112E-02
2.7538E-02
2.8820E-02
2.9438E-02
2.9088E-02
2.7403E-02
2.3731E-02
1.8153E-02
1.0187E-02
9.5637E-04
-7.5877E-03
-1.3697E-02
-1.7299E-02
-1.8038E-02
-1.4975E-02
-9.6847E-03
-3.2367E-03
3.5848E-03
1.0242E-02
1.5812E-02
2.0065E-02
2.2974E-02
2.4753E-02
2.5333E-02
2.5083E-02
2.4589E-02
2.4292E-02
2.4229E-02
2.4250E-02
2.4305E-02
2.4410E-02
2.4967E-02
2.5900E-02
2.7304E-02
2.9142E-02
3.1364E-02
3.4244E-02
3.7560E-02
4.1081E-02
4.4721E-02
4.8215E-02
5.0870E-02
5.2581E-02
5.3835E-02
5.5066E-02
5.6442E-02
5.7574E-02
5.8288E-02
5.8485E-02
5.8460E-02
5.8187E-02
5.7225E-02
5.5588E-02
5.3460E-02
5.1037E-02
4.8299E-02
4.5184E-02
4.1894E-02
3.8442E-02
3.4573E-02
3.0337E-02
2.6224E-02
2.1967E-02
1.7138E-02
1.3083E-02
1.0525E-02
9.6772E-03
9.5981E-03
9.7880E-03
1.0698E-02
1.2133E-02
1.3551E-02
1.4695E-02
1.5706E-02
1.6725E-02
1.7708E-02
1.8304E-02
1.8947E-02
1.9711E-02
1.9903E-02
1.9551E-02
1.9461E-02
1.9486E-02
1.9380E-02
1.9272E-02
1.9268E-02
1.9395E-02
1.9565E-02
1.9729E-02
1.9951E-02
2.0157E-02
2.0289E-02
2.0603E-02
2.1199E-02
2.1601E-02
2.1785E-02
2.2061E-02
2.2193E-02
2.1877E-02
2.1190E-02
2.0290E-02
1.9410E-02
1.8967E-02
1.9113E-02
1.9192E-02
1.9039E-02
1.8701E-02
1.8002E-02
1.6538E-02
1.3742E-02
1.0063E-02
5.8791E-03
1.2567E-03
-3.3505E-03
-7.3392E-03
-1.1421E-02
-1.6023E-02
-2.0006E-02
-2.3282E-02
-2.5840E-02
-2.7832E-02
-2.9104E-02
-2.9161E-02
-2.8480E-02
-2.7580E-02
-2.6744E-02
-2.6300E-02
-2.6579E-02
-2.7310E-02
-2.8240E-02
-2.9652E-02
-3.1358E-02
-3.2783E-02
-3.3977E-02
-3.5228E-02
-3.6506E-02
-3.7669E-02
-3.8315E-02
-3.8896E-02
-3.9504E-02
-3.9481E-02
-3.8872E-02
-3.7886E-02
-3.6592E-02
-3.5114E-02
-3.3250E-02
-3.0896E-02
-2.7339E-02
-2.3450E-02
-1.9814E-02
-1.6194E-02
-1.2795E-02
-1.0889E-02
-1.0798E-02
-1.2387E-02
-1.4858E-02
-1.7654E-02
-2.1231E-02
-2.5012E-02
-2.8180E-02
-2.9972E-02
-3.0925E-02
-3.1745E-02
-3.2151E-02
-3.2040E-02
-3.1345E-02
-3.0525E-02
-2.9782E-02
-2.9067E-02
-2.8510E-02
-2.8620E-02
-2.9022E-02
-2.9457E-02
-3.0059E-02
-3.0786E-02
-3.1401E-02
-3.1911E-02
-3.2156E-02
-3.1766E-02
-3.1074E-02
-3.0690E-02
-3.0193E-02
-2.9269E-02
-2.7898E-02
-2.6031E-02
-2.2827E-02
-1.8859E-02
-1.4735E-02
-1.0748E-02
-7.1652E-03
-4.3181E-03
-2.0405E-03
-1.2843E-04
1.5305E-03
3.1702E-03
4.9946E-03
6.9581E-03
9.1024E-03
1.1648E-02
1.4320E-02
1.6355E-02
1.7748E-02
1.8233E-02
1.7482E-02
1.5829E-02
1.3612E-02
1.1156E-02
8.3749E-03
5.2997E-03
2.4675E-03
4.5389E-04
-1.4360E-03
-3.6047E-03
-5.6261E-03
-7.5649E-03
-9.6587E-03
-1.1772E-02
-1.3808E-02
-1.5849E-02
-1.7662E-02
-1.8871E-02
-1.8904E-02
-1.7985E-02
-1.5720E-02
-1.2386E-02
-8.6373E-03
-5.3255E-03
-2.3681E-03
1.0497E-03
4.3720E-03
7.2279E-03
9.6760E-03
1.1725E-02
1.2524E-02
1.2281E-02
1.1232E-02
9.2512E-03
6.4006E-03
2.6469E-03
-9.0723E-04
-3.9327E-03
-6.9565E-03
-9.7125E-03
-1.1789E-02
-1.3125E-02
-1.4123E-02
-1.4974E-02
-1.5331E-02
-1.4855E-02
-1.3472E-02
-1.1308E-02
-8.2293E-03
-4.7242E-03
-1.1545E-03
2.4254E-03
5.6969E-03
8.3064E-03
1.0450E-02
1.2204E-02
1.3218E-02
1.3661E-02
1.3631E-02
1.3387E-02
1.3050E-02
1.2558E-02
1.2017E-02
1.1558E-02
1.1269E-02
1.1160E-02
1.1206E-02
1.1273E-02
1.1190E-02
1.0785E-02
1.0200E-02
9.6951E-03
9.3475E-03
9.1365E-03
8.7786E-03
8.1290E-03
7.2029E-03
6.2488E-03
5.1320E-03
3.0161E-03
3.0528E-04
-2.4423E-03
-4.7745E-03
-6.4863E-03
-7.5309E-03
-8.1521E-03
-8.4302E-03
-7.7999E-03
-6.1985E-03
-3.4331E-03
-9.8747E-05
3.4315E-03
7.3460E-03
1.1410E-02
1.5030E-02
1.7576E-02
1.9163E-02
2.0258E-02
2.1069E-02
2.1622E-02
2.2149E-02
2.2733E-02
2.3239E-02
2.3789E-02
2.4404E-02
2.4695E-02
2.4759E-02
2.5180E-02
2.5534E-02
2.5505E-02
2.5587E-02
2.5861E-02
2.6286E-02
2.6830E-02
2.7194E-02
2.6646E-02
2.5485E-02
2.4207E-02
2.2615E-02
2.0666E-02
1.8813E-02
1.7862E-02
1.8228E-02
1.8203E-02
1.7461E-02
1.7607E-02
1.7855E-02
1.7453E-02
1.6828E-02
1.6280E-02
1.5877E-02
1.5771E-02
1.6083E-02
1.6865E-02
1.8018E-02
1.9592E-02
2.1294E-02
2.2947E-02
2.4598E-02
2.6317E-02
2.8031E-02
2.9350E-02
3.0175E-02
3.0992E-02
3.1589E-02
3.1373E-02
3.0897E-02
3.0674E-02
3.0911E-02
3.1377E-02
3.1682E-02
3.1850E-02
3.1858E-02
3.1502E-02
3.0702E-02
2.9513E-02
2.8104E-02
2.6640E-02
2.5080E-02
2.3556E-02
2.2119E-02
2.0844E-02
1.9613E-02
1.8241E-02
1.6424E-02
1.4266E-02
1.1888E-02
9.0336E-03
5.3471E-03
1.1515E-03
-2.8266E-03
-5.8826E-03
-8.4448E-03
-1.0783E-02
-1.2785E-02
-1.4459E-02
-1.5669E-02
-1.6263E-02
-1.6199E-02
-1.5334E-02
-1.4368E-02
-1.3676E-02
-1.2886E-02
-1.1961E-02
-1.1336E-02
-1.1239E-02
-1.1808E-02
-1.2998E-02
-1.4381E-02
-1.5788E-02
-1.7508E-02
-1.9447E-02
-2.0564E-02
-2.0825E-02
-2.0564E-02
-1.9825E-02
-1.8625E-02
-1.6707E-02
-1.4791E-02
-1.3505E-02
-1.2723E-02
-1.2374E-02
-1.2988E-02
-1.4100E-02
-1.5360E-02
-1.6331E-02
-1.6547E-02
-1.5414E-02
-1.3731E-02
-1.2082E-02
-1.0046E-02
-7.7034E-03
-5.2910E-03
-3.4393E-03
-2.6011E-03
-2.6743E-03
-3.0734E-03
-3.3871E-03
-3.6566E-03
-3.9026E-03
-3.9122E-03
-3.7858E-03
-3.7308E-03
-3.7613E-03
-3.9393E-03
-4.4371E-03
-5.0696E-03
-5.6385E-03
-6.3602E-03
-7.3986E-03
-8.6492E-03
-9.9901E-03
-1.1268E-02
-1.2049E-02
-1.2111E-02
-1.1726E-02
-1.0848E-02
-8.9663E-03
-6.4071E-03
-3.4980E-03
-5.5012E-04
2.2700E-03
4.6674E-03
6.2378E-03
6.9598E-03
7.4686E-03
8.0426E-03
8.1411E-03
7.7140E-03
6.9916E-03
6.8990E-03
7.4546E-03
8.5552E-03
9.9571E-03
1.1598E-02
1.3756E-02
1.6179E-02
1.8113E-02
1.9482E-02
2.0464E-02
2.1176E-02
2.1748E-02
2.2023E-02
2.2052E-02
2.1872E-02
2.1794E-02
2.1966E-02
2.2447E-02
2.2872E-02
2.2854E-02
2.2343E-02
2.1207E-02
1.8767E-02
1.5457E-02
1.1646E-02
7.4886E-03
3.5761E-03
4.3124E-04
-2.0258E-03
-3.7501E-03
-4.2550E-03
-3.9592E-03
-3.0533E-03
-1.6415E-03
3.7444E-05
1.0518E-03
1.2295E-03
6.5770E-04
-5.5109E-04
-2.4739E-03
-5.4297E-03
-9.0925E-03
-1.3319E-02
-1.7692E-02
-2.1604E-02
-2.4126E-02
-2.5810E-02
-2.7039E-02
-2.7014E-02
-2.5751E-02
-2.3311E-02
-2.0045E-02
-1.5602E-02
-1.0501E-02
-5.3151E-03
-5.1284E-04
3.5024E-03
6.3467E-03
8.6303E-03
1.0880E-02
1.3190E-02
1.5629E-02
1.8130E-02
2.0533E-02
2.2547E-02
2.3887E-02
2.4441E-02
2.3998E-02
2.2768E-02
2.1340E-02
2.0698E-02
2.0613E-02
2.0082E-02
1.9558E-02
1.9427E-02
1.9848E-02
2.0639E-02
2.1693E-02
2.2749E-02
2.3616E-02
2.3814E-02
2.3164E-02
2.1279E-02
1.8877E-02
1.6309E-02
1.3714E-02
1.1520E-02
1.0682E-02
1.0686E-02
1.1090E-02
1.1595E-02
1.1913E-02
1.1821E-02
1.0784E-02
7.9651E-03
3.5088E-03
-1.6434E-03
-6.6623E-03
-1.1387E-02
-1.5849E-02
-1.9204E-02
-2.1562E-02
-2.2125E-02
-2.0974E-02
-1.8261E-02
-1.4459E-02
-1.0249E-02
-6.2407E-03
-2.6331E-03
4.8379E-04
3.0696E-03
5.0489E-03
6.1415E-03
6.8110E-03
7.4708E-03
8.3556E-03
9.5089E-03
1.1011E-02
1.2925E-02
1.5947E-02
1.9660E-02
2.3614E-02
2.7299E-02
3.0579E-02
3.3766E-02
3.6529E-02
3.8334E-02
3.9372E-02
3.9781E-02
3.9270E-02
3.8024E-02
3.5332E-02
3.1234E-02
2.5628E-02
1.8480E-02
1.0968E-02
4.4648E-03
-5.9772E-04
-4.7723E-03
-8.5986E-03
-1.1504E-02
-1.3167E-02
-1.4854E-02
-1.6912E-02
-1.8626E-02
-2.0122E-02
-2.1503E-02
-2.2436E-02
-2.3021E-02
-2.3669E-02
-2.3992E-02
-2.3493E-02
-2.2172E-02
-2.0409E-02
-1.8665E-02
-1.6576E-02
-1.3373E-02
-9.4612E-03
-5.4250E-03
-1.7575E-03
1.3904E-03
3.5250E-03
4.6118E-03
4.7020E-03
3.6118E-03
1.7360E-03
-1.2141E-03
-4.5048E-03
-7.3174E-03
-9.6903E-03
-1.1746E-02
-1.3479E-02
-1.4704E-02
-1.4679E-02
-1.3814E-02
-1.2481E-02
-1.0868E-02
-9.3064E-03
-8.0288E-03
-6.6978E-03
-5.0026E-03
-3.7131E-03
-3.0698E-03
-2.8269E-03
-2.6669E-03
-2.3964E-03
-2.1216E-03
-1.8374E-03
-1.3840E-03
-9.8123E-04
-1.2231E-03
-1.8866E-03
-2.6981E-03
-3.8026E-03
-5.2787E-03
-7.4620E-03
-9.6268E-03
-1.1329E-02
-1.3032E-02
-1.4739E-02
-1.5756E-02
-1.5847E-02
-1.5186E-02
-1.4318E-02
-1.3128E-02
-1.0787E-02
-8.6840E-03
-7.7241E-03
-6.8797E-03
-5.8143E-03
-5.0359E-03
-4.6579E-03
-4.7495E-03
-5.1670E-03
-5.7612E-03
-6.7331E-03
-7.9618E-03
-9.4636E-03
-1.1327E-02
-1.3486E-02
-1.5401E-02
-1.6559E-02
-1.6560E-02
-1.6378E-02
-1.6387E-02
-1.5906E-02
-1.5130E-02
-1.4546E-02
-1.4280E-02
-1.4381E-02
-1.4816E-02
-1.5427E-02
-1.6204E-02
-1.7347E-02
-1.8967E-02
-2.0811E-02
-2.2536E-02
-2.3984E-02
-2.5186E-02
-2.6108E-02
-2.6284E-02
-2.5696E-02
-2.3654E-02
-2.0731E-02
-1.7590E-02
-1.4728E-02
-1.2407E-02
-1.0816E-02
-1.0112E-02
-1.0810E-02
-1.2410E-02
-1.4013E-02
-1.5010E-02
-1.5404E-02
-1.5085E-02
-1.3485E-02
-1.0690E-02
-6.5097E-03
-1.8873E-03
2.3064E-03
5.9928E-03
8.9676E-03
1.0215E-02
9.7910E-03
8.2948E-03
6.5533E-03
4.7160E-03
2.5844E-03
3.7855E-04
-9.6692E-04
-1.5221E-03
-1.6179E-03
-1.7147E-03
-1.8227E-03
-1.4886E-03
-1.1772E-03
-1.5741E-03
-2.5094E-03
-3.6412E-03
-4.7389E-03
-5.9926E-03
-7.3721E-03
-8.0660E-03
-8.0614E-03
-8.4129E-03
-9.2443E-03
-1.0486E-02
-1.1550E-02
-1.2150E-02
-1.2186E-02
-1.1719E-02
-1.0831E-02
-9.8852E-03
-9.0920E-03
-8.4487E-03
-7.9987E-03
-7.8158E-03
-7.8052E-03
-7.8599E-03
-7.8554E-03
-7.6635E-03
-7.0000E-03
-5.9779E-03
-4.6623E-03
-2.8769E-03
-8.7114E-04
6.3559E-04
1.4147E-03
1.4688E-03
8.7041E-04
-6.1648E-05
-1.1172E-03
-2.3060E-03
-3.9277E-03
-5.7168E-03
-7.3360E-03
-8.2647E-03
-8.7486E-03
-8.8919E-03
-8.7203E-03
-8.3623E-03
-7.8986E-03
-7.6242E-03
-7.8721E-03
-8.5563E-03
-9.5320E-03
-1.0970E-02
-1.2708E-02
-1.4613E-02
-1.6609E-02
-1.8448E-02
-1.9752E-02
-2.0559E-02
-2.0940E-02
-2.1032E-02
-2.0975E-02
-2.0472E-02
-1.9398E-02
-1.7731E-02
-1.5731E-02
-1.3652E-02
-1.1557E-02
-9.6793E-03
-8.5707E-03
-8.5691E-03
-9.3363E-03
-1.0375E-02
-1.1589E-02
-1.3124E-02
-1.4417E-02
-1.5150E-02
-1.5151E-02
-1.4684E-02
-1.3598E-02
-1.1685E-02
-9.3200E-03
-7.2929E-03
-5.9904E-03
-5.5129E-03
-5.4664E-03
-5.6750E-03
-6.6091E-03
-7.9576E-03
-9.4540E-03
-1.0837E-02
-1.1835E-02
-1.1904E-02
-1.1286E-02
-1.0095E-02
-8.7556E-03
-7.5616E-03
-6.5551E-03
-5.8574E-03
-5.7820E-03
-6.1086E-03
-6.6552E-03
-7.4413E-03
-8.3702E-03
-9.2345E-03
-9.8706E-03
-1.0174E-02
-1.0506E-02
-1.1117E-02
-1.2025E-02
-1.3023E-02
-1.3991E-02
-1.5052E-02
-1.6051E-02
-1.6494E-02
-1.6472E-02
-1.6110E-02
-1.5667E-02
-1.5344E-02
-1.5038E-02
-1.4874E-02
-1.4879E-02
-1.4925E-02
-1.5068E-02
-1.6127E-02
-1.8138E-02
-2.0621E-02
-2.2251E-02
-2.2959E-02
-2.3950E-02
-2.5047E-02
-2.5565E-02
-2.5615E-02
-2.5310E-02
-2.4162E-02
-2.2404E-02
-2.0382E-02
-1.8245E-02
-1.5998E-02
-1.3704E-02
-1.1699E-02
-1.0734E-02
-1.0260E-02
-9.6306E-03
-8.7607E-03
-7.6506E-03
-6.5715E-03
-5.4619E-03
-4.2066E-03
-2.6084E-03
-7.3915E-04
1.3592E-03
3.6039E-03
6.1518E-03
8.9049E-03
1.1649E-02
1.3887E-02
1.5682E-02
1.7077E-02
1.8129E-02
1.8821E-02
1.9032E-02
1.8987E-02
1.8724E-02
1.8187E-02
1.7339E-02
1.6393E-02
1.5557E-02
1.4949E-02
1.4251E-02
1.3173E-02
1.1704E-02
9.8109E-03
7.2819E-03
4.2515E-03
8.2838E-04
-2.7821E-03
-5.8582E-03
-7.6307E-03
-8.4055E-03
-8.4424E-03
-7.5483E-03
-6.0793E-03
-3.8850E-03
-1.4529E-03
9.6958E-04
3.3495E-03
5.5066E-03
6.7440E-03
7.1817E-03
6.7433E-03
5.8643E-03
4.9131E-03
3.8293E-03
2.8878E-03
2.2973E-03
1.8351E-03
1.4213E-03
1.4835E-03
1.9642E-03
2.9239E-03
4.1667E-03
5.4588E-03
6.7660E-03
8.1023E-03
9.6613E-03
1.1536E-02
1.3705E-02
1.5739E-02
1.7600E-02
1.9502E-02
2.1530E-02
2.3518E-02
2.4910E-02
2.5680E-02
2.6114E-02
2.6025E-02
2.5321E-02
2.4413E-02
2.3399E-02
2.1854E-02
2.0289E-02
1.9169E-02
1.8566E-02
1.8298E-02
1.8121E-02
1.8001E-02
1.7912E-02
1.7456E-02
1.6531E-02
1.5286E-02
1.4237E-02
1.3644E-02
1.3420E-02
1.3571E-02
1.4528E-02
1.6103E-02
1.8225E-02
2.0452E-02
2.2589E-02
2.4938E-02
2.7203E-02
2.8856E-02
2.9903E-02
3.0507E-02
3.0956E-02
3.1320E-02
3.1406E-02
3.1468E-02
3.1696E-02
3.2115E-02
3.2558E-02
3.2809E-02
3.2957E-02
3.3148E-02
3.3400E-02
3.3580E-02
3.3441E-02
3.3361E-02
3.3582E-02
3.3809E-02
3.3923E-02
3.3944E-02
3.3839E-02
3.3581E-02
3.3230E-02
3.2790E-02
3.2109E-02
3.1189E-02
2.9943E-02
2.8154E-02
2.5983E-02
2.3940E-02
2.2180E-02
2.0713E-02
1.9561E-02
1.8530E-02
1.7431E-02
1.6186E-02
1.4834E-02
1.3417E-02
1.1805E-02
9.4246E-03
6.5339E-03
3.2920E-03
-5.6312E-04
-4.7581E-03
-8.7439E-03
-1.1831E-02
-1.3995E-02
-1.5570E-02
-1.6755E-02
-1.7365E-02
-1.6990E-02
-1.5755E-02
-1.3804E-02
-1.1352E-02
-8.4512E-03
-5.5490E-03
-3.0482E-03
-1.1595E-03
3.4191E-04
1.5282E-03
2.3769E-03
2.8744E-03
3.1181E-03
3.3322E-03
3.8746E-03
4.7982E-03
6.0170E-03
7.3792E-03
8.7738E-03
1.0233E-02
1.1668E-02
1.3100E-02
1.4660E-02
1.6224E-02
1.7379E-02
1.8409E-02
1.9719E-02
2.0777E-02
2.1048E-02
2.0374E-02
1.9008E-02
1.7107E-02
1.5091E-02
1.3211E-02
1.1377E-02
9.8366E-03
9.0539E-03
9.0608E-03
9.8033E-03
1.1083E-02
1.2541E-02
1.4056E-02
1.5299E-02
1.6003E-02
1.6049E-02
1.5843E-02
1.5469E-02
1.4430E-02
1.2538E-02
1.0661E-02
9.0022E-03
7.3321E-03
5.9395E-03
5.2881E-03
5.7690E-03
6.8972E-03
8.1652E-03
9.4047E-03
1.0513E-02
1.1502E-02
1.2291E-02
1.2722E-02
1.2755E-02
1.2266E-02
1.0836E-02
8.6553E-03
6.1942E-03
3.7883E-03
1.6902E-03
4.9030E-04
-8.9973E-05
-3.0428E-04
-3.3807E-04
-2.9003E-04
-2.3464E-04
-2.5473E-04
-3.8725E-04
-4.3707E-04
-3.4582E-04
-2.7750E-04
-1.2563E-04
5.9627E-04
1.5228E-03
2.3314E-03
3.0525E-03
3.6481E-03
3.8733E-03
3.7104E-03
2.8704E-03
1.3562E-03
-3.2338E-04
-1.3967E-03
-2.1599E-03
-3.0178E-03
-3.7977E-03
-4.5467E-03
-5.4475E-03
-6.5049E-03
-7.6807E-03
-8.9607E-03
-1.0149E-02
-1.0918E-02
-1.1293E-02
-1.1364E-02
-1.1315E-02
-1.1199E-02
-1.0508E-02
-9.5051E-03
-8.3320E-03
-7.1456E-03
-6.1252E-03
-5.5807E-03
-5.3786E-03
-5.5890E-03
-6.3486E-03
-7.4767E-03
-8.7696E-03
-1.0144E-02
-1.1598E-02
-1.2749E-02
-1.3380E-02
-1.3372E-02
-1.3156E-02
-1.2974E-02
-1.2569E-02
-1.2033E-02
-1.1734E-02
-1.1614E-02
-1.1508E-02
-1.1450E-02
-1.1437E-02
-1.1642E-02
-1.2066E-02
-1.2826E-02
-1.3692E-02
-1.4462E-02
-1.5013E-02
-1.5476E-02
-1.5922E-02
-1.6218E-02
-1.6327E-02
-1.6238E-02
-1.6066E-02
-1.5896E-02
-1.5789E-02
-1.5797E-02
-1.5878E-02
-1.5833E-02
-1.5442E-02
-1.4888E-02
-1.4152E-02
-1.2837E-02
-1.1257E-02
-9.7631E-03
-8.4063E-03
-7.2341E-03
-6.2658E-03
-5.5107E-03
-5.0007E-03
-4.8894E-03
-5.1070E-03
-5.7772E-03
-6.9319E-03
-8.5014E-03
-9.6067E-03
-1.0043E-02
-1.0234E-02
-1.0248E-02
-9.8567E-03
-9.0558E-03
-8.1332E-03
-7.4735E-03
-6.9098E-03
-6.2117E-03
-5.8558E-03
-5.9019E-03
-6.0404E-03
-6.3736E-03
-7.2288E-03
-8.3713E-03
-9.5034E-03
-1.0470E-02
-1.1222E-02
-1.1592E-02
-1.1196E-02
-1.0173E-02
-8.8241E-03
-7.2705E-03
-5.4194E-03
-3.5849E-03
-2.1105E-03
-1.4325E-03
-1.5966E-03
-2.6634E-03
-4.1141E-03
-5.6678E-03
-7.4946E-03
-9.2378E-03
-1.0348E-02
-1.0635E-02
-1.0166E-02
-8.6894E-03
-6.6728E-03
-4.5361E-03
-2.0754E-03
8.6238E-04
3.8770E-03
6.5871E-03
8.9059E-03
1.1350E-02
1.4106E-02
1.6494E-02
1.8556E-02
2.0573E-02
2.2400E-02
2.3763E-02
2.4380E-02
2.4313E-02
2.3759E-02
2.2956E-02
2.1966E-02
2.0749E-02
1.9431E-02
1.8116E-02
1.6866E-02
1.5601E-02
1.4113E-02
1.2515E-02
1.0987E-02
9.3612E-03
7.6947E-03
6.3225E-03
5.1661E-03
3.8814E-03
2.3118E-03
5.3338E-04
-1.1620E-03
-2.8153E-03
-4.3716E-03
-5.6359E-03
-6.7369E-03
-7.9769E-03
-8.8063E-03
-8.9566E-03
-9.1628E-03
-9.6211E-03
-9.7875E-03
-9.6564E-03
-9.3526E-03
-9.0594E-03
-8.8386E-03
-8.7162E-03
-8.6102E-03
-8.4442E-03
-8.2126E-03
-7.9910E-03
-7.9273E-03
-7.9812E-03
-8.0329E-03
-8.0067E-03
-7.9765E-03
-8.0435E-03
-7.7867E-03
-6.9892E-03
-5.9898E-03
-4.9901E-03
-3.8222E-03
-2.5472E-03
-1.3481E-03
-6.7739E-04
-4.2928E-04
-5.5811E-04
-9.1630E-04
-1.2974E-03
-1.4280E-03
-1.3492E-03
-1.2120E-03
-9.6421E-04
-5.8273E-04
-1.0794E-04
5.0282E-04
1.4011E-03
2.4847E-03
3.6798E-03
4.9406E-03
6.0541E-03
6.6992E-03
6.7298E-03
6.2006E-03
5.2707E-03
3.7153E-03
1.1537E-03
-1.0120E-03
-2.2657E-03
-3.0355E-03
-3.4166E-03
-3.1982E-03
-2.5322E-03
-1.7511E-03
-1.0809E-03
-5.0435E-04
-1.3180E-04
-5.3982E-04
-1.5918E-03
-2.5168E-03
-3.2264E-03
-3.8696E-03
-4.5431E-03
-5.2269E-03
-5.6825E-03
-5.9373E-03
-5.9758E-03
-5.6386E-03
-4.9549E-03
-3.8130E-03
-1.9729E-03
6.6390E-04
3.4840E-03
6.0702E-03
8.2858E-03
1.0247E-02
1.1643E-02
1.1751E-02
1.0798E-02
9.6070E-03
8.5931E-03
7.6039E-03
6.2799E-03
4.6742E-03
3.4247E-03
2.7829E-03
2.8962E-03
3.8155E-03
5.3676E-03
7.3434E-03
9.4882E-03
1.1791E-02
1.4347E-02
1.6868E-02
1.8643E-02
1.9893E-02
2.0765E-02
2.0952E-02
2.0286E-02
1.8170E-02
1.5476E-02
1.2893E-02
1.0559E-02
8.4392E-03
6.7375E-03
5.7933E-03
5.7079E-03
6.1495E-03
6.8147E-03
7.8534E-03
9.1630E-03
1.0594E-02
1.1689E-02
1.2384E-02
1.2744E-02
1.2950E-02
1.2951E-02
1.2427E-02
1.1618E-02
1.0725E-02
9.3554E-03
7.2911E-03
4.9804E-03
2.7716E-03
6.9007E-04
-1.2040E-03
-2.7272E-03
-3.3457E-03
-3.7226E-03
-4.2746E-03
-4.7428E-03
-5.3038E-03
-6.5575E-03
-7.9846E-03
-9.2011E-03
-1.0664E-02
-1.2259E-02
-1.3442E-02
-1.4080E-02
-1.4219E-02
-1.4011E-02
-1.3650E-02
-1.3030E-02
-1.2130E-02
-1.1087E-02
-1.0500E-02
-1.0357E-02
-1.0442E-02
-1.0682E-02
-1.1055E-02
-1.1604E-02
-1.2260E-02
-1.2862E-02
-1.2948E-02
-1.2521E-02
-1.1806E-02
-1.0782E-02
-9.2617E-03
-7.5619E-03
-5.8771E-03
-4.1742E-03
-2.7032E-03
-1.8910E-03
-1.6791E-03
-1.9689E-03
-2.5778E-03
-3.2333E-03
-3.8623E-03
-4.4383E-03
-4.9176E-03
-4.9407E-03
-4.4221E-03
-3.3241E-03
-1.9616E-03
-3.8093E-04
1.8891E-03
4.4194E-03
6.5997E-03
8.6174E-03
1.0613E-02
1.2379E-02
1.3948E-02
1.5329E-02
1.6561E-02
1.7646E-02
1.8544E-02
1.9220E-02
1.9325E-02
1.8777E-02
1.7377E-02
1.4591E-02
1.0804E-02
6.2920E-03
1.6371E-03
-2.5781E-03
-5.5678E-03
-7.6680E-03
-8.9766E-03
-9.4442E-03
-9.2293E-03
-8.0403E-03
-6.6881E-03
-5.6790E-03
-4.6823E-03
-3.5843E-03
-2.7563E-03
-2.0970E-03
-1.3974E-03
-4.0824E-04
7.7155E-04
1.7096E-03
2.3822E-03
2.9458E-03
3.4167E-03
3.7320E-03
3.5554E-03
3.0312E-03
2.3551E-03
1.6817E-03
1.2098E-03
1.2359E-03
1.4326E-03
1.6249E-03
2.2942E-03
3.4935E-03
5.1220E-03
7.1407E-03
9.6345E-03
1.1947E-02
1.3723E-02
1.5018E-02
1.5886E-02
1.6309E-02
1.6252E-02
1.5872E-02
1.4987E-02
1.3605E-02
1.1685E-02
9.9095E-03
8.6645E-03
8.1861E-03
8.2008E-03
8.7757E-03
9.9847E-03
1.1552E-02
1.3093E-02
1.4287E-02
1.4716E-02
1.4309E-02
1.3391E-02
1.2131E-02
1.0520E-02
8.2331E-03
5.5900E-03
2.7904E-03
-3.3325E-04
-3.5179E-03
-6.4229E-03
-8.8468E-03
-1.1091E-02
-1.3611E-02
-1.6088E-02
-1.8255E-02
-2.0290E-02
-2.2367E-02
-2.4366E-02
-2.5875E-02
-2.7021E-02
-2.8412E-02
-2.9760E-02
-3.0451E-02
-3.0745E-02
-3.0929E-02
-3.0863E-02
-3.0521E-02
-2.9911E-02
-2.9356E-02
-2.8941E-02
-2.8450E-02
-2.7753E-02
-2.6730E-02
-2.5371E-02
-2.3677E-02
-2.1449E-02
-1.9053E-02
-1.6909E-02
-1.4901E-02
-1.2990E-02
-1.1505E-02
-1.0398E-02
-9.8377E-03
-9.7613E-03
-9.9693E-03
-1.0073E-02
-1.0025E-02
-9.9521E-03
-9.6166E-03
-8.9552E-03
-8.2411E-03
-7.5122E-03
-6.4349E-03
-5.2078E-03
-4.0282E-03
-2.9991E-03
-2.2116E-03
-1.8546E-03
-1.8330E-03
-2.1371E-03
-2.9762E-03
-4.1694E-03
-5.3152E-03
-6.3145E-03
-7.1057E-03
-7.2545E-03
-6.8770E-03
-5.8280E-03
-4.2988E-03
-2.5276E-03
-8.6433E-04
4.5068E-04
1.2859E-03
1.8185E-03
2.0959E-03
2.1290E-03
2.1998E-03
2.6536E-03
3.2746E-03
3.6677E-03
3.8420E-03
3.8693E-03
3.9969E-03
4.1568E-03
4.2596E-03
4.1758E-03
3.9701E-03
3.6442E-03
3.0785E-03
2.1050E-03
1.2998E-03
8.9601E-04
7.7715E-04
8.8649E-04
1.5033E-03
2.8212E-03
4.6385E-03
6.6462E-03
8.6655E-03
1.0602E-02
1.2266E-02
1.3638E-02
1.4757E-02
1.5691E-02
1.6452E-02
1.7083E-02
1.7656E-02
1.8203E-02
1.8609E-02
1.8668E-02
1.8586E-02
1.8396E-02
1.7890E-02
1.7307E-02
1.7033E-02
1.6969E-02
1.7010E-02
1.7170E-02
1.7557E-02
1.8284E-02
1.9026E-02
1.9620E-02
2.0317E-02
2.0983E-02
2.1408E-02
2.1790E-02
2.2184E-02
2.2159E-02
2.1784E-02
2.1163E-02
2.0449E-02
1.9761E-02
1.9167E-02
1.8633E-02
1.8039E-02
1.7244E-02
1.6117E-02
1.4589E-02
1.2728E-02
1.0717E-02
9.1895E-03
8.2250E-03
7.3554E-03
6.4978E-03
5.8253E-03
5.4610E-03
5.2317E-03
4.8030E-03
4.2721E-03
3.7886E-03
3.0013E-03
1.9178E-03
9.4964E-04
2.0946E-04
-3.0440E-04
-5.3472E-04
-4.6105E-04
-9.6919E-07
4.0755E-04
3.1953E-04
-1.6745E-04
-9.3759E-04
-2.1591E-03
-3.5852E-03
-5.0625E-03
-6.4353E-03
-7.4365E-03
-7.5854E-03
-7.2637E-03
-6.5968E-03
-5.2299E-03
-3.3653E-03
-1.3846E-03
5.9370E-04
2.5846E-03
4.1483E-03
5.1721E-03
5.5625E-03
5.4884E-03
5.0832E-03
4.6321E-03
4.2267E-03
3.7413E-03
3.2847E-03
3.1032E-03
3.1947E-03
3.3946E-03
3.4366E-03
3.3222E-03
3.2428E-03
3.4325E-03
3.8303E-03
4.1525E-03
4.5360E-03
5.2727E-03
6.1853E-03
7.1200E-03
8.0851E-03
8.9731E-03
9.6180E-03
1.0014E-02
1.0179E-02
1.0089E-02
9.7053E-03
8.8543E-03
7.7564E-03
6.5919E-03
5.3463E-03
3.8802E-03
2.0904E-03
5.5308E-04
-5.1977E-04
-1.3446E-03
-2.0596E-03
-2.6235E-03
-2.7296E-03
-2.3856E-03
-1.6172E-03
-4.5286E-04
1.1627E-03
2.6749E-03
4.0319E-03
5.8794E-03
7.8095E-03
9.1937E-03
1.0553E-02
1.2295E-02
1.4068E-02
1.5643E-02
1.6969E-02
1.8316E-02
1.9737E-02
2.0937E-02
2.2031E-02
2.3151E-02
2.3796E-02
2.3782E-02
2.3745E-02
2.3647E-02
2.2714E-02
2.1415E-02
2.0080E-02
1.8262E-02
1.6075E-02
1.3814E-02
1.1780E-02
1.0033E-02
8.5831E-03
7.4282E-03
6.6881E-03
6.3144E-03
5.9983E-03
5.3176E-03
4.4613E-03
3.8415E-03
3.2469E-03
2.5793E-03
1.9054E-03
1.3136E-03
9.8469E-04
1.1233E-03
1.5341E-03
1.8471E-03
2.1346E-03
2.5290E-03
2.5482E-03
1.9948E-03
7.1545E-04
-9.9485E-04
-3.0944E-03
-5.4551E-03
-7.9188E-03
-1.0386E-02
-1.2497E-02
-1.4154E-02
-1.5720E-02
-1.7204E-02
-1.8218E-02
-1.9145E-02
-2.0096E-02
-2.0497E-02
-2.0700E-02
-2.1305E-02
-2.2010E-02
-2.2587E-02
-2.3258E-02
-2.4025E-02
-2.4817E-02
-2.5624E-02
-2.6401E-02
-2.6899E-02
-2.7046E-02
-2.6835E-02
-2.6535E-02
-2.6189E-02
-2.5482E-02
-2.4636E-02
-2.3935E-02
-2.3143E-02
-2.2278E-02
-2.1743E-02
-2.1390E-02
-2.0934E-02
-2.0603E-02
-2.0457E-02
-2.0454E-02
-2.0710E-02
-2.1333E-02
-2.1769E-02
-2.1856E-02
-2.1825E-02
-2.1585E-02
-2.0963E-02
-2.0339E-02
-1.9910E-02
-1.9545E-02
-1.9246E-02
-1.8951E-02
-1.8436E-02
-1.7708E-02
-1.7125E-02
-1.6712E-02
-1.6348E-02
-1.5855E-02
-1.5259E-02
-1.4822E-02
-1.4624E-02
-1.4716E-02
-1.4971E-02
-1.5149E-02
-1.5046E-02
-1.4971E-02
-1.5405E-02
-1.5924E-02
-1.6170E-02
-1.6032E-02
-1.5919E-02
-1.6214E-02
-1.6589E-02
-1.6887E-02
-1.7098E-02
-1.7069E-02
-1.6633E-02
-1.6249E-02
-1.6118E-02
-1.5982E-02
-1.5841E-02
-1.5794E-02
-1.5988E-02
-1.6408E-02
-1.6982E-02
-1.7494E-02
-1.7923E-02
-1.8464E-02
-1.9027E-02
-1.9079E-02
-1.8736E-02
-1.8259E-02
-1.7850E-02
-1.7450E-02
-1.6653E-02
-1.5683E-02
-1.4761E-02
-1.3743E-02
-1.2470E-02
-1.0840E-02
-9.4540E-03
-8.5839E-03
-7.6752E-03
-6.7110E-03
-6.3359E-03
-6.3418E-03
-6.4653E-03
-6.7868E-03
-7.2509E-03
-7.8426E-03
-8.5994E-03
-9.5357E-03
-1.0354E-02
-1.0954E-02
-1.1173E-02
-1.0770E-02
-9.7889E-03
-8.8664E-03
-7.9028E-03
-6.0772E-03
-4.0696E-03
-2.4910E-03
-1.1916E-03
-1.0676E-04
5.3510E-04
5.4157E-04
-9.8607E-05
-1.0942E-03
-2.2193E-03
-3.4480E-03
-4.3631E-03
-4.6770E-03
-4.3481E-03
-3.6790E-03
-2.6004E-03
-1.2082E-03
2.7678E-04
1.3782E-03
2.2015E-03
2.9927E-03
3.6244E-03
4.0794E-03
4.7840E-03
5.8897E-03
7.2326E-03
8.4860E-03
9.5620E-03
1.0695E-02
1.1759E-02
1.2206E-02
1.2372E-02
1.2599E-02
1.2789E-02
1.2898E-02
1.2793E-02
1.2471E-02
1.1937E-02
1.1232E-02
1.0294E-02
8.9215E-03
7.6391E-03
6.5905E-03
5.0059E-03
3.2727E-03
2.2018E-03
1.4923E-03
9.8425E-04
8.5628E-04
7.1200E-04
1.2315E-04
-3.5728E-04
-4.1502E-04
-1.0849E-04
4.6827E-04
1.2541E-03
2.1938E-03
3.1940E-03
4.2506E-03
5.2206E-03
6.0002E-03
6.6567E-03
7.2107E-03
7.3084E-03
6.9365E-03
6.1217E-03
5.1697E-03
4.2377E-03
3.2401E-03
2.1981E-03
1.1434E-03
8.4271E-05
-9.6022E-04
-1.9590E-03
-3.0035E-03
-4.2844E-03
-5.7383E-03
-6.9719E-03
-7.5339E-03
-8.3507E-03
-9.8155E-03
-1.0556E-02
-1.0631E-02
-1.0621E-02
-1.0450E-02
-9.9363E-03
-9.1786E-03
-8.4373E-03
-8.0294E-03
-7.8196E-03
-7.7137E-03
-7.7804E-03
-7.8070E-03
-7.3291E-03
-6.5263E-03
-5.6924E-03
-4.9669E-03
-4.3541E-03
-3.6782E-03
-2.8797E-03
-1.8640E-03
-7.3698E-04
2.9395E-04
8.4803E-04
1.2191E-03
1.5493E-03
1.5340E-03
1.3392E-03
1.3388E-03
1.4342E-03
1.3533E-03
8.5486E-04
1.7678E-04
-7.8785E-05
5.9752E-05
3.0491E-04
1.0876E-04
-3.8406E-04
-7.7768E-04
-1.2955E-03
-2.0837E-03
-2.8875E-03
-3.5143E-03
-3.9093E-03
-4.1995E-03
-4.4696E-03
-4.6704E-03
-4.8927E-03
-5.2295E-03
-5.6441E-03
-6.0707E-03
-6.4748E-03
-6.7750E-03
-6.8504E-03
-6.6343E-03
-6.2123E-03
-5.6538E-03
-5.0560E-03
-4.4877E-03
-4.0748E-03
-3.9181E-03
-4.0819E-03
-4.4975E-03
-5.1168E-03
-5.6996E-03
-6.1933E-03
-6.7615E-03
-7.3075E-03
-7.5777E-03
-7.4366E-03
-6.8582E-03
-5.6288E-03
-3.9476E-03
-2.0863E-03
-1.9559E-04
1.6777E-03
3.5710E-03
5.2565E-03
6.3481E-03
6.7846E-03
6.6492E-03
6.1691E-03
5.3790E-03
4.0186E-03
2.6041E-03
1.3862E-03
4.1807E-04
-1.8700E-04
-3.0115E-04
-3.5234E-04
-4.5875E-04
-2.4303E-04
6.2024E-05
2.6620E-05
-2.7958E-04
-7.3532E-04
-1.3983E-03
-2.1380E-03
-2.7896E-03
-3.3588E-03
-3.8885E-03
-4.3369E-03
-4.6584E-03
-4.6688E-03
-4.3508E-03
-3.8833E-03
-3.6306E-03
-3.7150E-03
-4.3395E-03
-5.2698E-03
-5.9046E-03
-5.6213E-03
-5.2504E-03
-5.5981E-03
-5.6188E-03
-5.0919E-03
-4.4558E-03
-3.6256E-03
-2.2645E-03
-1.0882E-03
-5.0915E-04
-7.3337E-04
-1.4900E-03
-2.7529E-03
-4.2941E-03
-5.8657E-03
-7.4520E-03
-8.8524E-03
-1.0030E-02
-1.1099E-02
-1.2037E-02
-1.2498E-02
-1.2689E-02
-1.2725E-02
-1.2439E-02
-1.1896E-02
-1.1338E-02
-1.0796E-02
-1.0204E-02
-9.4846E-03
-8.5718E-03
-7.5483E-03
-6.8999E-03
-6.8684E-03
-7.0021E-03
-7.2076E-03
-7.8716E-03
-8.8475E-03
-9.9397E-03
-1.1117E-02
-1.2274E-02
-1.3250E-02
-1.3889E-02
-1.4176E-02
-1.4162E-02
-1.3893E-02
-1.3005E-02
-1.1855E-02
-1.0719E-02
-9.5201E-03
-8.2745E-03
-7.0973E-03
-6.1062E-03
-5.3351E-03
-4.6579E-03
-4.0633E-03
-3.6443E-03
-3.1943E-03
-2.5397E-03
-1.8102E-03
-1.1336E-03
-6.9023E-04
-3.6741E-04
-1.8734E-04
-4.1091E-04
-9.4611E-04
-1.2605E-03
-1.2413E-03
-9.9362E-04
-8.4999E-04
-9.5044E-04
-1.1209E-03
-1.0070E-03
-5.1089E-04
-8.2825E-05
2.3948E-04
8.7991E-04
1.6204E-03
2.0586E-03
1.8888E-03
1.3180E-03
1.0630E-03
1.0200E-03
8.3185E-04
3.5030E-04
-1.1061E-04
1.3487E-04
5.6521E-04
7.0107E-04
6.6150E-04
6.2781E-04
6.3353E-04
3.0361E-04
-5.0379E-04
-1.2660E-03
-1.7741E-03
-2.0487E-03
-2.3142E-03
-2.6120E-03
-2.5165E-03
-2.1987E-03
-1.8975E-03
-1.3866E-03
-6.5096E-04
-2.7429E-04
-1.1643E-04
2.9346E-04
5.9987E-04
5.3127E-04
4.2326E-04
4.7745E-04
6.7560E-04
6.6207E-04
4.5638E-04
8.0031E-04
1.3768E-03
1.2640E-03
9.2938E-04
7.5727E-04
4.4047E-04
1.7318E-04
3.6040E-04
9.2144E-04
1.7247E-03
2.7572E-03
3.9117E-03
5.3156E-03
6.8573E-03
8.4073E-03
9.6655E-03
1.0564E-02
1.0831E-02
1.0724E-02
1.0417E-02
9.7641E-03
8.9444E-03
8.1294E-03
7.3005E-03
6.4645E-03
5.6745E-03
4.7121E-03
3.2313E-03
2.0798E-03
2.0246E-03
2.7742E-03
3.6831E-03
4.2508E-03
4.9582E-03
6.0344E-03
6.9151E-03
7.5843E-03
8.3131E-03
9.0112E-03
9.7683E-03
1.1017E-02
1.2518E-02
1.3592E-02
1.4321E-02
1.4891E-02
1.5448E-02
1.6013E-02
1.6314E-02
1.6147E-02
1.5421E-02
1.4427E-02
1.3473E-02
1.2689E-02
1.1846E-02
1.0883E-02
1.0206E-02
9.6360E-03
8.9168E-03
8.6282E-03
9.0889E-03
9.5604E-03
9.8051E-03
1.0078E-02
1.0679E-02
1.1686E-02
1.2632E-02
1.3405E-02
1.4116E-02
1.4861E-02
1.5720E-02
1.6654E-02
1.7575E-02
1.8280E-02
1.8780E-02
1.9090E-02
1.9211E-02
1.9215E-02
1.9032E-02
1.8687E-02
1.8202E-02
1.7654E-02
1.7228E-02
1.7234E-02
1.7442E-02
1.7494E-02
1.7373E-02
1.7446E-02
1.8353E-02
1.8997E-02
1.8672E-02
1.8224E-02
1.8002E-02
1.7865E-02
1.7479E-02
1.6469E-02
1.4934E-02
1.3743E-02
1.3789E-02
1.3965E-02
1.3402E-02
1.2374E-02
1.1382E-02
1.0786E-02
1.0320E-02
9.8895E-03
9.8202E-03
1.0179E-02
1.1089E-02
1.2465E-02
1.3978E-02
1.4909E-02
1.5427E-02
1.6186E-02
1.7235E-02
1.8483E-02
1.9429E-02
2.0001E-02
2.0215E-02
2.0574E-02
2.1328E-02
2.2013E-02
2.2553E-02
2.3199E-02
2.4058E-02
2.5032E-02
2.5727E-02
2.6234E-02
2.6814E-02
2.7253E-02
2.7350E-02
2.7123E-02
2.6632E-02
2.5855E-02
2.4935E-02
2.4019E-02
2.3196E-02
2.2380E-02
2.1155E-02
1.9571E-02
1.7817E-02
1.6152E-02
1.4582E-02
1.2938E-02
1.1383E-02
1.0099E-02
9.2292E-03
8.6707E-03
8.4056E-03
8.3827E-03
8.5788E-03
8.8724E-03
9.0671E-03
8.8853E-03
8.4651E-03
7.9634E-03
7.2977E-03
6.5114E-03
5.4690E-03
4.1487E-03
2.8940E-03
2.6278E-03
2.8017E-03
2.5120E-03
2.3434E-03
2.7893E-03
3.6395E-03
4.5962E-03
5.5270E-03
6.3694E-03
7.1182E-03
7.8465E-03
8.4926E-03
8.9325E-03
9.5128E-03
1.0358E-02
1.0895E-02
1.1045E-02
1.0831E-02
1.0414E-02
9.9299E-03
9.2638E-03
8.3654E-03
6.9713E-03
5.5263E-03
4.4150E-03
3.5686E-03
2.7533E-03
1.7061E-03
6.1106E-04
-3.8111E-04
-1.4183E-03
-2.5929E-03
-4.1339E-03
-5.8587E-03
-7.3876E-03
-8.2701E-03
-8.8215E-03
-9.5366E-03
-1.0192E-02
-1.0702E-02
-1.1333E-02
-1.2136E-02
-1.2906E-02
-1.3547E-02
-1.4168E-02
-1.5204E-02
-1.6244E-02
-1.6840E-02
-1.7632E-02
-1.8706E-02
-1.8859E-02
-1.8502E-02
-1.8551E-02
-1.8543E-02
-1.8083E-02
-1.7404E-02
-1.6634E-02
-1.5820E-02
-1.5226E-02
-1.4822E-02
-1.3937E-02
-1.2717E-02
-1.1522E-02
-1.0102E-02
-8.4034E-03
-6.9420E-03
-5.7588E-03
-4.6182E-03
-3.5193E-03
-2.4647E-03
-1.5823E-03
-1.0074E-03
-9.7677E-04
-1.0047E-03
-9.0185E-04
-1.2378E-03
-2.0090E-03
-2.5942E-03
-2.8124E-03
-2.7493E-03
-2.5531E-03
-2.1852E-03
-1.2685E-03
-7.6201E-05
1.1487E-03
2.3961E-03
3.6065E-03
4.6895E-03
5.6427E-03
6.4936E-03
7.2241E-03
7.7146E-03
7.5638E-03
7.1987E-03
6.9832E-03
6.7754E-03
6.5228E-03
6.3548E-03
6.4124E-03
6.8733E-03
7.5455E-03
8.2385E-03
8.9022E-03
9.4255E-03
9.7709E-03
1.0118E-02
1.0488E-02
1.0503E-02
1.0197E-02
9.7285E-03
9.3250E-03
8.9766E-03
8.4715E-03
7.9585E-03
7.6834E-03
7.4969E-03
7.3604E-03
7.5021E-03
7.8174E-03
8.0830E-03
8.2482E-03
8.2706E-03
8.1606E-03
8.0088E-03
7.9174E-03
7.8325E-03
7.6577E-03
7.2677E-03
6.7829E-03
6.3568E-03
5.9876E-03
5.7293E-03
5.6986E-03
5.6757E-03
5.3356E-03
4.7471E-03
4.0107E-03
3.1837E-03
2.2717E-03
1.1105E-03
-3.3298E-04
-1.9839E-03
-3.4797E-03
-4.8261E-03
-6.1330E-03
-7.2338E-03
-8.1316E-03
-9.0369E-03
-1.0052E-02
-1.1153E-02
-1.2128E-02
-1.2933E-02
-1.3717E-02
-1.4509E-02
-1.5229E-02
-1.5730E-02
-1.6032E-02
-1.6265E-02
-1.6507E-02
-1.6838E-02
-1.7348E-02
-1.8021E-02
-1.8769E-02
-1.9552E-02
-2.0412E-02
-2.1415E-02
-2.2460E-02
-2.3314E-02
-2.4071E-02
-2.4904E-02
-2.5588E-02
-2.5976E-02
-2.5867E-02
-2.5361E-02
-2.4631E-02
-2.4228E-02
-2.4119E-02
-2.3316E-02
-2.1878E-02
-2.0187E-02
-1.8574E-02
-1.7184E-02
-1.6007E-02
-1.4864E-02
-1.3586E-02
-1.2505E-02
-1.1758E-02
-1.1067E-02
-1.0452E-02
-1.0140E-02
-9.5708E-03
-8.5500E-03
-7.8707E-03
-7.4976E-03
-6.9130E-03
-6.2991E-03
-5.7744E-03
-5.1933E-03
-4.6469E-03
-4.5992E-03
-4.8031E-03
-5.0288E-03
-5.3654E-03
-5.7668E-03
-6.0847E-03
-6.3263E-03
-6.5679E-03
-6.8205E-03
-7.0758E-03
-7.2709E-03
-7.4979E-03
-7.8500E-03
-8.4153E-03
-9.1921E-03
-1.0108E-02
-1.0957E-02
-1.1718E-02
-1.2579E-02
-1.3333E-02
-1.3436E-02
-1.3546E-02
-1.4187E-02
-1.4836E-02
-1.5196E-02
-1.5079E-02
-1.4806E-02
-1.4652E-02
-1.4712E-02
-1.4811E-02
-1.4508E-02
-1.4058E-02
-1.3836E-02
-1.3726E-02
-1.3504E-02
-1.2767E-02
-1.1859E-02
-1.1031E-02
-1.0157E-02
-9.3467E-03
-9.0397E-03
-8.9855E-03
-8.9642E-03
-9.0654E-03
-9.1978E-03
-9.0324E-03
-8.4681E-03
-7.6331E-03
-6.9405E-03
-6.3955E-03
-5.4514E-03
-4.3823E-03
-3.6300E-03
-2.9235E-03
-1.9950E-03
-1.0411E-03
-3.1427E-04
-1.5150E-05
2.4025E-04
6.2744E-04
8.8597E-04
1.0608E-03
1.4695E-03
2.1395E-03
3.0401E-03
4.0901E-03
5.1701E-03
6.1708E-03
7.0418E-03
7.7878E-03
8.4583E-03
9.0620E-03
9.5435E-03
1.0062E-02
1.0719E-02
1.1430E-02
1.2135E-02
1.2751E-02
1.3158E-02
1.3213E-02
1.3135E-02
1.3032E-02
1.2644E-02
1.2010E-02
1.0987E-02
9.5387E-03
7.8779E-03
6.3198E-03
4.8149E-03
3.3447E-03
2.1995E-03
1.3040E-03
3.3436E-04
-5.1900E-04
-1.0320E-03
-1.6382E-03
-2.3229E-03
-2.4315E-03
-2.2763E-03
-2.2427E-03
-2.2582E-03
-2.2655E-03
-2.2023E-03
-2.1073E-03
-2.0265E-03
-2.0137E-03
-1.9794E-03
-1.6551E-03
-1.1312E-03
-4.8345E-04
2.8524E-04
1.1172E-03
2.0421E-03
3.0064E-03
3.8995E-03
4.4846E-03
4.7094E-03
4.8584E-03
4.9426E-03
4.7302E-03
4.4429E-03
4.2702E-03
4.2453E-03
4.1904E-03
4.1487E-03
4.3307E-03
4.7063E-03
5.1464E-03
5.6048E-03
6.0449E-03
6.4987E-03
7.0183E-03
7.5343E-03
7.8716E-03
8.2172E-03
8.6905E-03
9.2628E-03
1.0038E-02
1.1319E-02
1.2586E-02
1.3465E-02
1.4369E-02
1.5492E-02
1.6812E-02
1.8027E-02
1.8781E-02
1.9151E-02
1.9392E-02
1.9741E-02
2.0076E-02
2.0155E-02
2.0078E-02
1.9937E-02
1.9765E-02
1.9594E-02
1.9565E-02
1.9843E-02
2.0319E-02
2.0640E-02
2.0848E-02
2.1080E-02
2.1155E-02
2.0875E-02
2.0248E-02
1.9515E-02
1.8809E-02
1.7914E-02
1.6705E-02
1.5386E-02
1.4026E-02
1.2584E-02
1.1224E-02
9.9452E-03
8.5851E-03
7.2567E-03
6.2772E-03
5.6826E-03
5.2083E-03
4.4515E-03
3.6400E-03
3.2150E-03
2.9354E-03
2.6687E-03
2.4227E-03
1.9153E-03
9.1140E-04
6.1079E-05
-4.9470E-04
-1.4110E-03
-2.5918E-03
-3.6158E-03
-4.2857E-03
-4.7429E-03
-5.2724E-03
-5.8130E-03
-6.2273E-03
-6.7726E-03
-7.5031E-03
-8.2405E-03
-8.9506E-03
-9.6503E-03
-1.0214E-02
-1.0529E-02
-1.0473E-02
-1.0336E-02
-1.0486E-02
-1.0723E-02
-1.0887E-02
-1.0958E-02
-1.0919E-02
-1.0713E-02
-1.0324E-02
-9.8110E-03
-9.1764E-03
-8.4510E-03
-7.6831E-03
-7.0660E-03
-6.6371E-03
-6.1795E-03
-5.7549E-03
-5.7494E-03
-5.9199E-03
-6.0236E-03
-6.0312E-03
-5.9091E-03
-5.6313E-03
-5.4706E-03
-5.5530E-03
-5.4671E-03
-5.1608E-03
-4.6848E-03
-4.1463E-03
-3.6932E-03
-3.4353E-03
-3.2614E-03
-2.8520E-03
-2.5129E-03
-2.4106E-03
-2.2135E-03
-1.9755E-03
-2.0722E-03
-2.0771E-03
-1.7982E-03
-1.9340E-03
-2.5210E-03
-2.8603E-03
-2.8564E-03
-2.7687E-03
-3.1442E-03
-3.8682E-03
-4.0085E-03
-3.8083E-03
-3.5683E-03
-3.1491E-03
-2.4588E-03
-1.4352E-03
-4.7706E-04
2.6540E-05
2.8765E-04
4.5803E-04
4.1755E-04
2.4158E-04
1.4370E-04
3.4308E-04
7.3007E-04
9.9134E-04
1.3272E-03
2.1157E-03
3.0616E-03
3.9175E-03
4.6720E-03
5.3779E-03
6.0888E-03
6.6617E-03
6.9669E-03
6.8438E-03
6.6709E-03
6.9100E-03
7.2334E-03
7.3521E-03
7.3631E-03
7.4294E-03
7.6412E-03
7.7145E-03
7.5037E-03
6.9801E-03
6.3302E-03
5.7543E-03
5.1676E-03
4.5141E-03
3.7708E-03
2.8556E-03
1.8131E-03
1.1934E-03
9.7659E-04
5.6755E-04
1.2058E-04
-9.7344E-05
-5.8602E-04
-1.4425E-03
-2.0657E-03
-2.2870E-03
-2.2262E-03
-2.4080E-03
-2.8660E-03
-3.0903E-03
-3.1636E-03
-3.2879E-03
-3.2652E-03
-3.0794E-03
-3.0231E-03
-3.1473E-03
-3.3705E-03
-3.5829E-03
-3.8422E-03
-4.4241E-03
-5.1170E-03
-5.5618E-03
-5.8316E-03
-6.0847E-03
-6.4028E-03
-6.7079E-03
-6.8464E-03
-6.9342E-03
-7.1267E-03
-7.6291E-03
-8.2753E-03
-8.8852E-03
-9.4078E-03
-9.8559E-03
-1.0365E-02
-1.0965E-02
-1.1629E-02
-1.2183E-02
-1.2660E-02
-1.3383E-02
-1.4322E-02
-1.5393E-02
-1.6414E-02
-1.7320E-02
-1.8198E-02
-1.8926E-02
-1.9411E-02
-1.9620E-02
-1.9491E-02
-1.8995E-02
-1.8813E-02
-1.9251E-02
-1.9520E-02
-1.9296E-02
-1.8784E-02
-1.8368E-02
-1.8261E-02
-1.8021E-02
-1.7543E-02
-1.7148E-02
-1.6918E-02
-1.6784E-02
-1.6460E-02
-1.5878E-02
-1.5338E-02
-1.5016E-02
-1.5057E-02
-1.5121E-02
-1.5061E-02
-1.5027E-02
-1.5024E-02
-1.4913E-02
-1.4531E-02
-1.3940E-02
-1.3594E-02
-1.3396E-02
-1.2850E-02
-1.2116E-02
-1.1418E-02
-1.0827E-02
-1.0269E-02
-9.5457E-03
-8.8133E-03
-8.2776E-03
-7.8657E-03
-7.4937E-03
-7.1040E-03
-6.7277E-03
-6.4925E-03
-6.3234E-03
-6.1700E-03
-6.0842E-03
-6.0535E-03
-6.0879E-03
-6.3026E-03
-6.7859E-03
-7.1781E-03
-7.4264E-03
-7.9216E-03
-8.5063E-03
-9.0674E-03
-9.7958E-03
-1.0578E-02
-1.0915E-02
-1.1008E-02
-1.1257E-02
-1.1482E-02
-1.1449E-02
-1.1096E-02
-1.0646E-02
-1.0460E-02
-1.0481E-02
-1.0440E-02
-9.9526E-03
-9.2467E-03
-9.1003E-03
-8.9930E-03
-8.3265E-03
-7.7897E-03
-7.7324E-03
-8.0362E-03
-8.3703E-03
-8.4421E-03
-8.5087E-03
-8.8309E-03
-9.3936E-03
-9.8394E-03
-9.5930E-03
-9.2434E-03
-9.3119E-03
-9.4745E-03
-9.4440E-03
-8.8520E-03
-8.1011E-03
-7.5933E-03
-7.3291E-03
-7.2407E-03
-7.2247E-03
-7.1147E-03
-6.8617E-03
-6.8412E-03
-7.1332E-03
-7.0844E-03
-6.7336E-03
-6.4342E-03
-6.1000E-03
-5.6000E-03
-4.9523E-03
-4.2967E-03
-3.8265E-03
-3.3942E-03
-2.9053E-03
-2.6133E-03
-2.4632E-03
-2.1113E-03
-1.6796E-03
-1.4430E-03
-1.2183E-03
-9.1086E-04
-6.8194E-04
-5.0851E-04
-2.1605E-04
1.5168E-04
5.3772E-04
9.2984E-04
1.3101E-03
1.6698E-03
2.0523E-03
2.5002E-03
2.9066E-03
3.2379E-03
3.6696E-03
4.2930E-03
5.0125E-03