4.0010E+03
1.0000E-02
7.1162E-04
-5.2276E-04
-8.7011E-04
-9.3458E-04
-1.2044E-03
-8.2756E-04
3.3970E-04
5.8584E-04
3.2001E-04
1.0339E-03
1.3509E-03
8.9931E-04
7.1959E-04
2.4351E-04
-8.2414E-04
-1.6471E-03
-1.1693E-03
3.3421E-04
7.1969E-04
8.0857E-05
1.3342E-03
3.2780E-03
1.6670E-03
-1.1747E-03
-4.7738E-04
7.3047E-04
-1.5336E-03
-2.0165E-03
2.7573E-03
3.7582E-03
-1.5460E-03
-2.6180E-03
5.1236E-04
-6.5161E-04
-2.6231E-03
6.2479E-04
3.1275E-03
1.9767E-03
2.7091E-03
4.8626E-03
2.9799E-03
-3.1529E-03
-5.6815E-03
-3.8462E-03
-4.4162E-03
-4.1957E-03
9.8916E-04
7.0501E-03
4.8246E-03
-2.5060E-03
-1.2697E-04
5.0026E-03
4.1356E-04
-6.9423E-03
-3.5281E-03
5.7149E-03
1.1766E-03
-5.4717E-03
7.0295E-04
6.6996E-03
6.0496E-03
1.6414E-03
-1.4965E-03
-4.8725E-03
-5.6289E-03
-2.6346E-04
-5.0348E-03
-1.1953E-02
-1.1145E-03
1.1627E-02
5.5692E-03
-7.8196E-03
-4.4138E-03
4.1067E-03
4.3338E-03
6.8212E-03
4.1936E-03
-2.5252E-03
1.6445E-04
4.6499E-03
3.7813E-03
9.4247E-03
2.1279E-02
1.0690E-02
-1.4945E-02
-2.2454E-02
-2.1968E-02
-1.8532E-02
-3.7631E-03
4.7827E-03
5.6103E-03
1.0873E-02
1.5286E-02
1.5505E-02
1.4245E-02
6.9573E-03
-7.8370E-03
-1.7296E-02
-1.2503E-02
-1.9551E-03
1.2091E-03
5.7670E-04
3.5303E-03
2.8916E-03
2.0516E-03
6.8950E-03
9.0876E-03
1.0262E-03
-7.7459E-03
-1.2133E-03
-3.0251E-04
-1.5941E-02
-1.2254E-02
1.4532E-02
1.7799E-02
-1.0825E-02
-1.6108E-02
8.3297E-03
1.3464E-02
6.3728E-04
4.7817E-03
1.7969E-02
2.8319E-03
-2.0337E-02
-1.3073E-02
-3.6389E-03
-8.9472E-03
-8.9138E-03
-4.8873E-03
3.4792E-03
1.3157E-02
7.4646E-03
7.6726E-03
2.3744E-02
1.7080E-02
-5.8394E-03
-1.6762E-02
-3.2019E-02
-4.6619E-02
-1.4874E-02
3.9033E-02
3.1894E-02
-5.4706E-03
-3.1342E-03
9.2178E-03
9.1438E-03
1.9058E-03
-2.2095E-02
-3.3801E-02
-1.7943E-03
2.1099E-02
4.9564E-03
7.5361E-03
2.9213E-02
2.2528E-02
-5.1089E-03
-1.7349E-02
-1.3674E-02
-1.4397E-02
-8.0073E-03
1.2770E-03
-4.7320E-03
1.3322E-02
5.1847E-02
2.9778E-02
-2.9738E-02
-4.6709E-02
-2.5701E-02
-6.9799E-03
-6.7091E-03
1.5195E-02
5.9143E-02
5.7402E-02
9.4515E-03
-3.5523E-02
-4.8315E-02
-2.3692E-02
-1.7142E-04
-6.0455E-03
9.9708E-04
1.8156E-02
1.1981E-02
1.8541E-02
1.8601E-02
-2.3460E-02
-4.1849E-02
2.8071E-03
3.3293E-02
3.2815E-03
-2.5001E-02
-1.9306E-02
7.4966E-03
2.6067E-02
1.3793E-02
-7.7453E-03
-2.0982E-02
-1.3698E-02
1.5397E-03
-1.2543E-04
-1.0634E-02
4.5151E-03
3.7547E-02
1.8262E-02
-2.8225E-02
-2.6672E-02
-1.6433E-03
6.2922E-03
2.4787E-03
6.6049E-03
2.3400E-02
2.3337E-02
-2.8608E-03
-1.3421E-02
-7.2894E-03
-8.4500E-04
1.1281E-02
-1.3252E-03
-2.1390E-02
-9.2146E-03
-1.7040E-03
-2.2600E-02
-2.6570E-02
2.7580E-02
8.1254E-02
5.8392E-02
-6.5601E-03
-5.8424E-02
-8.1459E-02
-5.3039E-02
1.8189E-02
7.3890E-02
7.1084E-02
1.8718E-02
-1.9903E-02
-5.8794E-03
-5.8220E-04
-3.2364E-02
-3.6144E-02
-1.6573E-02
-3.5197E-02
-4.6678E-02
1.9248E-02
7.7961E-02
4.1796E-02
-1.4068E-02
-1.1008E-02
5.8505E-03
-2.0548E-02
-3.9771E-02
-3.6324E-03
7.0405E-02
1.0144E-01
9.5366E-03
-9.0450E-02
-9.2332E-02
-4.0470E-02
2.1806E-02
2.8900E-02
-1.6745E-03
2.0165E-02
4.9266E-02
1.5812E-02
-2.7707E-02
-3.5461E-02
-2.6365E-02
1.1912E-03
3.8864E-02
2.9739E-02
-2.4564E-02
-1.0103E-02
6.8906E-02
4.8032E-02
-4.7913E-02
-4.6036E-02
9.7898E-03
-2.8948E-03
-1.6512E-02
-1.2717E-03
8.3000E-03
3.1337E-02
1.4468E-02
-1.6467E-02
8.7162E-03
3.1904E-02
2.0273E-02
-3.9262E-03
-1.4827E-02
-9.0919E-03
5.3220E-03
4.2441E-03
-3.5349E-02
-3.5171E-02
2.2629E-02
3.0934E-02
-2.4705E-02
-3.8801E-02
1.9687E-02
5.0416E-02
1.5762E-02
-2.4618E-02
-1.8734E-02
1.3264E-02
-2.9301E-03
-5.2685E-02
-4.4104E-02
2.1217E-02
3.1133E-02
-1.7367E-03
2.2899E-02
4.8373E-02
1.3278E-02
-3.1594E-02
-3.3115E-02
-3.0195E-04
6.8526E-03
-1.2382E-02
-4.5712E-03
1.8549E-02
1.0849E-02
-8.9861E-05
5.2970E-03
-1.7031E-02
-4.7881E-02
-1.1250E-02
5.2468E-02
1.8776E-02
-7.1564E-02
-5.9071E-02
7.2743E-02
1.1228E-01
-2.1548E-02
-9.3513E-02
-3.7468E-02
1.1540E-02
1.2849E-02
1.2534E-02
4.4807E-02
4.5124E-02
8.2105E-04
-2.7780E-02
-3.9618E-02
-3.5730E-02
8.0128E-03
3.6168E-02
7.2377E-03
-2.7828E-02
-5.1393E-02
-1.9227E-03
7.2032E-02
4.0752E-02
-1.4176E-02
-3.6797E-02
-4.0341E-02
-1.3378E-02
2.7944E-02
4.2362E-02
1.5282E-02
1.5963E-02
1.1367E-02
-2.5260E-02
4.3423E-03
5.5166E-02
3.1998E-02
-1.3089E-02
-1.8145E-02
-1.4334E-02
-7.1779E-03
2.2154E-02
6.5575E-03
-4.1002E-02
-3.6062E-02
-6.5206E-03
2.3390E-02
4.8633E-02
4.4560E-02
2.3724E-02
-1.8490E-02
-4.4309E-02
5.4854E-03
3.9861E-02
-4.1685E-04
-1.5662E-02
-3.1924E-03
-4.4082E-02
-6.9645E-02
2.5141E-02
9.1377E-02
-2.5693E-02
-9.8849E-02
1.0570E-03
3.6954E-02
-2.5720E-02
-2.1776E-02
4.3109E-02
6.2330E-02
9.3179E-03
-2.3055E-02
-8.3579E-03
-7.8947E-03
-3.1546E-02
-3.3200E-02
2.4642E-02
5.2798E-02
1.9826E-02
1.3947E-02
1.3135E-02
-2.3906E-03
-4.3706E-03
4.0578E-03
1.3724E-03
-2.3113E-02
-7.1621E-03
3.4397E-02
2.4023E-02
-3.2564E-03
-7.3067E-03
-1.8136E-02
-3.8122E-02
-1.6094E-02
1.5918E-02
3.6371E-02
1.0229E-01
9.0428E-02
-4.8000E-02
-9.3542E-02
-2.2897E-02
2.1422E-03
-1.9808E-02
-2.5511E-02
-9.5308E-03
-2.1687E-03
-1.8084E-02
-9.0410E-04
3.5915E-02
4.4116E-02
3.3806E-02
3.8959E-03
-4.8876E-03
7.8543E-03
-4.8568E-03
-9.5650E-03
5.9150E-03
-1.1749E-02
-3.4989E-02
8.8552E-03
6.5882E-02
3.1131E-02
-3.3620E-02
7.8537E-03
6.1863E-02
8.9694E-04
-5.9753E-02
-1.2092E-02
4.3506E-02
-1.1906E-03
-3.4477E-02
-9.3191E-03
-3.0227E-02
-3.4228E-02
-3.3358E-03
-2.8022E-02
-1.4179E-02
8.8391E-02
1.0702E-01
5.1246E-03
-4.9499E-02
-4.0040E-02
-5.9288E-02
-4.0715E-02
2.9147E-02
2.8863E-02
8.0401E-03
3.7981E-02
4.1811E-02
2.1503E-03
-3.4321E-02
-4.9561E-02
-2.8903E-02
-2.9631E-02
-4.6565E-02
4.6829E-02
1.1488E-01
3.3607E-02
-3.3861E-02
-5.4567E-02
-7.1916E-02
-7.2906E-02
-2.6669E-02
5.8710E-02
4.7704E-02
-4.6680E-02
-6.0108E-02
5.0012E-03
3.0636E-02
4.5002E-03
-9.6771E-03
6.8772E-05
2.6391E-02
4.1134E-02
9.3130E-03
-2.6581E-02
-1.2001E-02
1.7792E-02
-3.9832E-03
-4.0879E-02
4.8473E-04
8.8192E-02
9.3830E-02
2.5396E-02
-1.7800E-02
-2.7414E-02
-4.1896E-03
2.8178E-02
3.0015E-02
9.8225E-03
-1.5279E-02
1.1989E-02
4.3491E-02
-1.0446E-02
-5.8499E-02
-2.2328E-02
4.2365E-02
4.9742E-02
1.4298E-02
3.0662E-02
6.2779E-02
3.5837E-02
-1.7067E-02
-6.9496E-02
-1.0419E-01
-7.5665E-02
4.7262E-02
1.2065E-01
2.3329E-02
1.3342E-03
8.8296E-02
3.2900E-02
-1.0018E-01
-1.2397E-01
-2.0882E-03
6.7176E-02
-2.7978E-02
-5.5161E-02
4.6844E-02
7.9216E-02
-1.2196E-03
-3.4197E-02
1.7273E-02
6.1637E-03
-6.2692E-02
-5.4128E-02
3.0396E-03
2.1875E-02
5.0099E-02
7.1387E-02
3.1404E-03
-6.4974E-02
-2.8686E-02
3.2721E-02
1.2863E-02
-4.2936E-02
-4.1921E-02
-3.3397E-02
-7.4470E-02
-6.2279E-02
2.1328E-02
8.2515E-02
1.3447E-01
1.3569E-01
5.3558E-02
-3.2923E-02
-1.0457E-01
-1.0790E-01
-3.0524E-02
2.2757E-02
1.3081E-04
-3.9452E-02
3.7256E-03
5.4802E-02
1.9429E-02
-3.0650E-02
-1.0217E-01
-1.7267E-01
-9.2290E-02
5.3649E-02
2.0746E-02
-9.2569E-02
-4.8383E-02
4.0611E-02
2.4758E-02
-8.5540E-03
2.5684E-03
3.1847E-02
4.9110E-02
2.6480E-02
-9.1967E-03
1.7125E-02
7.1988E-02
5.6103E-02
-8.2140E-03
-6.2906E-02
-5.0750E-02
2.6834E-02
5.7269E-02
1.0876E-01
2.5191E-01
2.6395E-01
1.3686E-01
9.5961E-02
7.5995E-02
1.6008E-02
1.1729E-02
3.1602E-02
3.8862E-02
3.0331E-02
-3.8632E-03
2.1307E-02
1.2901E-01
1.5050E-01
6.1221E-02
1.0284E-02
7.2648E-02
1.8269E-01
1.4449E-01
2.5691E-02
2.7777E-02
8.7182E-02
9.9129E-02
1.8004E-02
-8.5046E-02
-1.1106E-01
-1.5336E-01
-2.0359E-01
-1.3793E-01
-8.9837E-02
-1.1654E-01
-6.3415E-02
5.0055E-03
-3.9840E-03
-1.8369E-02
-1.8439E-02
-3.1606E-02
-5.6399E-02
-8.5777E-02
-1.1951E-01
-1.5864E-01
-1.9673E-01
-2.2617E-01
-2.3927E-01
-2.0977E-01
-1.4865E-01
-1.2237E-01
-1.3351E-01
-9.1257E-02
3.8652E-02
1.3892E-01
1.1980E-01
4.1217E-02
-1.9452E-02
-3.0208E-02
-1.6654E-02
-2.9053E-02
-7.5677E-02
-1.2961E-01
-1.5500E-01
-1.6353E-01
-1.7680E-01
-1.7160E-01
-1.1688E-01
-8.6723E-02
-1.7984E-01
-2.2769E-01
-1.4035E-01
-9.9196E-02
-8.3240E-02
-5.4801E-02
-5.6580E-02
-7.5741E-02
-2.0621E-01
-3.4773E-01
-3.3676E-01
-2.5528E-01
-1.6244E-01
-5.4733E-02
7.9582E-02
1.5647E-01
7.6514E-02
-4.1874E-02
-7.3737E-02
-2.9104E-02
1.1401E-02
3.7452E-02
9.9028E-02
1.4041E-01
1.6031E-01
1.9833E-01
2.5231E-01
2.9789E-01
3.2264E-01
4.1224E-01
4.8475E-01
3.5645E-01
1.8029E-01
2.1288E-01
2.6941E-01
2.1057E-01
2.7605E-01
3.1170E-01
1.3968E-01
3.3744E-02
5.4589E-02
8.5442E-02
8.2080E-02
9.5711E-03
-9.5058E-02
-1.8663E-01
-2.4163E-01
-2.4110E-01
-2.0502E-01
-1.4479E-01
-5.8896E-02
1.4349E-02
7.0895E-02
1.0063E-01
3.2225E-02
-7.6368E-02
-1.1290E-01
-1.0034E-01
-7.1517E-02
-2.6308E-02
7.2912E-03
2.1619E-02
3.1437E-02
2.9111E-02
7.9668E-03
-2.4807E-02
-6.2704E-02
-1.2398E-01
-2.1340E-01
-2.9645E-01
-3.7257E-01
-3.7452E-01
-2.2518E-01
-4.2916E-02
3.1772E-03
-9.2215E-02
-1.9360E-01
-2.2024E-01
-1.7424E-01
-9.5460E-02
-5.7198E-02
2.7404E-03
1.3493E-01
1.6070E-01
5.6435E-02
1.3483E-02
4.4836E-02
7.7162E-02
1.1945E-01
1.5028E-01
1.2928E-01
9.9778E-02
1.1180E-01
1.4757E-01
1.6405E-01
1.5142E-01
1.0668E-01
8.3554E-02
1.1808E-01
9.7195E-02
6.9626E-02
5.8816E-02
-3.2509E-02
-1.7173E-01
-3.1869E-01
-2.9276E-01
-1.1991E-01
-4.9329E-02
-7.4735E-02
-1.4229E-01
-2.1616E-01
-2.6863E-01
-3.1729E-01
-3.7095E-01
-4.2599E-01
-4.7653E-01
-5.0016E-01
-4.5707E-01
-3.7127E-01
-2.8831E-01
-2.6953E-01
-3.2442E-01
-3.6956E-01
-3.6602E-01
-3.1980E-01
-2.7173E-01
-2.5312E-01
-2.2099E-01
-1.7440E-01
-1.3741E-01
-6.2259E-02
-5.9362E-05
-4.8467E-03
2.0158E-02
9.6290E-02
1.7917E-01
2.5486E-01
3.1049E-01
3.2666E-01
3.1280E-01
2.8009E-01
2.0192E-01
1.2205E-01
7.7780E-02
6.3118E-02
6.4619E-02
6.1044E-02
7.7355E-02
1.0396E-01
1.3550E-01
1.8577E-01
2.4200E-01
2.9915E-01
3.4880E-01
4.0179E-01
4.4303E-01
4.5200E-01
4.4743E-01
4.4111E-01
4.2939E-01
4.0197E-01
3.7870E-01
3.3930E-01
2.5373E-01
1.8731E-01
1.5251E-01
1.0748E-01
7.2618E-02
5.5021E-02
4.8384E-02
6.3049E-02
8.2879E-02
1.0796E-01
1.2077E-01
7.0881E-02
-2.1982E-02
-1.2268E-01
-1.5447E-01
-4.8144E-02
7.1754E-02
9.8444E-02
6.4862E-02
1.5219E-02
-7.6586E-03
1.3398E-03
2.1949E-02
4.5740E-02
7.0395E-02
9.4508E-02
9.7752E-02
5.8096E-02
-1.5132E-02
-8.1640E-02
-1.1751E-01
-1.3590E-01
-1.5486E-01
-1.6429E-01
-1.4305E-01
-8.8739E-02
3.5300E-03
9.3599E-02
1.3054E-01
1.3037E-01
1.0539E-01
9.0768E-02
1.4332E-01
2.4830E-01
3.5187E-01
3.9777E-01
3.3184E-01
1.9056E-01
1.0259E-01
1.2390E-01
1.9642E-01
2.4602E-01
2.4009E-01
2.0187E-01
1.6057E-01
1.1532E-01
8.8552E-02
9.6951E-02
1.1468E-01
1.1706E-01
1.3408E-01
2.2451E-01
3.0347E-01
2.4696E-01
1.2103E-01
3.7546E-02
-3.8945E-04
-3.5601E-02
-8.5477E-02
-1.3934E-01
-1.8491E-01
-2.2494E-01
-2.6177E-01
-2.8479E-01
-2.8211E-01
-2.5550E-01
-2.1849E-01
-1.7717E-01
-1.3711E-01
-1.0758E-01
-8.7464E-02
-6.5297E-02
-4.0112E-02
-2.9722E-02
-3.1457E-02
-1.5722E-02
2.0172E-03
-2.3632E-02
-6.9558E-02
-1.0068E-01
-1.3125E-01
-1.6806E-01
-2.1315E-01
-2.5353E-01
-2.6053E-01
-2.2372E-01
-1.1844E-01
8.0904E-03
7.0876E-02
9.4558E-02
6.8882E-02
2.5959E-02
9.8550E-02
2.3167E-01
2.5819E-01
1.2720E-01
-5.7456E-02
-1.7620E-01
-2.0653E-01
-1.3159E-01
4.3374E-03
1.3013E-01
1.9376E-01
1.1471E-01
-2.5973E-02
-1.0716E-01
-1.4778E-01
-1.6618E-01
-1.8036E-01
-1.9858E-01
-2.1387E-01
-2.2153E-01
-1.9871E-01
-1.5973E-01
-1.2684E-01
-1.1138E-01
-1.1396E-01
-1.2061E-01
-1.2843E-01
-1.2629E-01
-1.0858E-01
-6.2693E-02
-2.1504E-02
1.8978E-02
1.2355E-01
2.4048E-01
3.3864E-01
3.0340E-01
8.4723E-02
-3.4925E-02
-7.7502E-03
1.6650E-02
2.4839E-02
2.3872E-03
-1.7877E-02
-1.0109E-02
4.5736E-02
1.4113E-01
2.0392E-01
2.4141E-01
2.3222E-01
1.5952E-01
8.1963E-02
2.0348E-02
-1.1897E-02
1.8543E-02
9.9583E-02
1.0946E-01
3.4916E-02
-3.1933E-02
-5.8167E-02
5.3240E-02
2.7721E-01
4.5952E-01
4.7901E-01
2.8740E-01
7.1554E-02
1.1852E-02
4.4575E-02
2.7077E-02
-7.1669E-02
-1.8074E-01
-2.6137E-01
-3.0414E-01
-2.9264E-01
-2.4500E-01
-2.1357E-01
-2.0384E-01
-1.9436E-01
-1.6995E-01
-1.1381E-01
-5.0497E-02
-9.3546E-03
-4.4791E-03
-3.3151E-02
-5.9052E-02
-5.9111E-02
-3.7163E-02
8.6866E-03
7.4589E-02
1.3238E-01
1.4554E-01
1.0263E-01
5.3742E-02
2.9941E-02
1.5728E-02
1.7931E-02
3.3414E-02
5.0585E-02
5.7279E-02
4.0865E-02
7.9495E-03
-2.9821E-02
-6.0207E-02
-8.7689E-02
-1.1094E-01
-1.1363E-01
-8.9919E-02
-5.3867E-02
-3.1749E-02
-2.5826E-02
-3.8378E-02
-5.8473E-02
-5.1953E-02
-2.2236E-02
5.4458E-03
1.3616E-02
1.1505E-02
1.6647E-02
1.4930E-02
-9.3954E-03
-3.8447E-02
-3.5950E-02
-4.5095E-04
3.3383E-02
4.0171E-02
2.3670E-02
7.8309E-03
-3.7904E-03
-3.2420E-02
-8.4427E-02
-1.5043E-01
-2.1331E-01
-2.4917E-01
-2.4377E-01
-1.8715E-01
-9.1372E-02
-6.0344E-03
4.0592E-02
6.2027E-02
7.0829E-02
9.2244E-02
1.5087E-01
1.9273E-01
1.5300E-01
6.6199E-02
7.4376E-03
-1.2314E-02
-2.8753E-02
-4.5303E-02
-4.6880E-02
-3.9206E-02
-3.7837E-02
-3.8199E-02
-2.5277E-02
-7.1393E-03
8.7355E-03
2.4621E-02
3.0013E-02
1.4114E-02
-3.6847E-03
6.3348E-04
1.4772E-02
2.7164E-02
4.6586E-02
8.0451E-02
1.2965E-01
1.7540E-01
1.9089E-01
1.7867E-01
1.6555E-01
1.6630E-01
1.7586E-01
1.8499E-01
1.8898E-01
1.8373E-01
1.6778E-01
1.4605E-01
1.1930E-01
8.6684E-02
5.2594E-02
2.3218E-02
6.8935E-03
5.5251E-03
9.3539E-03
2.0177E-02
4.5124E-02
7.9461E-02
1.1884E-01
1.3919E-01
1.1909E-01
7.8241E-02
4.9453E-02
5.4128E-02
8.3545E-02
1.1591E-01
1.3057E-01
1.0697E-01
5.9933E-02
2.4180E-02
1.8176E-02
3.3627E-02
4.0670E-02
2.7103E-02
3.4742E-03
-1.9988E-02
-3.8491E-02
-4.6482E-02
-3.7867E-02
-1.9499E-02
-3.7836E-03
2.7815E-03
-2.8858E-03
-2.8273E-02
-7.1943E-02
-1.1037E-01
-1.2950E-01
-1.3319E-01
-1.2801E-01
-1.2059E-01
-1.1364E-01
-1.0796E-01
-1.0676E-01
-1.1098E-01
-1.1511E-01
-1.2131E-01
-1.2897E-01
-1.3132E-01
-1.2647E-01
-9.9363E-02
-4.4779E-02
2.4349E-02
7.7703E-02
7.2224E-02
2.9316E-02
6.6763E-03
7.6873E-03
5.1253E-03
-1.0869E-02
-3.3359E-02
-5.3724E-02
-6.4754E-02
-6.5732E-02
-5.8628E-02
-3.9578E-02
-1.3031E-02
-1.2001E-04
-1.1838E-02
-3.1480E-02
-4.4781E-02
-5.3889E-02
-5.9923E-02
-6.2781E-02
-6.4094E-02
-6.5617E-02
-7.0344E-02
-8.1638E-02
-1.0125E-01
-1.2345E-01
-1.3605E-01
-1.2718E-01
-9.7264E-02
-5.6643E-02
-1.3359E-02
-6.7330E-03
-6.2753E-02
-1.1964E-01
-1.3005E-01
-1.1370E-01
-8.6373E-02
-5.8744E-02
-4.5168E-02
-4.6022E-02
-5.1001E-02
-5.5318E-02
-6.1807E-02
-6.5941E-02
-5.8486E-02
-4.0986E-02
-2.3275E-02
-7.7901E-03
7.9222E-03
2.2204E-02
3.5104E-02
4.5877E-02
5.3460E-02
6.0995E-02
6.6940E-02
6.9166E-02
7.1191E-02
7.7577E-02
8.9732E-02
9.8059E-02
9.1555E-02
7.7787E-02
7.1779E-02
7.2159E-02
6.7803E-02
6.4220E-02
7.3037E-02
7.9255E-02
6.9927E-02
5.8786E-02
4.9459E-02
3.5125E-02
1.6760E-02
-6.3739E-03
-3.2725E-02
-5.3427E-02
-6.1605E-02
-6.1357E-02
-6.4772E-02
-7.4528E-02
-8.3416E-02
-9.2036E-02
-1.0155E-01
-1.0777E-01
-1.1477E-01
-1.1972E-01
-1.1610E-01
-1.1225E-01
-1.0404E-01
-8.0284E-02
-4.1851E-02
3.0043E-03
3.0429E-02
1.5670E-02
-3.4843E-02
-7.4514E-02
-7.8960E-02
-7.2953E-02
-6.7283E-02
-5.7809E-02
-4.6077E-02
-3.2190E-02
-1.7336E-02
-3.6350E-03
6.4501E-03
1.9367E-02
4.1037E-02
6.9214E-02
1.0375E-01
1.3618E-01
1.5550E-01
1.6484E-01
1.7236E-01
1.8040E-01
1.8664E-01
1.8847E-01
1.8421E-01
1.7517E-01
1.6551E-01
1.5802E-01
1.5515E-01
1.5623E-01
1.5216E-01
1.4482E-01
1.3725E-01
1.2220E-01
9.5309E-02
4.8844E-02
2.9101E-02
7.9692E-02
1.3331E-01
1.2782E-01
7.3341E-02
1.3655E-02
-7.0169E-03
5.0980E-03
1.9768E-02
1.6681E-02
-1.1543E-02
-4.5968E-02
-6.6571E-02
-7.6242E-02
-8.7803E-02
-1.0584E-01
-1.1804E-01
-1.1388E-01
-1.0235E-01
-1.0406E-01
-1.2510E-01
-1.4539E-01
-1.4880E-01
-1.3580E-01
-1.1549E-01
-9.7585E-02
-8.5899E-02
-8.7680E-02
-1.0371E-01
-1.1891E-01
-1.2285E-01
-1.1838E-01
-1.1496E-01
-1.1884E-01
-1.2454E-01
-1.2756E-01
-1.2808E-01
-1.2839E-01
-1.3359E-01
-1.3882E-01
-1.3831E-01
-1.3340E-01
-1.2554E-01
-1.1571E-01
-1.0261E-01
-8.5540E-02
-6.6270E-02
-4.8067E-02
-3.3960E-02
-2.6075E-02
-2.5087E-02
-2.7005E-02
-2.8225E-02
-3.1472E-02
-3.9226E-02
-5.1597E-02
-6.8966E-02
-8.8287E-02
-1.0818E-01
-1.2816E-01
-1.4354E-01
-1.4877E-01
-1.4582E-01
-1.4467E-01
-1.4789E-01
-1.5593E-01
-1.6627E-01
-1.6678E-01
-1.5423E-01
-1.4050E-01
-1.4130E-01
-1.5421E-01
-1.6393E-01
-1.6421E-01
-1.5436E-01
-1.4332E-01
-1.3873E-01
-1.3396E-01
-1.3062E-01
-1.3318E-01
-1.3622E-01
-1.4110E-01
-1.4923E-01
-1.5527E-01
-1.5531E-01
-1.4436E-01
-1.2311E-01
-1.0358E-01
-9.4263E-02
-9.1018E-02
-8.4073E-02
-6.8748E-02
-4.9329E-02
-3.1153E-02
-2.3551E-02
-3.2720E-02
-4.5619E-02
-4.7198E-02
-3.4678E-02
-1.8358E-02
-1.5990E-02
-3.4178E-02
-6.6052E-02
-9.9152E-02
-1.1850E-01
-1.1712E-01
-1.0343E-01
-9.1531E-02
-8.6950E-02
-8.3627E-02
-7.5586E-02
-6.6288E-02
-6.3153E-02
-6.5040E-02
-6.5349E-02
-6.0838E-02
-4.9856E-02
-3.8604E-02
-3.3509E-02
-2.8419E-02
-1.9420E-02
-7.4612E-03
1.2840E-02
3.8140E-02
5.2620E-02
5.2946E-02
4.8357E-02
4.5372E-02
4.6198E-02
4.9289E-02
4.9769E-02
4.6598E-02
4.1692E-02
3.5186E-02
3.5892E-02
5.0257E-02
6.4855E-02
7.3610E-02
8.1814E-02
8.0456E-02
6.8170E-02
5.2855E-02
3.1343E-02
1.1008E-02
9.8803E-03
2.7363E-02
4.4830E-02
5.4825E-02
5.8672E-02
5.6112E-02
5.7372E-02
6.8556E-02
7.7542E-02
7.5290E-02
7.4836E-02
8.2962E-02
8.5562E-02
8.0097E-02
7.6476E-02
8.1156E-02
9.2697E-02
1.0274E-01
1.0650E-01
1.0454E-01
1.0223E-01
1.0798E-01
1.2226E-01
1.3713E-01
1.4431E-01
1.4135E-01
1.3722E-01
1.3851E-01
1.4026E-01
1.4053E-01
1.4067E-01
1.3803E-01
1.3435E-01
1.3810E-01
1.4547E-01
1.4673E-01
1.4552E-01
1.4509E-01
1.4779E-01
1.5414E-01
1.5737E-01
1.5645E-01
1.5030E-01
1.4455E-01
1.5129E-01
1.6552E-01
1.7201E-01
1.5864E-01
1.3815E-01
1.3366E-01
1.3846E-01
1.3879E-01
1.3361E-01
1.3555E-01
1.5359E-01
1.7180E-01
1.7971E-01
1.8193E-01
1.8368E-01
1.8857E-01
1.9609E-01
2.0302E-01
2.0644E-01
2.0802E-01
2.0874E-01
2.0304E-01
1.8912E-01
1.7440E-01
1.6125E-01
1.4772E-01
1.3429E-01
1.1920E-01
1.0371E-01
9.0666E-02
8.6442E-02
8.8826E-02
8.7582E-02
9.8318E-02
1.2154E-01
1.2251E-01
9.3856E-02
5.7709E-02
3.1167E-02
1.5186E-02
-5.5061E-04
-2.0791E-02
-4.0798E-02
-5.7433E-02
-6.9981E-02
-7.6354E-02
-7.6533E-02
-7.5174E-02
-7.3198E-02
-6.4411E-02
-5.3476E-02
-4.5410E-02
-3.6359E-02
-2.7767E-02
-1.9020E-02
-2.8165E-03
1.9989E-02
2.4225E-02
3.6357E-03
-1.4531E-02
-2.2539E-02
-2.1915E-02
-1.1584E-02
5.1281E-03
2.2500E-02
3.2229E-02
3.7209E-02
3.7540E-02
2.9648E-02
1.9384E-02
1.1542E-02
5.9599E-03
5.2800E-03
2.0297E-02
5.3609E-02
9.0291E-02
1.0389E-01
8.1635E-02
5.0762E-02
3.1358E-02
1.2921E-02
-3.4294E-03
-1.2879E-02
-1.8296E-02
-2.2487E-02
-3.2174E-02
-4.4779E-02
-5.5588E-02
-6.6614E-02
-7.6871E-02
-8.5597E-02
-8.8298E-02
-8.3216E-02
-7.7905E-02
-7.4267E-02
-7.0545E-02
-6.8456E-02
-7.1560E-02
-7.7919E-02
-7.7519E-02
-6.8850E-02
-6.1685E-02
-6.1397E-02
-6.5952E-02
-7.1519E-02
-7.3491E-02
-7.2099E-02
-7.4101E-02
-8.2842E-02
-9.3085E-02
-9.8238E-02
-9.6782E-02
-8.3271E-02
-5.4191E-02
-2.4722E-02
-1.4656E-02
-2.9201E-02
-5.3740E-02
-6.3340E-02
-5.1652E-02
-3.7903E-02
-3.9166E-02
-4.7108E-02
-4.7712E-02
-4.4697E-02
-3.8458E-02
-2.3957E-02
-1.8709E-03
1.9950E-02
2.7303E-02
2.0040E-02
8.9524E-03
2.3423E-03
2.4881E-03
7.6229E-03
1.4445E-02
1.3107E-02
-1.6521E-03
-2.4702E-02
-4.4603E-02
-5.7641E-02
-7.1256E-02
-8.2800E-02
-8.7129E-02
-8.5152E-02
-7.6955E-02
-6.9047E-02
-6.7205E-02
-6.3694E-02
-5.1669E-02
-4.0822E-02
-4.3567E-02
-5.2817E-02
-5.1247E-02
-3.5550E-02
-1.2471E-02
1.0951E-02
2.5855E-02
2.9912E-02
2.8583E-02
2.4169E-02
2.1241E-02
2.8467E-02
4.5255E-02
6.2872E-02
7.3205E-02
7.7298E-02
8.3379E-02
9.6238E-02
1.1721E-01
1.3955E-01
1.5145E-01
1.5284E-01
1.5110E-01
1.4937E-01
1.4939E-01
1.5392E-01
1.6017E-01
1.5939E-01
1.5381E-01
1.5046E-01
1.4523E-01
1.4033E-01
1.3849E-01
1.2645E-01
9.8673E-02
6.8148E-02
4.4295E-02
2.6800E-02
1.9891E-02
2.5273E-02
3.2183E-02
3.1669E-02
2.4846E-02
1.5122E-02
3.6364E-03
-6.1839E-03
-1.3595E-02
-2.3398E-02
-3.3760E-02
-3.7722E-02
-3.6077E-02
-3.5232E-02
-3.4315E-02
-3.4430E-02
-4.1274E-02
-4.7316E-02
-4.4473E-02
-3.7149E-02
-3.3646E-02
-3.2724E-02
-2.6650E-02
-1.9397E-02
-1.6006E-02
-1.0262E-02
1.1303E-03
6.5565E-03
4.2210E-04
-4.5093E-03
-1.0437E-03
8.2463E-03
1.6614E-02
1.4979E-02
3.6021E-03
-5.6437E-03
-5.5915E-03
-2.6853E-03
-9.8270E-04
-3.7296E-03
-1.5737E-02
-2.9820E-02
-3.8525E-02
-4.2290E-02
-4.1511E-02
-3.8046E-02
-3.6633E-02
-3.5841E-02
-3.2809E-02
-3.5615E-02
-4.8792E-02
-6.4056E-02
-7.3220E-02
-7.4626E-02
-6.8778E-02
-6.1767E-02
-6.3141E-02
-7.0941E-02
-8.1292E-02
-9.4313E-02
-1.0687E-01
-1.1842E-01
-1.2479E-01
-1.1975E-01
-1.0559E-01
-9.2224E-02
-8.8848E-02
-8.6264E-02
-6.9100E-02
-4.0796E-02
-1.7485E-02
-1.3952E-02
-2.7590E-02
-4.1735E-02
-4.6626E-02
-4.1018E-02
-3.1357E-02
-2.3673E-02
-1.6263E-02
-1.2230E-02
-1.2520E-02
-1.3533E-02
-1.7640E-02
-1.8076E-02
-3.8333E-03
1.6338E-02
2.8597E-02
3.3215E-02
3.3979E-02
3.3980E-02
3.2790E-02
2.6617E-02
2.2010E-02
2.4222E-02
3.0073E-02
3.6654E-02
3.6747E-02
2.8694E-02
1.9295E-02
9.7851E-03
-1.8581E-03
-1.7681E-02
-3.1674E-02
-3.1705E-02
-2.2972E-02
-1.6163E-02
-1.2338E-02
-1.4164E-02
-1.8411E-02
-1.6443E-02
-8.4954E-03
-7.0456E-04
7.3665E-04
-8.2144E-03
-2.7595E-02
-4.9424E-02
-5.8985E-02
-5.0791E-02
-3.1771E-02
-1.7394E-02
-2.6618E-02
-5.5205E-02
-8.0222E-02
-9.0449E-02
-8.7648E-02
-7.7611E-02
-6.1857E-02
-4.0375E-02
-2.3525E-02
-2.4354E-02
-3.8620E-02
-4.6304E-02
-3.8919E-02
-2.7718E-02
-2.3760E-02
-2.7212E-02
-3.2619E-02
-3.4997E-02
-3.0351E-02
-2.1335E-02
-1.5650E-02
-9.6493E-03
4.5340E-03
2.2751E-02
3.8490E-02
5.1449E-02
6.3139E-02
7.5185E-02
8.6098E-02
8.7137E-02
7.2956E-02
5.1715E-02
3.5001E-02
2.4853E-02
1.7551E-02
1.5120E-02
1.7214E-02
1.7130E-02
1.2649E-02
6.1216E-03
8.6451E-03
2.5683E-02
4.0191E-02
3.6228E-02
1.8066E-02
1.4372E-03
-1.5289E-03
1.0733E-02
2.6995E-02
3.4838E-02
3.1479E-02
1.8858E-02
2.2151E-03
-1.2272E-02
-1.5456E-02
-6.8252E-03
-9.4548E-04
-3.6985E-03
-1.0864E-02
-1.6524E-02
-1.1764E-02
4.1031E-03
1.7369E-02
1.7090E-02
1.0847E-02
9.5246E-03
1.2973E-02
1.7046E-02
1.6703E-02
1.2281E-02
9.2547E-03
7.6952E-03
8.4146E-03
9.9159E-03
4.0354E-03
-6.3836E-03
-1.3069E-02
-1.6797E-02
-2.0337E-02
-2.5771E-02
-3.2440E-02
-3.5421E-02
-3.2343E-02
-2.6658E-02
-2.4262E-02
-2.8971E-02
-4.2743E-02
-6.1130E-02
-7.2777E-02
-7.5716E-02
-7.7527E-02
-8.0394E-02
-8.1647E-02
-7.8261E-02
-7.0734E-02
-6.6970E-02
-7.1555E-02
-7.7557E-02
-8.0778E-02
-8.6556E-02
-9.4192E-02
-9.5229E-02
-8.6451E-02
-7.2536E-02
-6.2824E-02
-6.3897E-02
-7.0640E-02
-7.3581E-02
-7.3262E-02
-7.3778E-02
-7.3570E-02
-7.1655E-02
-6.7102E-02
-5.8694E-02
-4.9961E-02
-4.2996E-02
-3.3368E-02
-2.0906E-02
-1.6950E-02
-2.4943E-02
-3.3442E-02
-3.5451E-02
-2.9510E-02
-1.5664E-02
3.8382E-03
2.6495E-02
4.3813E-02
4.8866E-02
4.6201E-02
4.2041E-02
4.0373E-02
4.4445E-02
5.1496E-02
5.4729E-02
5.1904E-02
4.5493E-02
3.6387E-02
2.3314E-02
9.0023E-03
-6.0435E-04
-3.4578E-03
-2.4536E-04
4.6852E-03
4.2325E-03
-5.6486E-04
-1.7090E-03
5.9999E-03
2.2045E-02
3.9231E-02
4.6509E-02
3.9300E-02
2.4573E-02
1.1357E-02
3.0105E-03
-3.7940E-04
-3.1200E-04
1.2590E-03
-4.5300E-04
-9.3347E-03
-2.0081E-02
-2.5327E-02
-2.1986E-02
-1.0948E-02
4.5732E-03
2.0948E-02
3.2318E-02
3.7494E-02
4.1951E-02
4.8311E-02
5.5612E-02
6.1629E-02
6.4415E-02
6.5373E-02
6.9083E-02
7.7815E-02
8.8991E-02
1.0059E-01
1.0920E-01
1.1122E-01
1.1014E-01
1.1075E-01
1.1373E-01
1.1724E-01
1.1862E-01
1.1897E-01
1.2069E-01
1.2100E-01
1.1584E-01
1.0568E-01
9.4327E-02
8.4458E-02
7.6060E-02
6.8053E-02
6.0352E-02
5.6145E-02
5.9107E-02
6.7834E-02
7.6896E-02
8.2125E-02
8.0890E-02
7.3729E-02
6.2754E-02
4.7715E-02
3.0910E-02
1.5505E-02
3.8751E-03
-2.4462E-03
-4.8191E-03
-5.4220E-03
-9.0459E-03
-1.7807E-02
-2.8026E-02
-3.5609E-02
-3.8130E-02
-3.8675E-02
-4.1437E-02
-4.4622E-02
-4.5775E-02
-4.6807E-02
-5.0863E-02
-5.6437E-02
-6.1314E-02
-6.6285E-02
-6.9014E-02
-6.8407E-02
-6.4251E-02
-5.5079E-02
-4.8162E-02
-4.7273E-02
-4.5923E-02
-4.2015E-02
-3.9643E-02
-4.2451E-02
-4.6337E-02
-4.5132E-02
-3.9153E-02
-3.3340E-02
-3.1804E-02
-3.0320E-02
-2.4218E-02
-1.5937E-02
-7.2393E-03
1.6019E-03
8.8350E-03
1.2502E-02
1.1354E-02
8.5831E-03
7.8932E-03
7.3699E-03
5.9205E-03
4.3926E-03
5.6154E-03
1.2867E-02
2.0922E-02
2.2701E-02
1.5589E-02
-1.5759E-03
-2.3335E-02
-3.7177E-02
-3.6077E-02
-2.5452E-02
-1.4918E-02
-1.1866E-02
-1.4829E-02
-1.2749E-02
-6.3817E-03
-8.3236E-03
-2.0039E-02
-3.3524E-02
-4.3035E-02
-4.7843E-02
-5.0860E-02
-5.3539E-02
-5.6762E-02
-6.4409E-02
-7.6083E-02
-8.4050E-02
-8.5180E-02
-8.2626E-02
-7.7264E-02
-7.1666E-02
-6.9040E-02
-6.6339E-02
-6.2565E-02
-5.9870E-02
-5.6071E-02
-4.8478E-02
-3.5783E-02
-1.8198E-02
-2.6448E-03
2.3848E-03
-1.1218E-03
-4.3550E-03
-3.6501E-03
-1.7480E-03
-3.8883E-03
-1.2817E-02
-2.2607E-02
-2.3371E-02
-1.4891E-02
-5.2408E-03
2.6643E-03
8.6261E-03
9.9732E-03
9.2816E-03
8.4887E-03
2.3061E-03
-6.8266E-03
-9.0121E-03
-4.8244E-03
6.4363E-04
8.5354E-03
1.5274E-02
1.6551E-02
1.9003E-02
2.2712E-02
2.1866E-02
2.3881E-02
3.2108E-02
3.9706E-02
4.6040E-02
4.8453E-02
4.3267E-02
3.4973E-02
2.6137E-02
1.5015E-02
1.8637E-03
-7.9200E-03
-7.6873E-03
1.8180E-03
1.4136E-02
2.4359E-02
3.3027E-02
4.3876E-02
5.4469E-02
5.8496E-02
5.7820E-02
5.5297E-02
5.0404E-02
4.7278E-02
4.8338E-02
5.1747E-02
5.4680E-02
5.3445E-02
4.7824E-02
4.1137E-02
3.5253E-02
3.1097E-02
3.0684E-02
3.1529E-02
2.8828E-02
2.3429E-02
1.8022E-02
1.3039E-02
8.7315E-03
5.4377E-03
4.5393E-03
7.9115E-03
1.4458E-02
1.8534E-02
1.3802E-02
3.1210E-03
-6.6469E-03
-1.5103E-02
-2.1708E-02
-2.5151E-02
-2.8058E-02
-3.2433E-02
-3.7235E-02
-4.1216E-02
-4.3564E-02
-4.4966E-02
-4.4957E-02
-4.1067E-02
-3.8012E-02
-4.1158E-02
-4.5795E-02
-4.7071E-02
-4.6719E-02
-4.7999E-02
-5.2534E-02
-5.7969E-02
-5.8117E-02
-5.3874E-02
-5.2651E-02
-5.4645E-02
-5.7580E-02
-6.3736E-02
-7.2346E-02
-7.8171E-02
-7.8616E-02
-7.3259E-02
-6.2305E-02
-4.9940E-02
-3.7931E-02
-2.4171E-02
-1.4520E-02
-1.6051E-02
-2.1418E-02
-2.0820E-02
-1.6068E-02
-1.0675E-02
-8.9905E-03
-1.5283E-02
-2.1276E-02
-2.2260E-02
-2.5290E-02
-2.9630E-02
-3.0486E-02
-2.9255E-02
-2.8863E-02
-3.0481E-02
-3.3230E-02
-3.0906E-02
-2.1219E-02
-1.5750E-02
-1.8442E-02
-2.1117E-02
-2.0477E-02
-1.4349E-02
-2.0874E-03
1.3679E-02
2.9058E-02
3.6722E-02
3.4519E-02
2.7171E-02
2.0303E-02
1.7372E-02
1.3119E-02
4.5726E-03
-4.2094E-04
-1.5386E-03
-5.8043E-03
-1.2504E-02
-1.6444E-02
-1.2673E-02
-3.4634E-03
2.4289E-03
4.6254E-03
8.3278E-03
1.5141E-02
2.3862E-02
3.2754E-02
3.9390E-02
4.1467E-02
4.0790E-02
4.1191E-02
4.3069E-02
4.4684E-02
4.6044E-02
4.6106E-02
4.2712E-02
3.6298E-02
3.0389E-02
2.9554E-02
3.4723E-02
4.3233E-02
4.9013E-02
4.8586E-02
4.7132E-02
4.6964E-02
4.4131E-02
3.8656E-02
3.4027E-02
3.4187E-02
4.2739E-02
5.3244E-02
5.5010E-02
5.1611E-02
5.1201E-02
5.2530E-02
5.2750E-02
5.0451E-02
4.4454E-02
3.6446E-02
2.8423E-02
2.1614E-02
1.8520E-02
2.1665E-02
2.7595E-02
2.8285E-02
2.4419E-02
2.2922E-02
2.4000E-02
2.4532E-02
2.3235E-02
2.0680E-02
2.0347E-02
2.3338E-02
2.6855E-02
2.8876E-02
2.9856E-02
3.1938E-02
3.4604E-02
3.6811E-02
4.0285E-02
4.3773E-02
4.4742E-02
4.4859E-02
4.5782E-02
4.6245E-02
4.6322E-02
4.7785E-02
4.9802E-02
5.1332E-02
5.3288E-02
5.4295E-02
5.2368E-02
4.8420E-02
4.4083E-02
4.2449E-02
4.5711E-02
4.9853E-02
5.2372E-02
5.5019E-02
5.6993E-02
5.5754E-02
4.7663E-02
3.4055E-02
2.3664E-02
1.9921E-02
1.9197E-02
1.7718E-02
1.3241E-02
9.2065E-03
1.0845E-02
1.6510E-02
2.1871E-02
2.3509E-02
1.9976E-02
1.3750E-02
7.2107E-03
1.1978E-03
-2.6151E-03
-4.2034E-03
-5.4221E-03
-5.4275E-03
-3.4533E-03
3.5633E-04
4.9269E-03
6.3084E-03
3.8775E-03
3.0498E-04
-2.4965E-04
4.2448E-03
9.0138E-03
1.3877E-02
2.2253E-02
3.0028E-02
3.1655E-02
2.7133E-02
2.0696E-02
1.4049E-02
6.7030E-03
-8.5148E-04
-8.9256E-03
-1.4416E-02
-1.3930E-02
-7.7162E-03
6.6109E-04
4.2907E-03
2.2123E-03
-2.2569E-03
-6.7713E-03
-7.2691E-03
-3.2653E-03
1.3483E-03
1.9446E-03
-3.4184E-03
-1.0132E-02
-1.2843E-02
-1.0419E-02
-4.9564E-03
-7.7959E-04
-1.6703E-04
-2.2842E-03
-6.4496E-03
-1.1404E-02
-1.5725E-02
-1.9186E-02
-2.1985E-02
-2.5522E-02
-3.0468E-02
-3.4556E-02
-3.5244E-02
-3.2018E-02
-2.6762E-02
-2.3174E-02
-2.4006E-02
-2.8221E-02
-3.3162E-02
-3.8157E-02
-4.1781E-02
-4.2462E-02
-4.3003E-02
-4.5622E-02
-4.8841E-02
-5.2079E-02
-5.4074E-02
-5.2429E-02
-4.9467E-02
-5.0264E-02
-5.4837E-02
-5.9083E-02
-6.2112E-02
-6.4756E-02
-6.7439E-02
-7.2864E-02
-7.8660E-02
-7.9057E-02
-7.6539E-02
-7.4890E-02
-7.2440E-02
-6.8100E-02
-6.3086E-02
-5.8053E-02
-5.3546E-02
-5.0735E-02
-4.7741E-02
-4.3078E-02
-3.7947E-02
-3.0365E-02
-2.0629E-02
-1.4406E-02
-1.4295E-02
-1.7194E-02
-1.8473E-02
-1.6909E-02
-1.4265E-02
-1.1114E-02
-5.8860E-03
2.4045E-03
1.2544E-02
2.1281E-02
2.6163E-02
3.0154E-02
3.5761E-02
4.1219E-02
4.6995E-02
5.2216E-02
5.2600E-02
5.0354E-02
5.1797E-02
5.6427E-02
5.9599E-02
5.9197E-02
5.6121E-02
5.4293E-02
5.7937E-02
6.4662E-02
6.6808E-02
6.1903E-02
5.3926E-02
4.8284E-02
4.7425E-02
4.7071E-02
4.2449E-02
3.6308E-02
3.7218E-02
4.8882E-02
6.2533E-02
6.8349E-02
6.7688E-02
6.6633E-02
6.6802E-02
6.2659E-02
4.9767E-02
3.4554E-02
2.5252E-02
2.4537E-02
2.9030E-02
3.2252E-02
3.3682E-02
3.5140E-02
3.6071E-02
3.4400E-02
2.9006E-02
2.2994E-02
1.8928E-02
1.5914E-02
1.0978E-02
2.4450E-03
-6.8697E-03
-1.2216E-02
-1.1322E-02
-7.6019E-03
-7.0151E-03
-1.0847E-02
-1.6092E-02
-2.0076E-02
-2.2028E-02
-2.4526E-02
-3.1137E-02
-3.9802E-02
-4.5894E-02
-4.8765E-02
-4.8726E-02
-4.6605E-02
-4.5690E-02
-4.8763E-02
-5.6734E-02
-6.7706E-02
-7.8310E-02
-8.7365E-02
-9.4234E-02
-9.7646E-02
-9.7980E-02
-9.7165E-02
-9.5852E-02
-9.2571E-02
-8.8123E-02
-8.5221E-02
-8.4011E-02
-8.4005E-02
-8.4301E-02
-8.3030E-02
-8.1862E-02
-8.1788E-02
-7.8633E-02
-7.4058E-02
-7.4101E-02
-7.6357E-02
-7.4953E-02
-6.7546E-02
-5.7845E-02
-5.3439E-02
-5.5223E-02
-5.6905E-02
-5.4017E-02
-4.8084E-02
-4.1212E-02
-3.4354E-02
-3.0099E-02
-2.8574E-02
-2.8265E-02
-2.8687E-02
-3.0051E-02
-3.2771E-02
-3.4313E-02
-3.1819E-02
-2.4640E-02
-1.4856E-02
-8.2531E-03
-5.9212E-03
-2.4832E-03
4.8761E-03
1.3259E-02
1.6043E-02
1.2270E-02
7.6563E-03
4.4519E-03
1.4827E-03
-3.1268E-03
-6.9559E-03
-4.8725E-03
3.6188E-04
3.4925E-03
3.2486E-03
4.1369E-04
-8.1271E-04
3.5095E-03
1.1273E-02
1.5682E-02
1.4019E-02
1.1186E-02
1.1796E-02
1.6365E-02
2.2771E-02
2.7517E-02
2.8556E-02
2.7709E-02
2.8627E-02
3.2244E-02
3.7212E-02
4.3114E-02
5.0501E-02
5.8129E-02
6.3632E-02
6.4792E-02
6.1488E-02
5.8071E-02
5.5393E-02
5.0674E-02
4.5154E-02
4.0970E-02
3.8886E-02
3.7683E-02
3.7237E-02
4.0965E-02
4.8797E-02
5.5988E-02
5.8401E-02
5.7209E-02
5.7467E-02
5.8775E-02
5.4308E-02
4.2232E-02
2.9200E-02
2.1359E-02
1.8584E-02
1.6586E-02
1.3079E-02
9.2911E-03
5.9559E-03
1.8891E-03
-4.1735E-03
-1.0882E-02
-1.6782E-02
-2.3843E-02
-3.1474E-02
-3.5893E-02
-3.8307E-02
-4.2151E-02
-4.7930E-02
-5.3933E-02
-5.8296E-02
-6.1637E-02
-6.4485E-02
-6.7106E-02
-7.0058E-02
-7.1554E-02
-7.0648E-02
-6.8389E-02
-6.5836E-02
-6.4611E-02
-6.5585E-02
-6.6650E-02
-6.6110E-02
-6.6038E-02
-6.6798E-02
-6.5141E-02
-6.0312E-02
-5.4206E-02
-4.9491E-02
-5.0399E-02
-5.5569E-02
-5.7761E-02
-5.6201E-02
-5.3064E-02
-4.8164E-02
-4.5061E-02
-4.5308E-02
-4.5228E-02
-4.2947E-02
-3.7751E-02
-2.9102E-02
-1.8624E-02
-9.8017E-03
-3.9932E-03
2.6594E-03
1.0738E-02
1.4946E-02
1.5288E-02
1.5475E-02
1.6274E-02
1.7476E-02
1.7576E-02
1.6283E-02
1.7180E-02
2.2780E-02
3.1566E-02
4.0231E-02
4.6168E-02
4.9212E-02
5.0840E-02
5.0741E-02
4.7559E-02
4.3040E-02
4.1512E-02
4.4570E-02
5.0126E-02
5.5768E-02
5.9562E-02
6.1655E-02
6.3861E-02
6.7223E-02
7.2027E-02
7.6433E-02
7.8430E-02
7.9268E-02
7.9658E-02
7.7636E-02
7.2788E-02
6.7124E-02
6.2271E-02
5.7709E-02
5.2797E-02
4.9043E-02
4.7435E-02
4.8031E-02
4.9717E-02
5.0605E-02
5.0753E-02
4.9984E-02
4.8507E-02
4.7614E-02
4.6474E-02
4.3628E-02
3.9239E-02
3.4163E-02
2.9146E-02
2.3677E-02
1.6468E-02
9.9014E-03
7.7948E-03
9.5192E-03
1.2199E-02
1.3533E-02
1.2395E-02
8.0762E-03
1.1875E-03
-4.1551E-03
-4.7887E-03
-1.0619E-03
3.9574E-03
6.1544E-03
6.2701E-03
7.6071E-03
7.7066E-03
1.8778E-03
-6.6630E-03
-1.1135E-02
-1.2757E-02
-1.6759E-02
-2.2950E-02
-2.5641E-02
-2.1390E-02
-1.4901E-02
-1.3947E-02
-2.1320E-02
-3.2205E-02
-3.9863E-02
-4.1783E-02
-3.8549E-02
-3.2715E-02
-2.8505E-02
-2.8748E-02
-3.2119E-02
-3.6585E-02
-4.1707E-02
-4.6809E-02
-5.1668E-02
-5.4793E-02
-5.4610E-02
-5.3131E-02
-5.2230E-02
-5.0656E-02
-4.7439E-02
-4.3362E-02
-3.9817E-02
-3.9208E-02
-4.1573E-02
-4.3449E-02
-4.3945E-02
-4.4385E-02
-4.3577E-02
-4.0443E-02
-3.5831E-02
-2.9763E-02
-2.3779E-02
-2.0556E-02
-1.9314E-02
-1.8554E-02
-1.8484E-02
-1.9985E-02
-2.4316E-02
-2.9152E-02
-2.9097E-02
-2.3088E-02
-1.4340E-02
-6.7288E-03
-3.1563E-03
-7.7117E-04
4.8755E-03
1.3047E-02
2.2204E-02
3.0897E-02
3.7438E-02
4.1300E-02
4.2607E-02
4.2754E-02
4.1315E-02
3.7526E-02
3.2542E-02
2.6922E-02
2.1069E-02
1.4619E-02
8.7148E-03
6.6781E-03
9.7927E-03
1.7118E-02
2.6115E-02
3.4070E-02
4.0789E-02
4.7111E-02
5.0610E-02
4.9598E-02
4.7953E-02
4.8589E-02
5.0607E-02
5.0927E-02
4.5804E-02
3.7288E-02
3.1492E-02
2.9303E-02
2.6799E-02
2.1501E-02
1.3147E-02
5.0569E-03
5.2482E-03
1.4574E-02
2.3004E-02
2.5396E-02
2.5203E-02
2.4886E-02
2.3755E-02
1.9591E-02
1.1544E-02
5.0274E-03
4.8163E-03
6.7244E-03
6.8997E-03
5.9912E-03
3.0986E-03
-8.7734E-04
-2.8202E-03
-1.4988E-03
2.6906E-03
7.3101E-03
1.1779E-02
1.8277E-02
2.6646E-02
3.2666E-02
3.2136E-02
2.7624E-02
2.3575E-02
2.0283E-02
1.8000E-02
1.7053E-02
1.7215E-02
2.0729E-02
2.7389E-02
3.2163E-02
3.3315E-02
3.1144E-02
2.7869E-02
3.1484E-02
4.2162E-02
4.9502E-02
4.9904E-02
4.7511E-02
4.4904E-02
4.3609E-02
4.3138E-02
4.1694E-02
4.2523E-02
4.5438E-02
4.3200E-02
3.6680E-02
3.0273E-02
2.5182E-02
2.5199E-02
2.7312E-02
2.4894E-02
1.9466E-02
1.3153E-02
6.8849E-03
2.8768E-03
-8.5634E-04
-8.2309E-03
-1.7087E-02
-2.1840E-02
-2.2691E-02
-2.3550E-02
-2.4399E-02
-2.4037E-02
-2.2551E-02
-1.9778E-02
-1.7975E-02
-1.8793E-02
-1.9304E-02
-2.0002E-02
-2.3413E-02
-2.4258E-02
-2.2006E-02
-2.4379E-02
-3.0419E-02
-3.4280E-02
-3.3096E-02
-2.9251E-02
-2.9973E-02
-3.4660E-02
-3.7106E-02
-3.6907E-02
-3.5691E-02
-3.2923E-02
-2.8236E-02
-2.3075E-02
-1.9288E-02
-1.6483E-02
-1.2172E-02
-4.5655E-03
3.2385E-03
6.5002E-03
7.0759E-03
7.4320E-03
5.7687E-03
3.0026E-03
9.7600E-04
-6.3405E-04
-2.1903E-03
-4.5105E-03
-7.7721E-03
-1.1237E-02
-1.4008E-02
-1.6628E-02
-2.0799E-02
-2.4973E-02
-2.7205E-02
-2.8335E-02
-2.9770E-02
-3.3641E-02
-3.9156E-02
-4.2625E-02
-4.4414E-02
-4.6518E-02
-4.7925E-02
-4.7458E-02
-4.5489E-02
-4.1636E-02
-3.4932E-02
-2.8551E-02
-2.6673E-02
-2.8040E-02
-3.0869E-02
-3.3375E-02
-3.3118E-02
-3.1572E-02
-2.8777E-02
-2.5281E-02
-2.4409E-02
-2.3256E-02
-1.7811E-02
-9.1224E-03
-1.2786E-03
8.4508E-04
-2.6771E-03
-7.7003E-03
-1.1217E-02
-1.3263E-02
-1.3606E-02
-1.0897E-02
-6.6914E-03
-1.3232E-03
5.8959E-03
1.1672E-02
1.4534E-02
1.6365E-02
1.6641E-02
1.4517E-02
1.0546E-02
5.5790E-03
3.1236E-03
5.0467E-03
7.0736E-03
4.5244E-03
-7.2544E-04
-2.4870E-03
3.7859E-04
3.3247E-03
2.3525E-03
-9.5822E-04
-3.5527E-04
5.4098E-03
1.1524E-02
1.4985E-02
1.7963E-02
2.3056E-02
2.8092E-02
3.0192E-02
2.7918E-02
2.2732E-02
1.9607E-02
1.9390E-02
1.9272E-02
1.9350E-02
2.1001E-02
2.4310E-02
2.9272E-02
3.4373E-02
3.8269E-02
4.2576E-02
4.6505E-02
4.8176E-02
4.8736E-02
4.8530E-02
4.8176E-02
4.9958E-02
5.3605E-02
5.6697E-02
5.8451E-02
5.9812E-02
6.0687E-02
5.9722E-02
5.7065E-02
5.3413E-02
5.0243E-02
4.9475E-02
4.8923E-02
4.6406E-02
4.2749E-02
3.9637E-02
3.8959E-02
3.8331E-02
3.4717E-02
2.9243E-02
2.2525E-02
1.4912E-02
8.0975E-03
4.3448E-03
4.6162E-03
6.9514E-03
9.1273E-03
8.7978E-03
5.0595E-03
1.2686E-04
-4.0464E-03
-7.5432E-03
-1.2016E-02
-1.8070E-02
-2.4760E-02
-3.1092E-02
-3.6531E-02
-4.0766E-02
-4.2739E-02
-4.2978E-02
-4.3456E-02
-4.4257E-02
-4.4990E-02
-4.4863E-02
-4.1965E-02
-3.6656E-02
-3.0849E-02
-2.6741E-02
-2.7030E-02
-3.1012E-02
-3.5209E-02
-3.8261E-02
-4.1163E-02
-4.4547E-02
-4.7355E-02
-4.7773E-02
-4.5596E-02
-4.3138E-02
-4.2065E-02
-4.2319E-02
-4.3882E-02
-4.5173E-02
-4.4506E-02
-4.3354E-02
-4.2472E-02
-4.1717E-02
-4.2645E-02
-4.3447E-02
-4.0668E-02
-3.6120E-02
-3.3279E-02
-3.3162E-02
-3.4714E-02
-3.5037E-02
-3.2288E-02
-2.8720E-02
-2.7864E-02
-2.8679E-02
-2.8441E-02
-2.7416E-02
-2.6914E-02
-2.8911E-02
-3.3027E-02
-3.6928E-02
-3.9050E-02
-3.6511E-02
-3.1608E-02
-3.0130E-02
-3.3269E-02
-4.0019E-02
-4.5924E-02
-4.8497E-02
-5.0977E-02
-5.3334E-02
-5.3732E-02
-5.1767E-02
-4.7562E-02
-4.2778E-02
-3.6176E-02
-2.6349E-02
-1.6252E-02
-7.4148E-03
-1.8594E-03
-7.6392E-04
-1.1101E-03
-3.4231E-03
-7.4467E-03
-1.0598E-02
-1.4456E-02
-1.9444E-02
-2.3801E-02
-2.6642E-02
-2.7869E-02
-2.6848E-02
-2.2491E-02
-1.6104E-02
-8.4708E-03
-3.1888E-04
5.3089E-03
7.8987E-03
9.6726E-03
1.0752E-02
9.6645E-03
8.2732E-03
8.0070E-03
6.3760E-03
1.9011E-03
-4.7550E-03
-9.6407E-03
-9.7216E-03
-8.1260E-03
-7.3570E-03
-5.9104E-03
-2.3729E-03
2.7574E-03
7.5326E-03
9.6485E-03
9.2261E-03
8.3509E-03
7.1525E-03
4.9932E-03
3.2499E-03
4.0552E-03
8.0088E-03
1.3955E-02
1.9964E-02
2.4125E-02
2.5158E-02
2.3742E-02
2.3002E-02
2.5228E-02
2.9223E-02
3.1899E-02
3.1546E-02
2.9108E-02
2.6512E-02
2.4318E-02
2.1811E-02
1.9900E-02
2.0148E-02
2.3302E-02
2.9754E-02
3.7184E-02
4.2836E-02
4.6780E-02
4.9466E-02
5.0321E-02
4.8655E-02
4.4331E-02
3.8861E-02
3.6149E-02
3.6812E-02
3.6698E-02
3.5276E-02
3.5348E-02
3.7592E-02
4.0993E-02
4.3275E-02
4.3589E-02
4.4244E-02
4.5336E-02
4.4963E-02
4.2723E-02
3.9647E-02
3.8581E-02
4.1016E-02
4.5204E-02
4.8308E-02
4.9382E-02
4.8862E-02
4.6494E-02
4.3050E-02
3.9608E-02
3.6725E-02
3.4083E-02
3.1075E-02
2.7659E-02
2.3118E-02
1.9015E-02
1.8858E-02
2.3523E-02
2.9948E-02
3.3485E-02
3.2503E-02
2.9375E-02
2.5693E-02
1.9734E-02
1.1559E-02
3.6529E-03
-3.5787E-03
-1.0246E-02
-1.4785E-02
-1.5549E-02
-1.3131E-02
-9.8949E-03
-6.8883E-03
-5.0288E-03
-7.0343E-03
-1.4117E-02
-2.4144E-02
-3.3744E-02
-4.1612E-02
-4.9204E-02
-5.6291E-02
-5.9722E-02
-5.8396E-02
-5.5849E-02
-5.5856E-02
-5.8409E-02
-6.1597E-02
-6.3528E-02
-6.3844E-02
-6.3632E-02
-6.3495E-02
-6.3417E-02
-6.1988E-02
-5.7863E-02
-5.2634E-02
-4.9711E-02
-5.1236E-02
-5.5268E-02
-5.6599E-02
-5.2517E-02
-4.5346E-02
-3.9283E-02
-3.6848E-02
-3.6243E-02
-3.3674E-02
-2.9034E-02
-2.5228E-02
-2.2882E-02
-2.0933E-02
-1.9085E-02
-1.6740E-02
-1.3781E-02
-9.9747E-03
-4.2933E-03
2.3296E-03
5.6870E-03
1.9716E-03
-5.7932E-03
-1.0909E-02
-9.5924E-03
-2.4840E-03
4.3446E-03
6.8142E-03
7.8331E-03
1.0838E-02
1.6535E-02
2.2191E-02
2.4471E-02
2.3946E-02
2.1979E-02
1.9495E-02
1.6766E-02
1.1862E-02
6.9308E-03
6.9941E-03
1.2010E-02
1.9493E-02
2.6039E-02
2.9528E-02
3.3138E-02
3.7379E-02
3.8066E-02
3.5342E-02
3.2585E-02
3.1500E-02
3.2526E-02
3.3724E-02
3.1481E-02
2.6957E-02
2.5625E-02
2.9686E-02
3.7971E-02
4.6241E-02
5.0230E-02
5.3221E-02
5.9020E-02
6.5393E-02
6.9221E-02
6.9822E-02
6.9184E-02
6.8394E-02
6.5625E-02
5.9874E-02
5.4073E-02
5.2185E-02
5.3953E-02
5.5769E-02
5.4614E-02
5.1027E-02
4.7985E-02
4.5647E-02
4.2272E-02
3.8363E-02
3.5187E-02
3.3700E-02
3.3517E-02
3.1858E-02
2.7681E-02
2.3052E-02
2.0577E-02
2.0706E-02
2.0555E-02
1.7953E-02
1.4808E-02
1.3649E-02
1.2365E-02
7.3013E-03
-5.6753E-04
-6.7963E-03
-8.6164E-03
-8.4517E-03
-9.6612E-03
-1.0716E-02
-1.0399E-02
-1.0587E-02
-1.1751E-02
-1.3947E-02
-1.6658E-02
-1.7943E-02
-1.8162E-02
-1.9520E-02
-2.2179E-02
-2.4771E-02
-2.5442E-02
-2.2983E-02
-2.0181E-02
-2.0184E-02
-2.1014E-02
-1.9909E-02
-1.8200E-02
-1.7443E-02
-1.7893E-02
-1.9235E-02
-2.0151E-02
-2.1595E-02
-2.3826E-02
-2.5691E-02
-2.7314E-02
-2.7730E-02
-2.7316E-02
-2.7486E-02
-2.9333E-02
-3.3391E-02
-3.6471E-02
-3.6700E-02
-3.7021E-02
-3.8889E-02
-4.0572E-02
-4.1105E-02
-4.0439E-02
-3.9216E-02
-3.8971E-02
-3.8675E-02
-3.6706E-02
-3.4191E-02
-3.1649E-02
-2.9585E-02
-3.0323E-02
-3.4647E-02
-4.0045E-02
-4.3576E-02
-4.5233E-02
-4.6469E-02
-4.7725E-02
-4.8417E-02
-4.7389E-02
-4.4535E-02
-4.1357E-02
-3.8369E-02
-3.3908E-02
-2.8740E-02
-2.6306E-02
-2.6199E-02
-2.4754E-02
-2.0515E-02
-1.6113E-02
-1.5049E-02
-1.7191E-02
-1.8759E-02
-1.8044E-02
-1.8581E-02
-2.1524E-02
-2.3879E-02
-2.4326E-02
-2.2390E-02
-1.8707E-02
-1.4026E-02
-8.3570E-03
-3.9887E-03
-2.0376E-03
-8.9599E-04
-8.2669E-05
-2.9301E-04
-9.8521E-04
-3.9411E-04
5.9642E-04
-5.2437E-04
-2.3594E-03
-2.1343E-03
-5.9127E-04
-1.4084E-03
-6.8241E-03
-1.3900E-02
-1.9424E-02
-2.3024E-02
-2.3933E-02
-2.1790E-02
-1.7416E-02
-1.1644E-02
-5.2245E-03
9.3656E-04
6.2199E-03
1.0030E-02
1.1132E-02
9.0766E-03
5.0057E-03
1.7040E-03
2.8911E-04
-6.4517E-04
-5.5149E-04
-1.5888E-04
-1.2093E-03
-1.5066E-03
5.9475E-04
3.9359E-03
7.2494E-03
1.0188E-02
1.3327E-02
1.6412E-02
1.7962E-02
1.8676E-02
2.1628E-02
2.6308E-02
2.8856E-02
2.8795E-02
2.8340E-02
2.7977E-02
2.7648E-02
2.7613E-02
2.6871E-02
2.4225E-02
2.0250E-02
1.7936E-02
1.9897E-02
2.4763E-02
2.9373E-02
3.2615E-02
3.5280E-02
3.7303E-02
3.7337E-02
3.5435E-02
3.2759E-02
2.9731E-02
2.7272E-02
2.6460E-02
2.6814E-02
2.7939E-02
2.9535E-02
3.1193E-02
3.3667E-02
3.5782E-02
3.7002E-02
3.9125E-02
4.0954E-02
4.2233E-02
4.2857E-02
4.0243E-02
3.5594E-02
3.0802E-02
2.6133E-02
2.2936E-02
2.1042E-02
1.9413E-02
1.8701E-02
1.9962E-02
2.3388E-02
2.7401E-02
2.9178E-02
2.8533E-02
2.7085E-02
2.4999E-02
2.2918E-02
2.1206E-02
1.8365E-02
1.3951E-02
8.8060E-03
3.9472E-03
-5.8823E-05
-3.9841E-03
-7.5652E-03
-9.6794E-03
-9.4362E-03
-5.2989E-03
8.2332E-04
6.3641E-03
1.2831E-02
1.9377E-02
2.3159E-02
2.3327E-02
1.9866E-02
1.4626E-02
9.5033E-03
3.6575E-03
-3.3077E-03
-8.5645E-03
-1.0020E-02
-8.4272E-03
-4.3750E-03
6.6470E-04
4.2101E-03
5.9837E-03
6.4130E-03
5.0925E-03
3.4103E-03
2.1675E-03
1.7040E-04
-2.3404E-03
-6.4146E-03
-1.0527E-02
-9.9063E-03
-7.6220E-03
-7.8270E-03
-9.5430E-03
-1.1933E-02
-1.3535E-02
-1.5372E-02
-1.8840E-02
-2.0852E-02
-2.0456E-02
-2.0351E-02
-2.1972E-02
-2.5476E-02
-2.9050E-02
-2.9860E-02
-2.9309E-02
-2.8717E-02
-2.7870E-02
-2.9526E-02
-3.1118E-02
-2.8635E-02
-2.6920E-02
-2.8293E-02
-3.0381E-02
-3.2702E-02
-3.2315E-02
-2.8645E-02
-2.5360E-02
-2.1881E-02
-1.7519E-02
-1.4726E-02
-1.3780E-02
-1.3243E-02
-1.3284E-02
-1.3829E-02
-1.3533E-02
-1.3816E-02
-1.5843E-02
-1.7001E-02
-1.5671E-02
-1.2585E-02
-1.0117E-02
-1.0902E-02
-1.2507E-02
-9.8803E-03
-4.9211E-03
-3.3854E-03
-5.0310E-03
-4.8423E-03
-5.0896E-04
4.1719E-03
5.0442E-03
2.7974E-03
1.0523E-03
2.5731E-03
4.5975E-03
3.2690E-03
-3.4282E-04
-3.6534E-03
-4.2084E-03
-2.3271E-03
-1.4749E-03
-2.4453E-03
-3.1005E-03
-1.0565E-03
2.8642E-03
4.7662E-03
5.4150E-03
8.0063E-03
1.0149E-02
9.2283E-03
6.9541E-03
4.8958E-03
4.5020E-03
5.8917E-03
5.9545E-03
3.7462E-03
7.6563E-04
-1.7134E-03
-1.3445E-03
1.8220E-03
4.0075E-03
4.9778E-03
6.7209E-03
7.5011E-03
6.5357E-03
4.5343E-03
2.2627E-03
2.8928E-03
6.0640E-03
7.6677E-03
6.9308E-03
5.2574E-03
3.6566E-03
2.5324E-03
1.8324E-03
1.9143E-03
2.8868E-03
4.4255E-03
5.5759E-03
5.4411E-03
4.5076E-03
3.3547E-03
3.1285E-03
4.1357E-03
4.4638E-03
3.1120E-03
-1.5540E-04
-3.8794E-03
-5.1133E-03
-4.7170E-03
-4.3709E-03
-2.5631E-03
-2.8851E-04
-1.0674E-03
-3.7353E-03
-3.9335E-03
-7.4041E-04
4.3237E-03
9.7008E-03
1.3009E-02
1.4124E-02
1.4513E-02
1.4168E-02
1.4169E-02
1.5104E-02
1.4753E-02
1.3386E-02
1.3861E-02
1.4394E-02
1.1842E-02
8.6705E-03
7.2290E-03
6.8952E-03
8.3132E-03
9.8883E-03
8.6231E-03
5.7613E-03
2.6863E-03
9.4027E-05
2.1359E-04
2.2320E-03
2.4000E-03
6.8826E-04
3.3456E-04
6.5885E-04
-1.3216E-03
-4.9916E-03
-7.9851E-03
-8.6395E-03
-7.5818E-03
-8.7729E-03
-1.2879E-02
-1.4892E-02
-1.3011E-02
-1.0890E-02
-1.1477E-02
-1.3933E-02
-1.6486E-02
-1.9350E-02
-2.2092E-02
-2.3454E-02
-2.3332E-02
-2.2418E-02
-2.1830E-02
-2.1932E-02
-2.2418E-02
-2.2323E-02
-2.0561E-02
-1.8258E-02
-1.7417E-02
-1.7966E-02
-1.7670E-02
-1.5142E-02
-1.2323E-02
-1.1910E-02
-1.3266E-02
-1.2566E-02
-9.0124E-03
-6.1825E-03
-5.1953E-03
-4.5047E-03
-2.9541E-03
-7.3725E-05
3.8071E-03
7.5163E-03
1.0282E-02
1.3358E-02
1.6038E-02
1.6913E-02
1.7504E-02
1.7739E-02
1.6820E-02
1.5307E-02
1.3290E-02
1.1066E-02
8.3706E-03
4.8160E-03
3.1288E-03
6.4271E-03
1.0774E-02
1.0296E-02
6.8435E-03
3.7148E-03
2.0370E-03
2.6394E-03
3.8998E-03
4.6745E-03
4.3974E-03
2.8448E-03
1.7355E-03
2.0021E-03
2.4737E-03
2.1959E-03
3.0532E-03
4.9168E-03
4.6318E-03
2.8136E-03
2.1830E-03
2.9617E-03
3.6832E-03
3.3387E-03
1.9554E-03
4.9965E-04
-6.4413E-04
-2.1152E-03
-3.4753E-03
-4.1607E-03
-4.4348E-03
-4.3821E-03
-4.7382E-03
-5.1624E-03
-3.0306E-03
9.6427E-04
2.6861E-03
8.7711E-04
-2.4602E-03
-4.8569E-03
-5.9337E-03
-8.0105E-03
-1.1940E-02
-1.5020E-02
-1.5880E-02
-1.6216E-02
-1.6643E-02
-1.7676E-02
-2.0049E-02
-2.1176E-02
-1.9518E-02
-1.7700E-02
-1.6734E-02
-1.5711E-02
-1.4311E-02
-1.2069E-02
-1.0231E-02
-9.7887E-03
-8.5477E-03
-5.7948E-03
-4.0020E-03
-4.2910E-03
-5.4575E-03
-6.4986E-03
-6.1113E-03
-3.2300E-03
-7.6162E-04
-4.8023E-04
1.7856E-03
7.4418E-03
1.3214E-02
1.7192E-02
1.8863E-02
2.0075E-02
2.2459E-02
2.3503E-02
2.2532E-02
2.2370E-02
2.2970E-02
2.2769E-02
2.1942E-02
2.0601E-02
1.8944E-02
1.7377E-02
1.6758E-02
1.7802E-02
1.8217E-02
1.6784E-02
1.5334E-02
1.5584E-02
1.8126E-02
1.9793E-02
1.8809E-02
1.8154E-02
1.8525E-02
1.7779E-02
1.4909E-02
1.2258E-02
1.1804E-02
1.2259E-02
1.2920E-02
1.3218E-02
1.2542E-02
1.0684E-02
7.7876E-03
6.5695E-03
7.9849E-03
9.4749E-03
1.0418E-02
1.1557E-02
1.3646E-02
1.6363E-02
1.6348E-02
1.4042E-02
1.3003E-02
1.2664E-02
1.2261E-02
1.1634E-02
1.0081E-02
8.6747E-03
8.3625E-03
9.0377E-03
1.0550E-02
1.2067E-02
1.1715E-02
9.8465E-03
8.9064E-03
8.8963E-03
7.9753E-03
5.6871E-03
3.7385E-03
3.2840E-03
2.4907E-03
-6.7734E-04
-4.8623E-03
-7.7764E-03
-9.0191E-03
-9.3751E-03
-1.0663E-02
-1.2328E-02
-1.1917E-02
-9.8044E-03
-7.3736E-03
-6.4110E-03
-7.8929E-03
-9.2707E-03
-9.0281E-03
-8.3331E-03
-7.5649E-03
-6.8264E-03
-5.3069E-03
-1.5795E-03
2.8280E-03
5.4867E-03
5.9569E-03
4.7336E-03
2.8202E-03
6.7861E-04
-2.4947E-03
-6.1910E-03
-8.7333E-03
-1.0124E-02
-1.1415E-02
-1.3258E-02
-1.5518E-02
-1.7249E-02
-1.7941E-02
-1.8834E-02
-2.0625E-02
-2.2525E-02
-2.4920E-02
-2.7183E-02
-2.7742E-02
-2.7449E-02
-2.7523E-02
-2.8819E-02
-3.1817E-02
-3.4800E-02
-3.5683E-02
-3.4809E-02
-3.3775E-02
-3.2808E-02
-3.1311E-02
-2.8743E-02
-2.5665E-02
-2.5613E-02
-2.9598E-02
-3.3272E-02
-3.4702E-02
-3.4577E-02
-3.3054E-02
-3.1418E-02
-2.9688E-02
-2.6665E-02
-2.3411E-02
-2.2325E-02
-2.3242E-02
-2.3673E-02
-2.3450E-02
-2.3439E-02
-2.3229E-02
-2.2691E-02
-2.1441E-02
-1.8989E-02
-1.5845E-02
-1.3588E-02
-1.3311E-02
-1.3893E-02
-1.4332E-02
-1.4405E-02
-1.4170E-02
-1.5057E-02
-1.6478E-02
-1.6486E-02
-1.6332E-02
-1.7229E-02
-1.8453E-02
-1.9504E-02
-1.9700E-02
-1.8812E-02
-1.7014E-02
-1.4167E-02
-1.1373E-02
-9.2832E-03
-6.3019E-03
-1.8679E-03
1.4670E-03
1.2028E-03
-6.5443E-04
-9.5179E-04
-5.3506E-04
-7.7924E-04
-1.6192E-03
-2.5802E-03
-2.5326E-03
-1.6909E-03
-1.4807E-03
-2.0419E-03
-2.1255E-03
-8.9236E-04
1.3272E-03
3.7494E-03
4.8010E-03
3.9449E-03
2.8317E-03
2.2977E-03
2.0956E-03
2.1392E-03
2.5603E-03
3.9289E-03
5.4342E-03
5.4978E-03
5.0823E-03
5.7531E-03
7.5264E-03
9.2986E-03
9.7280E-03
1.0210E-02
1.2680E-02
1.6348E-02
2.0121E-02
2.3182E-02
2.4763E-02
2.4574E-02
2.3080E-02
2.1864E-02
2.1822E-02
2.2791E-02
2.3819E-02
2.4098E-02
2.4414E-02
2.5391E-02
2.7110E-02
2.9904E-02