2.1510E+03
2.0000E-02
3.4452E-04
3.2142E-03
3.5081E-03
2.3977E-04
-2.0381E-03
-5.0976E-03
-4.3004E-03
-1.0469E-03
-5.9183E-04
-7.8719E-04
-4.1988E-03
-6.1047E-03
-4.3986E-03
-2.6984E-03
-5.5076E-04
-4.9310E-03
-9.5360E-03
-6.0617E-03
-1.5770E-03
-8.4355E-04
7.6857E-05
-1.2742E-03
-4.5208E-03
-5.7107E-03
-4.5099E-03
-7.1741E-04
2.8602E-03
3.5479E-03
6.3537E-04
-7.9134E-04
3.9150E-04
-4.7765E-03
-9.5806E-03
-1.4463E-03
9.4537E-05
-4.2727E-04
-7.6610E-04
1.3972E-03
4.0617E-03
-5.4842E-03
-5.2463E-03
4.6064E-03
3.2610E-03
-1.1156E-03
1.1629E-03
5.3131E-03
1.9508E-03
-5.6958E-03
-3.6402E-03
3.7401E-03
3.0748E-03
1.3799E-04
5.1353E-03
1.2955E-03
-5.6293E-03
-2.0562E-03
-6.7691E-04
-3.9589E-05
3.8835E-03
-1.5795E-03
6.7483E-04
2.6427E-03
-5.5175E-03
-3.1161E-03
-9.5337E-04
-5.2711E-04
-1.0039E-03
6.6046E-03
1.1301E-02
-1.9473E-04
3.8255E-03
5.9403E-03
-6.7432E-03
-7.5543E-03
-4.5287E-03
4.3943E-03
4.6054E-03
-7.4870E-04
8.7749E-03
7.8720E-03
-1.1499E-03
1.4916E-03
2.3430E-03
-2.6055E-04
-1.2272E-03
2.6494E-03
1.9691E-03
-7.0222E-04
-2.3612E-03
-6.2359E-03
-5.7806E-03
-7.8553E-03
1.3894E-02
2.5120E-02
2.3712E-03
-9.9013E-03
-3.3380E-03
5.5166E-03
-2.4300E-03
-8.3120E-03
1.1743E-02
8.0802E-03
-1.8543E-02
-1.1214E-02
1.5730E-02
3.7116E-03
-1.2470E-02
9.4681E-03
2.1407E-02
5.8881E-03
-6.7828E-03
1.2736E-02
1.3406E-02
-3.5339E-03
-4.0004E-03
-8.2714E-04
2.3978E-03
-3.3815E-03
-4.9501E-03
7.8021E-03
5.5650E-03
-1.0253E-02
-1.2196E-02
-4.1337E-03
1.0253E-02
8.6823E-03
-6.1076E-03
-2.0128E-02
-1.9783E-02
-1.0453E-02
4.5883E-03
-4.3103E-03
-8.9625E-03
9.5730E-03
4.2943E-03
-8.4314E-03
-6.9835E-03
9.7797E-03
-7.6616E-04
-7.7478E-03
-1.2102E-03
2.8411E-03
-1.2514E-02
-3.3351E-02
-1.3295E-02
3.9036E-03
-8.8385E-03
-1.1031E-02
4.3414E-03
9.7867E-03
9.8735E-03
1.8569E-02
3.3301E-03
-2.1416E-02
-1.5969E-02
4.3855E-03
2.2801E-02
2.4870E-02
1.2030E-02
-1.2879E-02
-1.4050E-02
2.2626E-03
2.2690E-02
2.0827E-02
-5.9141E-03
-2.3574E-02
-9.8393E-03
1.1185E-02
-1.3004E-04
-1.9401E-02
-2.0904E-02
-1.1606E-02
2.2760E-03
3.1059E-02
8.3766E-03
-2.8470E-02
-2.0201E-02
6.7915E-03
2.0752E-02
-5.7581E-04
-8.1361E-03
-1.6681E-03
3.6921E-03
7.5326E-03
3.7551E-03
1.0758E-02
-1.3876E-02
-2.4866E-02
-4.8371E-03
4.6022E-03
-1.7274E-03
-6.7046E-03
1.4315E-02
3.9948E-03
-7.1543E-03
-8.0442E-03
6.7153E-03
2.2161E-02
1.8494E-02
2.6517E-02
1.3201E-02
-1.1443E-02
-2.2555E-02
-1.2287E-02
2.1037E-02
1.6030E-02
3.5553E-03
5.7875E-03
-4.8869E-03
-8.3453E-03
1.3524E-02
2.2045E-02
-5.2154E-03
-1.4094E-02
-7.8522E-03
-1.4056E-02
-3.5873E-02
-3.3466E-02
5.1808E-04
1.6999E-02
5.4230E-03
1.1207E-02
2.1524E-02
1.8737E-02
1.1332E-02
1.1678E-02
1.5363E-02
-1.2243E-02
-2.4068E-02
-1.0320E-02
-1.4617E-03
1.2242E-02
1.3878E-02
-7.4741E-03
-2.9551E-02
-9.0448E-03
3.2258E-02
1.1765E-02
-1.4256E-02
-1.3263E-02
2.9685E-03
-2.7608E-03
-1.3753E-02
6.3090E-03
1.0314E-02
9.7855E-03
-6.6130E-03
5.6021E-03
1.7998E-02
-1.1953E-02
-1.6072E-02
-7.5307E-03
-2.1008E-02
-8.0726E-03
3.2163E-02
2.4369E-02
-2.5142E-03
-6.8141E-03
-6.3106E-03
1.4230E-02
2.6749E-02
1.0242E-02
-2.0569E-02
-2.8579E-02
-5.5143E-03
8.8204E-03
9.7512E-03
3.0302E-03
7.5113E-03
1.2921E-02
1.0890E-02
5.1755E-03
1.1544E-02
1.1609E-02
-1.4219E-04
-1.5389E-03
-4.2604E-03
2.8140E-03
-2.0477E-03
-5.0159E-03
9.5643E-04
1.0706E-02
-5.9468E-03
-2.6013E-02
3.9946E-03
5.1728E-02
4.9066E-02
-2.9139E-03
-1.2050E-02
-2.6569E-02
-3.2239E-02
1.3800E-02
1.0769E-02
-1.5298E-02
-1.8798E-02
-9.3770E-03
1.0454E-02
1.8049E-02
-8.9036E-03
-2.2251E-02
-1.2423E-02
-9.3673E-03
8.6058E-03
2.1139E-02
-7.0508E-03
-2.0822E-02
2.5687E-03
2.0219E-02
7.8760E-03
-2.8565E-03
6.3045E-04
-6.1459E-03
1.9707E-02
3.5808E-02
3.5775E-02
3.3638E-03
-1.7527E-02
-1.3980E-02
-2.0938E-02
-5.7063E-03
-2.1184E-03
1.5090E-02
3.4345E-03
-2.9422E-02
-2.6226E-02
3.6262E-04
1.1954E-02
1.0160E-02
-4.7991E-04
3.6687E-03
-3.6135E-03
-1.6976E-02
-1.4426E-03
-4.4128E-03
-1.6632E-02
-2.5470E-02
-7.4599E-03
1.5214E-02
1.5207E-02
-1.0851E-02
-5.7206E-03
1.5509E-02
3.4151E-03
-1.8208E-02
-2.0274E-02
-1.8087E-02
8.9348E-03
3.2098E-02
1.1184E-02
-7.0003E-03
1.5880E-02
4.2915E-02
1.3970E-02
-1.5252E-03
2.0110E-02
3.4535E-02
2.3237E-03
-3.7639E-02
-1.9930E-02
1.4220E-02
1.2025E-02
1.0275E-02
1.0799E-02
3.5591E-03
-2.2258E-02
-3.5288E-03
5.0004E-02
5.2033E-02
-1.1030E-03
-3.4442E-02
-3.6442E-03
2.7840E-02
2.2719E-02
1.0467E-02
1.2943E-02
-1.0791E-02
8.3643E-04
2.9424E-02
1.1118E-02
-1.0341E-02
1.7204E-02
1.8662E-02
2.4560E-03
-4.2986E-03
-1.7070E-02
1.8275E-03
2.2173E-03
9.5566E-03
-3.3680E-03
-2.7596E-02
5.5305E-03
2.5424E-02
-1.6232E-02
-8.1900E-04
1.4627E-02
-1.4110E-02
-1.0264E-02
2.6110E-03
2.3340E-02
-3.1165E-02
-5.5405E-02
-1.1914E-02
3.3872E-02
4.2236E-02
2.8197E-02
1.9554E-02
-1.9536E-02
-1.3962E-02
3.5727E-02
7.0608E-02
1.9058E-02
-3.6435E-02
-6.5115E-03
1.2690E-02
6.1234E-03
3.6027E-03
1.4062E-03
5.3497E-03
-8.5740E-03
8.7952E-03
-2.0959E-02
-2.7336E-02
9.4116E-03
1.2937E-02
3.6132E-02
1.6645E-02
-5.8651E-03
-2.9682E-02
-2.3499E-02
-5.0701E-03
-7.7382E-03
-6.9157E-03
-2.3258E-02
-2.5296E-02
-8.4997E-03
1.6024E-02
2.3985E-02
-4.1129E-03
9.0811E-03
3.9283E-02
3.4489E-02
3.1594E-02
2.1260E-02
3.2475E-02
1.0101E-02
-4.3659E-03
3.9186E-02
2.6326E-02
-5.9166E-03
-2.0316E-02
8.3084E-03
7.9484E-04
-7.2240E-03
1.6635E-02
7.0209E-03
-1.9971E-02
-3.5634E-02
-2.1034E-02
1.8833E-02
5.1192E-02
1.2420E-02
-3.5703E-02
-3.8812E-02
6.4588E-03
1.9020E-02
1.0848E-02
-2.3861E-03
-5.1084E-03
-7.1305E-03
-3.3368E-03
-5.5758E-03
1.5405E-02
2.3887E-02
1.7801E-02
-4.8412E-03
-7.8062E-03
1.1619E-02
-3.0046E-04
-2.7277E-02
-4.2591E-02
1.0315E-02
4.1881E-02
3.2740E-02
-2.0149E-02
-4.8571E-02
-5.7655E-02
-5.8611E-02
-3.4167E-02
-7.3829E-03
1.2698E-03
5.5169E-03
1.5037E-02
9.7088E-03
1.4081E-02
3.1824E-02
4.4554E-02
4.5525E-02
3.2659E-02
1.9174E-02
4.2547E-03
-2.4060E-03
-1.9698E-02
-1.7710E-02
-1.4432E-02
-1.1997E-02
-1.3271E-02
-5.5652E-02
-6.3473E-02
-5.5208E-02
-7.0458E-03
6.3121E-02
2.6657E-02
-4.1486E-02
-1.3215E-03
6.1076E-02
1.0513E-01
5.3793E-02
-4.2536E-02
-8.3003E-02
-1.1226E-01
-1.2153E-01
-1.0322E-01
-3.0036E-02
-5.7500E-03
-3.6171E-02
-2.4127E-02
1.5210E-02
-2.1579E-02
-5.8719E-02
-1.0190E-02
6.0030E-02
4.6589E-02
2.7875E-02
5.1799E-02
-1.1256E-02
-8.6173E-02
-1.0617E-01
-7.9571E-02
-5.2514E-02
-2.8651E-02
-1.1155E-02
6.1401E-04
2.3532E-02
-2.4068E-02
-1.5923E-02
3.0978E-02
1.7783E-03
-1.9495E-02
-1.9234E-02
-1.0961E-03
-5.0307E-02
-6.2026E-02
-6.4368E-03
4.0987E-02
6.2509E-02
3.4896E-02
-1.8770E-02
-2.9562E-02
-1.2220E-03
1.5423E-02
7.3788E-02
8.8092E-02
5.4992E-02
3.6085E-02
8.4901E-03
-1.7384E-02
-2.5994E-02
-5.8951E-02
-6.7396E-02
-2.2237E-02
9.7313E-03
1.5611E-02
-2.6473E-02
-5.0358E-02
-6.9258E-03
-1.0497E-02
-4.8988E-02
4.4336E-03
8.0925E-02
9.7624E-02
9.2376E-02
7.4851E-02
4.6696E-02
5.4380E-02
1.5329E-02
1.2754E-03
5.4673E-02
3.5374E-02
3.5135E-03
-1.7633E-02
-2.6783E-04
1.1828E-02
3.2306E-03
5.9445E-03
-5.6306E-02
-8.6493E-02
-3.4937E-02
4.8959E-03
1.5556E-02
-1.0431E-02
-2.8695E-02
2.8589E-02
3.0752E-02
1.1477E-02
4.0536E-02
4.8113E-02
3.7624E-02
1.1151E-02
3.6110E-02
-1.0173E-03
-8.5137E-02
-1.4156E-01
-1.6172E-01
-1.4578E-01
-1.4888E-01
-1.0165E-01
-2.5108E-02
5.6639E-02
1.3255E-01
1.0535E-01
2.5666E-02
1.3252E-02
5.0179E-02
6.3779E-02
6.1429E-02
1.0309E-01
6.7784E-02
9.0733E-04
1.0837E-03
8.9614E-03
3.8372E-02
5.5688E-03
-4.1820E-02
-4.8597E-02
-5.8556E-02
-4.0330E-02
-3.0809E-02
-4.7076E-02
-7.5030E-02
-9.0270E-02
-6.0495E-02
-3.7222E-02
-1.2724E-02
-1.7922E-02
-5.0560E-02
-4.6549E-02
-7.1638E-02
-8.0416E-02
-5.8906E-02
-2.0425E-02
2.7357E-02
6.0570E-02
9.4616E-02
9.0051E-02
7.1346E-02
8.7570E-02
8.9332E-02
6.6752E-02
3.9399E-02
1.8761E-02
1.7511E-03
4.6826E-03
2.7385E-02
3.3769E-02
4.9452E-02
5.4996E-02
-2.2729E-02
-9.3422E-02
-1.1614E-01
-1.1504E-01
-3.5482E-02
1.9169E-02
2.6958E-02
-2.5862E-02
-5.9719E-02
-2.0581E-02
1.5546E-03
-3.5293E-03
-2.0096E-03
7.4092E-02
1.2696E-01
1.2233E-01
9.1042E-02
4.0132E-02
-4.8321E-02
-1.2784E-01
-1.2294E-01
-1.4544E-01
-1.1552E-01
-3.4590E-02
-6.4531E-03
-3.7185E-02
-7.9998E-02
-3.2916E-02
-2.8741E-02
-6.5901E-02
-4.8753E-02
1.1349E-02
5.6738E-02
3.7831E-02
2.8193E-02
1.3349E-02
-4.3182E-02
-7.7778E-02
-1.1581E-01
-1.3999E-01
-7.5940E-02
3.2542E-02
1.0593E-01
8.4796E-02
-1.2063E-02
-1.4011E-01
-2.2788E-01
-2.5904E-01
-1.8245E-01
1.3435E-02
1.5305E-01
1.0001E-01
-1.6249E-02
-3.5963E-02
3.4812E-02
1.3117E-01
1.4013E-01
6.7218E-02
3.8424E-02
8.0679E-02
1.4304E-01
1.6530E-01
1.3141E-01
4.6016E-02
-7.5744E-03
3.6829E-02
7.0653E-02
2.7063E-02
-4.7223E-02
-4.6836E-02
4.2942E-03
3.3995E-02
6.2137E-03
-9.5262E-02
-2.2959E-01
-2.9592E-01
-2.4730E-01
-1.9746E-01
-1.6121E-01
-9.6798E-02
1.8889E-02
1.6490E-01
2.5356E-01
2.6178E-01
2.4026E-01
2.5331E-01
2.6986E-01
2.4118E-01
1.3870E-01
-2.2852E-02
-1.7846E-01
-2.5392E-01
-1.6645E-01
-2.8023E-02
2.8592E-03
-2.7810E-02
-6.7705E-02
-6.0054E-02
2.0013E-02
1.0223E-01
1.4455E-01
1.1728E-01
8.9031E-02
6.8115E-02
2.2393E-02
-2.0479E-03
1.3621E-02
1.3776E-02
-3.9354E-02
-3.5327E-02
3.6066E-02
1.3119E-02
-7.2902E-02
-1.2005E-01
-1.1670E-01
-8.7392E-02
-8.3096E-02
-1.1335E-01
-1.4720E-01
-1.5610E-01
-1.8303E-01
-2.0048E-01
-2.0036E-01
-1.3605E-01
-1.9626E-03
9.3028E-02
8.2071E-02
1.8878E-02
1.1782E-02
6.3953E-02
1.0309E-01
9.0431E-02
4.3585E-02
-8.3262E-03
-5.6342E-02
-9.9094E-02
-1.1309E-01
-5.4731E-02
8.5504E-02
1.6940E-01
2.0135E-01
2.4564E-01
2.7371E-01
2.8670E-01
2.0084E-01
5.1314E-02
-5.5020E-02
-1.3370E-01
-1.6501E-01
-8.3409E-02
5.7792E-02
1.2833E-01
1.2572E-01
1.3062E-01
1.1751E-01
4.4829E-02
-2.9689E-02
-6.3927E-02
-5.7092E-02
1.0219E-02
8.6060E-02
1.1704E-01
1.4813E-01
1.8224E-01
1.9812E-01
1.5742E-01
8.2253E-02
1.9480E-03
-1.1070E-01
-1.9774E-01
-2.3093E-01
-2.4647E-01
-2.4520E-01
-2.2268E-01
-2.3167E-01
-2.6456E-01
-2.8852E-01
-2.8304E-01
-2.1221E-01
-9.0582E-02
2.2422E-02
7.1627E-02
6.8696E-02
4.7884E-02
3.2956E-02
5.1198E-02
8.8026E-02
9.2572E-02
9.5232E-02
9.8907E-02
3.8202E-02
9.0042E-03
3.9614E-02
3.7127E-02
3.3677E-02
2.3668E-02
5.7808E-02
1.2713E-01
1.6468E-01
1.8706E-01
2.0758E-01
2.3634E-01
2.5514E-01
2.3229E-01
1.3980E-01
5.2690E-02
1.0043E-02
4.3681E-02
1.4706E-01
2.2466E-01
2.7183E-01
2.6775E-01
2.2990E-01
1.6900E-01
9.2709E-02
3.2822E-02
-4.8590E-02
-1.0254E-01
-1.1333E-01
-7.6535E-02
9.9959E-03
7.7250E-02
1.3088E-01
1.5565E-01
1.3719E-01
1.1196E-01
1.2113E-01
1.2272E-01
6.5766E-02
-3.3710E-02
-1.2839E-01
-1.6205E-01
-1.2223E-01
-5.9865E-02
-3.3355E-02
-2.8294E-02
-2.5939E-02
-8.4997E-03
1.1263E-02
4.4801E-02
9.6427E-02
1.2835E-01
9.4420E-02
1.1946E-02
-2.8966E-02
-4.9962E-02
-5.0390E-02
-4.4280E-02
-7.5197E-02
-1.0717E-01
-1.2699E-01
-1.1614E-01
-1.0551E-01
-1.2790E-01
-1.4883E-01
-1.5912E-01
-1.4292E-01
-1.3309E-01
-1.6154E-01
-1.6215E-01
-1.0191E-01
-3.1255E-02
-2.3072E-02
-7.5414E-02
-1.1659E-01
-8.8450E-02
2.3576E-03
7.1070E-02
8.0518E-02
5.5404E-02
6.4172E-02
1.2061E-01
1.6845E-01
2.0130E-01
2.0080E-01
1.5956E-01
9.9798E-02
5.2766E-02
4.6662E-02
9.4814E-02
1.2790E-01
1.3100E-01
1.4730E-01
1.1763E-01
8.3867E-02
6.2155E-02
4.7797E-02
4.1031E-02
2.5360E-02
4.7432E-02
5.1275E-02
3.2972E-02
2.5142E-02
3.1559E-02
1.2903E-03
-6.7662E-02
-9.8529E-02
-8.8287E-02
-4.9082E-02
-2.6505E-03
2.6983E-03
-4.0144E-02
-9.7137E-02
-1.3706E-01
-1.7347E-01
-2.0312E-01
-1.7246E-01
-1.3740E-01
-1.4460E-01
-1.3901E-01
-9.1623E-02
-5.8440E-02
-7.2028E-02
-1.0516E-01
-1.4149E-01
-1.5337E-01
-1.4404E-01
-1.1207E-01
-3.4782E-02
3.3010E-02
8.7377E-02
1.3149E-01
1.2667E-01
1.0028E-01
6.1864E-02
-7.0484E-03
-9.1684E-02
-1.3975E-01
-1.2522E-01
-7.9498E-02
-3.1471E-02
-4.8013E-02
-9.0526E-02
-9.4784E-02
-9.9400E-02
-6.8709E-02
-2.8849E-02
-2.5234E-02
-3.6504E-02
-6.6426E-02
-1.1477E-01
-1.5624E-01
-1.4450E-01
-7.7109E-02
-1.7311E-02
-2.9299E-03
-4.5136E-02
-9.3878E-02
-1.1666E-01
-1.2219E-01
-1.1017E-01
-7.8010E-02
-3.9735E-02
9.7738E-03
6.5301E-02
9.0514E-02
2.7221E-02
-2.9650E-02
4.2091E-03
2.6425E-02
-8.9452E-03
-4.2107E-02
-1.2190E-02
1.6070E-02
1.8201E-02
1.6699E-02
-9.0118E-03
-4.0181E-02
-9.9635E-03
4.4545E-02
7.6563E-02
5.7039E-02
3.0405E-03
6.1511E-05
4.6089E-03
-4.2305E-02
-1.1726E-01
-1.5624E-01
-1.3958E-01
-1.0308E-01
-9.1238E-02
-1.0069E-01
-8.3860E-02
-2.8249E-02
4.3787E-02
9.5171E-02
1.0206E-01
9.5063E-02
9.9946E-02
6.4720E-02
2.4423E-02
8.1932E-03
-3.7522E-03
-6.7035E-03
-3.0659E-02
-8.8564E-02
-1.4073E-01
-1.4213E-01
-1.3719E-01
-1.3656E-01
-1.1394E-01
-7.4063E-02
-1.8359E-02
3.0595E-02
4.3844E-02
1.6665E-02
-1.3110E-02
-7.1251E-03
-5.0760E-03
-2.8979E-02
-3.8202E-02
-3.2294E-02
-2.2084E-02
-1.5373E-02
1.6258E-02
6.2153E-02
8.6326E-02
1.0636E-01
1.0189E-01
6.6025E-02
4.4733E-02
5.7111E-02
8.1815E-02
7.4251E-02
5.9721E-02
6.7912E-02
8.4636E-02
8.0915E-02
7.3483E-02
6.1068E-02
3.4447E-02
4.7187E-02
6.6699E-02
7.7472E-02
8.0525E-02
7.4238E-02
7.6842E-02
8.7398E-02
9.3105E-02
9.2230E-02
9.3153E-02
5.8916E-02
1.7850E-02
3.7826E-02
6.3122E-02
4.0672E-02
-1.0200E-02
-1.2597E-02
3.8857E-02
6.3206E-02
5.7937E-02
3.3602E-02
2.6276E-03
-2.1696E-02
-3.0089E-02
-3.0055E-02
-2.6151E-02
1.2619E-02
3.8842E-02
2.5265E-02
1.8972E-02
3.0482E-02
-5.8586E-03
-4.3001E-02
-2.7899E-02
-5.9640E-03
-6.7039E-03
-1.7635E-02
1.7009E-02
3.9763E-02
2.3014E-02
6.3657E-03
2.7755E-03
1.5030E-02
1.9692E-02
4.1284E-02
4.1322E-02
2.7280E-02
5.6204E-02
4.2776E-02
-7.3512E-03
-3.9555E-02
-4.5274E-02
-2.7339E-02
-2.3234E-02
-4.6132E-03
9.9103E-03
-9.0312E-03
-4.1371E-02
-2.2762E-02
4.6061E-02
7.5524E-02
2.2336E-02
-7.3659E-02
-1.1402E-01
-8.4347E-02
-3.9038E-02
-3.3934E-02
-1.9846E-02
-8.7370E-04
-2.9275E-02
1.0616E-04
8.4511E-02
8.4101E-02
1.7716E-02
-3.6437E-02
4.3168E-03
7.2183E-02
4.2692E-02
6.2510E-02
1.1974E-01
1.1194E-01
8.7218E-02
1.0665E-01
5.8967E-02
-2.3243E-02
-3.9564E-03
-5.0786E-02
-1.4192E-01
-9.1902E-02
-1.8878E-02
-4.3644E-02
-3.8941E-02
4.7171E-02
2.6130E-02
-4.2033E-02
6.4239E-03
1.4455E-02
-3.9217E-02
-5.0450E-02
-6.9435E-02
-8.7518E-02
-8.8291E-02
-1.0388E-01
-1.1298E-01
-1.1776E-01
-8.2605E-02
-3.4964E-02
-5.1483E-02
-8.4372E-02
-1.0613E-01
-1.0027E-01
-7.1665E-02
-5.4954E-02
-2.5186E-02
-2.1147E-02
-3.4491E-02
-1.4522E-02
4.7228E-02
8.1489E-02
5.5814E-02
3.1010E-02
2.8225E-02
3.5977E-02
1.2336E-02
-2.7481E-02
-1.8126E-02
3.3281E-02
7.6159E-02
6.7458E-02
5.8783E-02
1.0110E-01
1.2950E-01
1.1175E-01
3.8468E-02
-1.4888E-02
-2.4264E-03
-1.6499E-03
-2.4608E-02
-3.5909E-02
-3.8532E-02
-3.2813E-02
-9.5549E-03
1.6207E-02
3.2271E-02
7.8367E-03
-1.6604E-02
-1.6573E-02
-2.6018E-02
-3.9378E-02
-4.2146E-02
-2.9961E-02
-1.7120E-02
4.7321E-03
4.6426E-02
8.2771E-02
7.5379E-02
5.2597E-02
3.4358E-02
3.4404E-02
7.2952E-02
9.6211E-02
8.7124E-02
9.3702E-02
9.4766E-02
3.6596E-02
7.1970E-03
9.3056E-03
-1.2808E-02
-3.9984E-03
1.3780E-03
-2.3293E-02
-5.4425E-02
-4.2131E-02
9.4022E-03
1.3611E-02
-1.6349E-02
-4.7622E-02
-6.1758E-02
-6.4785E-02
-6.9123E-02
-6.3675E-02
-6.0248E-02
-4.2586E-02
-6.8814E-03
-1.1333E-03
-3.7529E-03
5.7783E-03
8.8131E-04
-1.2489E-02
-3.1347E-03
2.5572E-02
3.9587E-02
4.1005E-02
4.1283E-02
4.9107E-02
6.6272E-02
7.2124E-02
5.3693E-02
3.3791E-02
3.3691E-02
3.1065E-02
5.1882E-03
-1.4529E-02
-1.7555E-02
-4.2149E-03
-3.8175E-03
-2.1001E-02
-1.0336E-02
1.0311E-02
2.4486E-02
3.3931E-02
2.5907E-02
1.9900E-02
3.5724E-02
7.7763E-02
1.0362E-01
1.0286E-01
8.1898E-02
4.4184E-02
1.8577E-02
-1.3313E-02
-3.5648E-02
-2.2619E-02
3.4441E-03
9.6172E-03
-1.1567E-04
-2.9905E-03
-2.0061E-02
-5.7958E-02
-6.6175E-02
-4.7313E-02
-4.7970E-02
-8.5358E-02
-1.3173E-01
-1.5935E-01
-1.5473E-01
-1.2814E-01
-1.2944E-01
-1.5247E-01
-1.5407E-01
-1.1912E-01
-7.3963E-02
-5.5049E-02
-7.1736E-02
-8.7414E-02
-9.2939E-02
-6.6263E-02
-4.4316E-02
-4.5389E-02
-5.7252E-02
-7.2068E-02
-6.6020E-02
-5.9517E-02
-4.8012E-02
-1.4509E-02
2.8087E-02
6.1244E-02
6.2643E-02
1.9266E-02
-2.7972E-02
-2.1346E-02
8.9348E-03
2.0545E-02
3.4682E-02
4.2298E-02
5.9339E-02
6.6237E-02
6.7017E-02
6.5636E-02
4.6289E-02
2.1509E-02
-1.0414E-02
-1.2391E-02
2.8595E-02
6.4145E-02
8.5175E-02
8.9563E-02
8.1262E-02
7.3519E-02
6.5830E-02
8.8025E-02
1.1673E-01
1.0976E-01
8.8963E-02
9.0517E-02
7.9284E-02
7.7279E-02
6.7861E-02
3.4679E-02
2.2284E-02
2.4506E-02
4.9788E-02
8.0900E-02
9.8784E-02
9.4203E-02
7.5396E-02
5.9607E-02
6.4701E-02
5.1186E-02
1.6114E-02
-1.3840E-02
-5.8101E-02
-7.2028E-02
-2.0099E-02
2.5019E-02
1.9718E-02
-4.6805E-03
-2.1203E-02
-2.3212E-02
-2.3204E-02
-1.8124E-02
-2.2544E-02
-2.2510E-02
-1.2576E-03
2.2939E-02
4.3230E-02
4.7938E-02
-2.0785E-05
-6.2304E-02
-7.2009E-02
-6.7711E-02
-6.6354E-02
-7.0247E-02
-8.2539E-02
-9.1194E-02
-9.7978E-02
-9.7607E-02
-9.7583E-02
-8.8507E-02
-5.9629E-02
-4.4983E-02
-4.1194E-02
-3.7039E-02
-3.7499E-02
-1.9461E-02
-1.2927E-02
-3.0866E-02
-3.5040E-02
-2.1491E-02
6.0145E-03
4.1975E-02
6.3146E-02
5.7290E-02
3.2884E-02
-1.0066E-03
-1.3774E-02
1.0472E-03
2.2808E-02
2.7460E-02
-2.0569E-03
-2.7499E-02
-5.8347E-02
-8.1698E-02
-3.3873E-02
3.0365E-03
-1.8848E-03
-3.7015E-02
-4.0966E-02
2.9628E-03
6.6598E-03
-1.6692E-02
-6.9582E-02
-8.1980E-02
-1.8551E-02
5.6054E-02
7.6596E-02
5.3073E-02
4.3468E-02
7.5172E-02
1.2410E-01
1.3163E-01
9.6736E-02
2.9589E-02
-7.1433E-02
-1.7937E-01
-2.1857E-01
-1.7207E-01
-6.7748E-02
1.0534E-01
2.1210E-01
2.1393E-01
1.6500E-01
1.2631E-01
1.0566E-01
2.8825E-02
-7.8894E-02
-6.5113E-02
4.0321E-02
5.6835E-02
2.4262E-02
-3.1311E-02
-5.2992E-02
-4.8929E-02
-8.5973E-05
1.0829E-02
-3.8911E-02
-3.5996E-02
-5.7076E-02
-9.7754E-02
-8.1749E-02
-9.4680E-04
4.1333E-02
3.4358E-02
3.5644E-02
1.0091E-02
2.9924E-02
1.0049E-01
1.3389E-01
5.3832E-02
-9.4107E-02
-1.3616E-01
-9.5330E-02
1.2491E-03
6.7154E-02
4.7438E-02
-8.0282E-03
7.1052E-03
6.7260E-02
1.1237E-01
1.3365E-01
1.1353E-01
6.4623E-02
3.4994E-02
3.5381E-02
2.6907E-02
1.5318E-02
-2.7643E-02
-5.0082E-02
-4.7859E-02
-3.9077E-02
-2.8862E-02
-4.7781E-03
-3.6234E-03
-2.0742E-02
-3.0348E-04
2.3152E-02
4.9849E-02
5.9129E-02
3.8936E-02
-1.0211E-02
-4.9898E-02
-6.6883E-02
-7.8687E-02
-9.5453E-02
-8.4316E-02
-2.9997E-02
3.1840E-02
4.0400E-02
9.3689E-03
3.8406E-03
-9.6735E-03
1.6014E-02
6.7361E-02
7.2394E-02
1.9034E-02
-4.2962E-02
-8.8686E-02
-1.1223E-01
-8.1523E-02
-3.1968E-02
-8.7629E-03
-2.2245E-02
-1.8548E-02
6.2457E-03
-2.4470E-05
-2.7298E-02
-3.3855E-02
-1.8077E-02
-2.7166E-02
-4.0544E-02
-3.7287E-02
-3.6763E-02
-3.4647E-02
-1.1460E-02
2.9085E-02
5.9152E-02
6.0838E-02
3.9658E-02
1.6861E-02
8.9545E-03
2.2045E-02
2.1378E-02
1.8541E-02
2.9582E-02
2.7656E-02
9.2288E-03
1.0260E-02
2.9657E-02
3.4350E-02
2.9063E-02
2.3672E-02
2.8783E-02
5.2773E-02
8.3254E-02
8.3944E-02
7.5838E-02
5.8503E-02
1.4367E-02
-2.7796E-02
-4.5451E-02
-2.6093E-02
8.2227E-03
1.0820E-02
-1.7723E-02
-4.3091E-02
-4.3042E-02
-1.6857E-02
-1.0393E-02
-3.0467E-02
-2.9433E-02
-9.3007E-03
-3.9235E-04
-1.1255E-02
-4.4213E-02
-6.7729E-02
-3.6522E-02
1.5130E-02
7.0005E-03
-2.8472E-02
-5.6167E-02
-3.6078E-02
-8.1557E-04
-1.0200E-02
-3.2845E-02
-5.2602E-02
-6.0111E-02
-6.0286E-02
-3.3274E-02
3.9325E-03
3.3700E-02
2.7637E-02
-6.5123E-03
-3.9637E-02
-3.3328E-02
-1.1833E-02
-3.9709E-02
-7.6460E-02
-7.9163E-02
-3.7514E-02
3.2961E-02
5.7565E-02
2.2115E-02
2.0529E-02
2.8893E-02
3.6392E-02
5.0685E-02
5.2455E-02
3.8164E-02
3.6038E-02
6.0905E-02
6.8065E-02
5.9885E-02
5.8457E-02
4.9260E-02
1.2479E-02
-1.1229E-02
-3.1644E-02
-4.5949E-02
-3.0343E-02
-1.7943E-02
-1.0735E-02
-6.1419E-04
-6.8533E-03
-1.1469E-02
1.9530E-02
6.3129E-02
7.1573E-02
4.7502E-02
2.2819E-02
-2.4942E-02
-4.8185E-02
-2.5987E-02
-3.3340E-03
3.1447E-03
-3.3740E-04
-7.8651E-03
4.0578E-04
3.6406E-03
-1.4817E-02
-4.6243E-03
2.3391E-02
2.4828E-02
-2.5396E-03
4.1204E-03
3.2966E-02
2.7837E-02
7.4227E-03
9.1659E-03
1.3521E-02
-2.0224E-02
-5.1321E-02
-5.6127E-02
-4.8015E-02
-5.3993E-02
-7.8351E-02
-9.7039E-02
-8.5861E-02
-4.0360E-02
-1.4699E-03
7.5276E-03
-8.6518E-03
-7.9504E-03
3.4737E-03
1.3547E-02
2.0870E-02
-3.0563E-03
-3.7934E-02
-5.6359E-02
-6.7500E-02
-7.3324E-02
-6.0478E-02
-1.8628E-02
1.3453E-03
7.9344E-03
2.4709E-02
2.2974E-02
1.8805E-02
1.8658E-02
1.6288E-02
2.5193E-02
3.7779E-02
2.0166E-02
-7.4117E-03
1.8071E-03
1.9875E-02
1.2971E-02
2.0812E-03
-5.2026E-03
-1.4525E-02
-2.1938E-02
-1.5723E-02
-7.4045E-03
-8.2120E-03
6.7553E-03
3.5763E-02
4.8226E-02
2.6865E-02
1.6432E-02
1.8766E-02
1.8553E-02
1.5940E-02
1.8707E-02
3.2362E-02
3.0117E-02
3.1213E-02
3.3819E-02
2.9732E-02
2.5084E-02
3.5509E-02
5.4206E-02
6.7899E-02
6.0399E-02
5.2497E-02
5.4410E-02
4.5496E-02
3.0943E-02
2.6355E-02
2.9645E-02
1.3913E-02
-1.2092E-02
-2.1145E-02
-1.7932E-02
-2.1024E-02
-1.2979E-02
-7.1069E-03
-1.5485E-02
-6.7945E-03
1.2235E-02
1.3410E-02
5.5527E-03
3.2605E-03
-3.6838E-03
-5.8466E-03
4.0082E-03
3.6197E-03
-2.0098E-02
-3.4614E-02
-1.8677E-02
-5.3849E-03
-5.5414E-04
5.3706E-03
-1.3387E-03
-6.1505E-03
4.8638E-04
3.1573E-03
-1.0142E-02
-1.7555E-02
-4.1293E-03
1.2443E-02
7.5079E-03
-1.3373E-03
-3.3296E-04
2.0438E-03
3.1655E-03
5.0431E-03
1.7349E-02
2.3788E-02
1.1181E-02
-7.4595E-03
-1.5531E-02
-1.7639E-02
-2.3415E-02
-3.4352E-02
-4.4084E-02
-4.4348E-02
-4.2512E-02
-5.1172E-02
-4.8128E-02
-3.8537E-02
-2.1087E-02
-1.1175E-02
-1.2909E-02
-2.3277E-02
-2.2461E-02
8.1028E-03
2.3930E-02
1.9115E-02
1.4118E-02
5.1142E-03
-8.4977E-03
-1.2825E-02
-1.9344E-02
-1.7215E-02
-1.3329E-02
-2.6657E-02
-4.6942E-02
-5.2641E-02
-4.0215E-02
-4.2081E-02
-4.6864E-02
-4.4217E-02
-5.1167E-02
-5.2743E-02
-4.5574E-02
-4.3546E-02
-4.6848E-02
-4.8249E-02
-4.0242E-02
-3.3030E-02
-3.1672E-02
-2.7743E-02
-3.1035E-02
-3.8277E-02
-3.2412E-02
-1.7008E-02
1.8060E-03
1.8533E-02
2.7971E-02
3.2094E-02
3.6075E-02
3.7541E-02
3.8569E-02
4.2360E-02
3.2982E-02
1.9463E-02
9.9415E-03
6.2777E-03
1.4472E-02
2.3176E-02
1.7263E-02
1.4077E-02
1.6148E-02
2.0709E-02
4.5024E-02
4.4032E-02
1.5091E-02
1.8498E-02
3.6565E-02
3.8142E-02
3.9362E-02
4.0263E-02
3.3360E-02
3.1917E-02
3.7540E-02
3.1788E-02
1.3970E-02
4.1664E-03
1.0468E-02
8.8200E-03
1.1323E-02
1.8701E-02
8.1102E-03
-1.3545E-02
-1.9925E-02
-2.9919E-03
7.6084E-03
7.7903E-03
1.1202E-02
1.7025E-02
8.4556E-03
3.7447E-03
1.0166E-02
1.7638E-02
1.3462E-02
1.4737E-03
-5.1724E-03
-1.6626E-02
-2.1026E-02
-2.5970E-02
-3.2747E-02
-2.7715E-02
-2.7925E-02
-3.1388E-02
-2.8161E-02
-2.4822E-02
-2.1765E-02
-1.5385E-02
2.7817E-03
8.9312E-03
-2.3454E-04
-9.7688E-04
1.4443E-02
1.6398E-02
3.0337E-03
-1.1409E-02
-1.8941E-02
-6.3712E-03
3.1856E-03
-2.1889E-03
-4.6177E-03
1.2655E-03
4.4497E-03
9.5095E-03
4.5985E-03
-7.3413E-04
-9.0928E-04
-1.9931E-04
2.9114E-03
-1.6673E-03
1.6244E-03
1.0475E-02
4.4289E-03
4.3314E-03
1.4465E-02
4.8506E-03
-1.1537E-02
-1.3806E-02
-1.9615E-03
2.3210E-03
1.3321E-04
3.5166E-03
8.3660E-03
1.7412E-02
1.4250E-02
1.7383E-02
1.8920E-02
2.2350E-02
2.9626E-02
2.5041E-02
2.5173E-02
2.8857E-02
2.6697E-02
9.4944E-03
5.6500E-03
1.6693E-02
2.8313E-02
3.5810E-02
3.3780E-02
2.9506E-02
2.5031E-02
2.1252E-02
1.9256E-02
6.2459E-03
-1.3208E-02
-2.5008E-02
-1.9596E-02
-1.6242E-02
-1.8630E-02
-6.5368E-03
-4.5803E-04
-3.0910E-03
-1.4271E-02
-2.0034E-02
-1.0554E-02
-1.1075E-02
-1.8400E-02
-2.0454E-02
-1.9990E-02
-2.0825E-02
-1.8251E-02
-2.1453E-02
-3.6597E-02
-3.6618E-02
-3.1314E-02
-3.3401E-02
-3.4801E-02
-2.7040E-02
-2.6461E-02
-3.3183E-02
-3.1494E-02
-1.7159E-02
8.9383E-04
7.7967E-03
6.3522E-03
6.7349E-03
1.4175E-02
3.9557E-03
-1.3182E-02
-1.8618E-02
-1.8748E-02
-1.6754E-02
-1.3677E-02
-1.0228E-02
-6.8883E-03
-2.8343E-03
5.4314E-03
5.0515E-03
-7.2275E-04
8.0857E-03
1.7115E-02
1.4960E-02
7.7993E-03
-1.8924E-04
3.1948E-03
1.3000E-02
2.0309E-02
2.1592E-02
1.8363E-02
1.7396E-02
2.0691E-02
2.5878E-02
2.1126E-02
1.7244E-02
1.6091E-02
2.5747E-02
3.7691E-02
3.4335E-02
2.5037E-02
2.1561E-02
2.3341E-02
1.9056E-02
1.7710E-02
1.8734E-02
1.6669E-02
7.0843E-03
4.6387E-03
1.5077E-02
2.1081E-02
2.2416E-02
1.3922E-02
4.4773E-03
2.6342E-03
-1.4943E-04
-2.5194E-03
-4.9244E-03
-4.4162E-03
-7.2662E-03
-1.1339E-02
-6.7195E-03
-4.4554E-03
-7.5286E-03
-1.4707E-02
-1.8211E-02
-1.4457E-02
-9.3795E-03
-4.4810E-03
-5.0172E-03
-5.6961E-03
-3.2777E-03
-7.3790E-03
-1.0141E-02
-9.8649E-03
-7.6701E-03
-4.4986E-03
-3.8728E-03
-3.1524E-03
-4.4273E-03
-6.6363E-03
-1.0816E-02
-1.0987E-02
-1.0392E-02
-1.0754E-02
-1.0508E-02
-1.2075E-02
-1.1880E-02
-1.2144E-02
-1.1484E-02
-9.0151E-03
-6.0183E-03
-2.9550E-03
1.5321E-03
6.0787E-03
7.7280E-03
5.9460E-03
1.2961E-03
1.6762E-03
5.4045E-03
5.4088E-03
4.2487E-03
6.0125E-03
8.7450E-03
7.4545E-03
5.6300E-03
2.9980E-03
1.9972E-03
4.4042E-03
6.7930E-03
7.7383E-03
6.1970E-03
3.8067E-03
1.9889E-03
2.7190E-03
4.2981E-03
3.0020E-03
1.9435E-03
2.3744E-03
1.9460E-03
6.0093E-04
-3.2784E-04
-1.5962E-03
-2.9994E-03
-2.4609E-03
-2.0140E-03
-1.4415E-03
-6.1702E-04
-5.3835E-04
-1.3516E-03
-1.4527E-03
-3.8787E-04
1.0530E-03
1.0968E-03
-5.7512E-04
-8.7361E-04
-1.0794E-03
-1.0826E-03
-7.9661E-04
-7.7778E-04
-1.0747E-03
-1.2551E-03
-6.4850E-04
-6.1251E-05
1.6604E-04
-1.8043E-04
-7.0915E-04
-8.0621E-04
-7.3498E-04
-6.4711E-04
-5.1694E-04
-8.4348E-04
-1.1707E-03
-1.0630E-03
-8.0328E-04
-7.2033E-04
-7.4716E-04
-6.9338E-04
-5.5611E-04
-6.0871E-04
-7.0498E-04
-6.3226E-04
-5.3130E-04
-4.3547E-04
-4.1892E-04
-4.8834E-04
-5.9238E-04