2.2310E+03
1.0000E-02
-5.9380E-03
-5.9283E-03
-5.9183E-03
-5.9081E-03
-5.8977E-03
-5.8870E-03
-5.8759E-03
-5.8643E-03
-5.8521E-03
-5.8391E-03
-5.8252E-03
-5.8105E-03
-5.7956E-03
-5.7802E-03
-5.7646E-03
-5.7489E-03
-5.7320E-03
-5.7116E-03
-5.6883E-03
-5.6628E-03
-5.6346E-03
-5.6033E-03
-5.5680E-03
-5.5300E-03
-5.4916E-03
-5.4518E-03
-5.4076E-03
-5.3588E-03
-5.3120E-03
-5.2835E-03
-5.2680E-03
-5.2616E-03
-5.2602E-03
-5.2540E-03
-5.2416E-03
-5.2471E-03
-5.2603E-03
-5.1903E-03
-4.9350E-03
-4.5910E-03
-4.3836E-03
-4.5418E-03
-4.8578E-03
-5.0249E-03
-4.8408E-03
-4.4773E-03
-4.0629E-03
-3.6672E-03
-3.5114E-03
-3.4857E-03
-3.5028E-03
-3.4659E-03
-3.1979E-03
-2.7779E-03
-2.3259E-03
-2.0887E-03
-2.3640E-03
-2.9087E-03
-3.1410E-03
-2.3272E-03
-1.3190E-03
-1.6510E-03
-3.0822E-03
-4.2854E-03
-3.7994E-03
-2.3610E-03
-8.2806E-04
4.0421E-04
8.8206E-04
1.1791E-03
1.4283E-03
1.3777E-03
9.6994E-04
4.4356E-04
-8.7080E-05
-6.0042E-04
-1.1463E-03
-1.7717E-03
-2.5084E-03
-3.0927E-03
-3.0012E-03
-2.3883E-03
-1.6705E-03
-8.7188E-04
-2.8327E-05
7.0678E-04
1.0114E-03
1.1846E-03
1.2664E-03
9.4946E-04
2.2969E-04
-8.7311E-04
-2.2235E-03
-3.2986E-03
-3.1627E-03
-1.9104E-03
-4.1665E-04
1.1552E-03
2.7401E-03
4.3092E-03
5.8031E-03
7.5945E-03
9.7895E-03
1.1105E-02
8.3129E-03
2.4334E-03
-2.7360E-03
-3.6317E-03
-2.0719E-03
-1.0623E-03
-1.2505E-03
-2.0473E-03
-7.8470E-04
5.4164E-03
1.1476E-02
1.0435E-02
6.6236E-03
3.4384E-03
2.3692E-03
3.2708E-03
4.2891E-03
4.2939E-03
3.6756E-03
6.2331E-03
1.5482E-02
2.1506E-02
1.1883E-02
-7.5968E-04
-4.6400E-03
-4.8564E-03
-4.9303E-03
-4.1702E-03
-1.3066E-03
2.4158E-03
6.1833E-03
9.9490E-03
1.3461E-02
1.6399E-02
1.9123E-02
2.1483E-02
2.2033E-02
2.0384E-02
1.7086E-02
1.2512E-02
7.4520E-03
3.4774E-03
3.1261E-03
4.4874E-03
5.8471E-03
7.3389E-03
8.9002E-03
1.0302E-02
1.0650E-02
1.0235E-02
9.7056E-03
8.9008E-03
6.8852E-03
4.0419E-03
1.0798E-03
-1.8309E-03
-4.8693E-03
-8.1457E-03
-1.0930E-02
-1.1244E-02
-9.3480E-03
-7.0775E-03
-4.8891E-03
-2.6583E-03
-3.9825E-04
1.9063E-03
4.4495E-03
6.8179E-03
7.5597E-03
5.7342E-03
3.1029E-03
4.9382E-04
-2.1023E-03
-4.6298E-03
-7.1974E-03
-1.0165E-02
-1.3166E-02
-1.3553E-02
-8.5064E-03
-1.2697E-03
4.8381E-03
6.8240E-03
5.2418E-03
2.9215E-03
-4.4423E-06
-3.8117E-03
-8.0774E-03
-1.2803E-02
-1.7698E-02
-2.0368E-02
-1.8053E-02
-1.3819E-02
-9.5881E-03
-5.5707E-03
-3.2612E-03
-2.1689E-03
-1.4324E-03
-5.1545E-04
2.9725E-04
5.5642E-04
-4.4320E-04
-1.8301E-03
-3.2192E-03
-4.1477E-03
-4.3793E-03
-4.2352E-03
-4.2910E-03
-5.1340E-03
-7.1115E-03
-9.2756E-03
-1.1496E-02
-1.3667E-02
-1.5991E-02
-1.8237E-02
-2.0358E-02
-2.2436E-02
-2.5082E-02
-2.7903E-02
-2.8116E-02
-2.1701E-02
-1.2993E-02
-4.0752E-03
4.8740E-03
1.1235E-02
1.2755E-02
1.2570E-02
1.2560E-02
1.2338E-02
1.2011E-02
1.1972E-02
1.3478E-02
1.5808E-02
1.7921E-02
1.9186E-02
2.1086E-02
2.8330E-02
4.1345E-02
4.8794E-02
4.4187E-02
3.6058E-02
2.9302E-02
2.4082E-02
1.9383E-02
1.4460E-02
9.4139E-03
4.0336E-03
-8.4508E-04
-3.7136E-03
-4.7449E-03
-5.4535E-03
-6.1430E-03
-6.8355E-03
-7.7401E-03
-9.4865E-03
-1.1961E-02
-1.7372E-02
-2.7893E-02
-3.7729E-02
-3.8017E-02
-3.0344E-02
-2.0654E-02
-1.0844E-02
-2.2181E-03
2.4172E-03
5.5554E-03
8.7654E-03
1.1916E-02
1.5113E-02
1.8292E-02
2.1371E-02
2.4435E-02
2.8485E-02
3.4942E-02
4.2208E-02
4.9986E-02
5.8391E-02
6.4461E-02
6.2974E-02
5.7412E-02
5.1916E-02
4.7808E-02
4.4226E-02
3.3960E-02
1.1197E-02
-3.6575E-03
1.7939E-03
1.2746E-02
1.8907E-02
1.3710E-02
4.8852E-03
-3.5743E-03
-1.2257E-02
-2.0373E-02
-2.6988E-02
-3.2476E-02
-3.8449E-02
-4.7966E-02
-5.8475E-02
-5.6768E-02
-3.3448E-02
-5.6320E-03
4.0413E-03
-1.3110E-02
-3.3961E-02
-3.9177E-02
-3.7677E-02
-3.6072E-02
-3.4830E-02
-3.3771E-02
-3.2747E-02
-2.9833E-02
-2.2051E-02
-1.2514E-02
-1.0903E-03
1.5958E-02
3.3043E-02
4.3519E-02
4.9853E-02
5.4222E-02
5.6071E-02
5.7889E-02
6.0074E-02
5.6691E-02
3.8918E-02
5.4210E-03
-3.0176E-02
-5.3590E-02
-6.2978E-02
-6.8755E-02
-7.2082E-02
-6.5745E-02
-5.5667E-02
-4.5282E-02
-3.5245E-02
-2.7729E-02
-2.3482E-02
-2.0312E-02
-1.6686E-02
-1.2371E-02
-9.1690E-03
-1.1645E-02
-1.8483E-02
-1.7292E-02
-3.4500E-03
1.5204E-02
3.4832E-02
4.9269E-02
4.7250E-02
3.8801E-02
3.4861E-02
3.3861E-02
3.4033E-02
3.4229E-02
3.2792E-02
2.5738E-02
1.6682E-02
7.6816E-03
-1.3455E-03
-1.0474E-02
-1.9574E-02
-2.8363E-02
-3.6640E-02
-4.5622E-02
-5.5521E-02
-6.2523E-02
-5.7995E-02
-4.5271E-02
-3.0579E-02
-1.5320E-02
-2.6437E-03
1.9078E-03
3.2853E-03
4.8480E-03
6.1288E-03
7.7194E-03
9.9036E-03
1.2747E-02
1.4845E-02
2.0448E-02
3.7969E-02
5.9272E-02
6.3717E-02
4.9517E-02
3.1328E-02
1.3277E-02
-9.6964E-03
-3.9788E-02
-7.0837E-02
-8.4001E-02
-6.1756E-02
-2.5393E-02
9.4719E-03
3.2883E-02
3.2755E-02
2.5391E-02
1.8296E-02
1.1226E-02
3.9892E-03
-3.8915E-03
-1.2647E-02
-1.9412E-02
-1.7928E-02
-8.3033E-03
3.7057E-03
1.3397E-02
1.2748E-02
4.3300E-03
-5.2519E-03
-1.0429E-02
-9.1256E-03
-1.0175E-02
-2.2596E-02
-3.8998E-02
-5.7371E-02
-7.6634E-02
-8.4462E-02
-6.4158E-02
-3.3269E-02
-2.8479E-03
2.7393E-02
5.2763E-02
7.2483E-02
8.8420E-02
9.5401E-02
8.7529E-02
7.5145E-02
6.1532E-02
4.7604E-02
3.8999E-02
4.2802E-02
4.6809E-02
3.7727E-02
2.2451E-02
7.3751E-03
-1.4549E-03
5.2329E-03
1.7276E-02
3.1879E-02
4.8569E-02
5.2828E-02
2.4880E-02
-4.5952E-03
-1.4445E-02
-1.9819E-02
-2.5888E-02
-2.9820E-02
-2.4149E-02
-1.4959E-02
-5.8195E-03
3.4292E-03
1.3068E-02
2.1738E-02
2.6865E-02
2.9610E-02
3.2215E-02
3.4550E-02
3.7364E-02
4.0941E-02
4.5758E-02
5.0902E-02
5.8047E-02
6.5238E-02
6.2333E-02
3.7523E-02
4.4522E-03
-2.2350E-02
-2.9945E-02
-2.8224E-02
-2.6920E-02
-2.5653E-02
-2.4898E-02
-2.4300E-02
-2.4108E-02
-2.0522E-02
-9.3447E-03
4.8127E-03
1.9383E-02
3.5724E-02
5.0208E-02
5.6622E-02
5.9367E-02
6.2328E-02
6.4937E-02
6.8990E-02
7.2749E-02
7.0648E-02
5.5774E-02
3.8823E-02
3.2095E-02
3.9102E-02
5.0360E-02
6.0304E-02
6.4649E-02
6.3195E-02
6.0232E-02
5.7280E-02
5.3872E-02
5.1277E-02
4.9342E-02
4.5039E-02
3.0605E-02
9.5797E-03
-1.2200E-02
-3.4859E-02
-6.2902E-02
-9.3319E-02
-1.1353E-01
-1.0552E-01
-8.6911E-02
-7.4638E-02
-7.8263E-02
-8.8253E-02
-9.7808E-02
-1.0905E-01
-1.1754E-01
-1.1507E-01
-1.0260E-01
-8.7790E-02
-7.0823E-02
-5.5669E-02
-5.3679E-02
-6.9884E-02
-8.7140E-02
-8.8897E-02
-7.6991E-02
-6.2009E-02
-4.6623E-02
-3.2746E-02
-2.5018E-02
-2.3194E-02
-2.2899E-02
-2.2884E-02
-2.1420E-02
-1.6879E-02
-1.1006E-02
-5.3946E-03
4.7304E-04
6.2374E-03
1.2180E-02
1.7817E-02
2.3443E-02
2.9404E-02
3.6288E-02
4.1258E-02
3.8313E-02
2.7999E-02
1.6211E-02
4.4211E-03
-6.8021E-03
-1.8537E-02
-3.2650E-02
-4.9455E-02
-6.0936E-02
-6.4193E-02
-6.5049E-02
-6.6144E-02
-6.7077E-02
-6.8128E-02
-6.8945E-02
-6.9911E-02
-7.0545E-02
-7.1352E-02
-7.2516E-02
-7.4125E-02
-7.1195E-02
-5.4984E-02
-1.8767E-02
3.3351E-02
9.0364E-02
1.4178E-01
1.7648E-01
2.0284E-01
2.3070E-01
2.5996E-01
2.8451E-01
2.8347E-01
2.6005E-01
2.3189E-01
2.0440E-01
1.7589E-01
1.4779E-01
1.1864E-01
8.9488E-02
6.1139E-02
3.8968E-02
2.2817E-02
1.0022E-02
-7.1495E-03
-4.0865E-02
-9.0278E-02
-1.4251E-01
-1.8462E-01
-1.9950E-01
-2.0785E-01
-2.2636E-01
-2.5558E-01
-2.5483E-01
-2.3789E-01
-2.2205E-01
-2.0786E-01
-1.9483E-01
-1.7208E-01
-1.2910E-01
-8.7089E-02
-5.6017E-02
-2.6760E-02
1.7222E-03
3.0522E-02
6.1367E-02
9.4584E-02
1.1682E-01
1.0485E-01
7.7657E-02
4.9421E-02
2.3865E-02
1.8368E-02
3.3899E-02
5.5413E-02
7.2498E-02
8.3138E-02
9.2822E-02
1.0519E-01
1.1135E-01
9.5073E-02
6.1533E-02
2.3721E-02
-1.6811E-02
-5.0038E-02
-5.6374E-02
-4.2388E-02
-2.5569E-02
-7.0302E-03
1.3513E-02
2.9817E-02
2.5028E-02
4.9877E-03
-4.7828E-03
-7.8587E-03
-1.2324E-02
-1.6353E-02
-1.9450E-02
-1.8641E-02
-1.6873E-02
-1.7785E-02
-2.8576E-02
-4.3360E-02
-5.8385E-02
-7.4511E-02
-9.2439E-02
-1.0459E-01
-9.7926E-02
-8.1260E-02
-6.4776E-02
-4.8050E-02
-3.1803E-02
-1.3426E-02
5.0998E-03
1.7740E-02
1.3900E-02
4.6086E-03
-5.3625E-03
-1.5730E-02
-2.2289E-02
-1.8159E-02
-1.0215E-02
-2.3633E-03
5.1870E-03
1.2459E-02
2.0572E-02
3.0868E-02
3.8196E-02
2.8561E-02
-8.7211E-04
-3.3213E-02
-5.4647E-02
-6.2242E-02
-6.5922E-02
-6.7012E-02
-6.2604E-02
-5.5464E-02
-4.3738E-02
-2.5682E-02
-1.0874E-02
-1.1520E-02
-2.2316E-02
-3.4141E-02
-4.5324E-02
-5.3052E-02
-5.9826E-02
-6.6308E-02
-7.5832E-02
-8.6391E-02
-8.5819E-02
-5.6053E-02
-1.8879E-02
4.8532E-03
1.5253E-02
2.1158E-02
2.0738E-02
1.0840E-02
-2.3461E-03
-1.5288E-02
-2.7736E-02
-3.9641E-02
-5.4637E-02
-7.1922E-02
-7.7956E-02
-4.7778E-02
-1.9849E-03
4.4601E-02
8.8559E-02
1.1709E-01
1.3148E-01
1.4202E-01
1.5573E-01
1.7312E-01
1.7888E-01
1.4606E-01
8.9239E-02
4.7090E-02
5.3046E-03
-3.3772E-02
-4.8952E-02
-5.6594E-02
-6.4350E-02
-6.6426E-02
-5.6608E-02
-4.1590E-02
-2.6429E-02
-1.4460E-02
-1.0417E-02
-4.8759E-03
1.5853E-02
4.9095E-02
8.2857E-02
1.0722E-01
1.1909E-01
1.2918E-01
1.4104E-01
1.4746E-01
1.3415E-01
1.0594E-01
6.8011E-02
1.6875E-02
-2.5071E-02
-3.9871E-02
-4.7019E-02
-6.1197E-02
-8.4915E-02
-9.3954E-02
-8.8034E-02
-8.0915E-02
-7.3312E-02
-6.1368E-02
-4.0755E-02
-1.7466E-02
5.4201E-03
2.6411E-02
4.5949E-02
6.5258E-02
8.4415E-02
1.0278E-01
1.2169E-01
1.4374E-01
1.6475E-01
1.6524E-01
1.3270E-01
8.8083E-02
4.4942E-02
1.2876E-02
7.3097E-04
-4.6669E-03
-1.2497E-02
-3.0504E-02
-5.7928E-02
-8.4902E-02
-1.0434E-01
-1.1867E-01
-1.2807E-01
-1.2909E-01
-1.2821E-01
-1.2838E-01
-1.2228E-01
-1.0069E-01
-7.5192E-02
-5.7328E-02
-4.4118E-02
-2.4717E-02
-8.3360E-04
2.2461E-02
4.2394E-02
5.5643E-02
6.7215E-02
7.9797E-02
9.3611E-02
1.0320E-01
1.0234E-01
1.0130E-01
1.1697E-01
1.4081E-01
1.4902E-01
1.1104E-01
5.7794E-02
3.2788E-02
2.9472E-02
3.0344E-02
3.0633E-02
3.1062E-02
2.8784E-02
2.1507E-02
1.1795E-02
2.6020E-03
-3.5074E-03
-4.4853E-03
-3.9769E-03
-5.2749E-03
-1.2203E-02
-2.1217E-02
-3.0811E-02
-4.1573E-02
-4.9749E-02
-4.7082E-02
-3.4515E-02
-2.0071E-02
-4.1520E-03
1.3974E-02
2.6641E-02
1.6162E-02
-1.1591E-02
-3.8904E-02
-5.8308E-02
-7.1393E-02
-7.2618E-02
-6.4884E-02
-5.8097E-02
-5.9870E-02
-6.9290E-02
-7.0402E-02
-5.7898E-02
-4.1219E-02
-2.5356E-02
-8.3230E-03
9.6320E-03
2.4254E-02
2.5397E-02
1.9340E-02
1.2174E-02
7.3281E-03
9.2377E-03
1.3963E-02
1.8353E-02
2.3396E-02
2.8848E-02
3.4699E-02
4.0265E-02
4.7049E-02
5.3455E-02
5.4937E-02
4.5470E-02
3.2914E-02
1.8787E-02
-8.5400E-04
-2.5728E-02
-5.2594E-02
-8.4612E-02
-1.1497E-01
-1.1785E-01
-7.3763E-02
-3.7686E-02
-2.3901E-02
-1.2371E-02
1.6801E-03
1.8154E-02
2.9954E-02
3.0572E-02
2.6603E-02
2.4604E-02
2.0647E-02
6.6397E-03
-2.1153E-02
-5.0591E-02
-6.9122E-02
-6.8452E-02
-5.9217E-02
-4.0093E-02
-1.4080E-02
6.5617E-03
5.1347E-03
-1.1962E-02
-3.1128E-02
-4.6284E-02
-5.1339E-02
-5.9074E-02
-7.3984E-02
-9.1823E-02
-1.0598E-01
-1.0393E-01
-8.6722E-02
-6.6429E-02
-4.5671E-02
-2.3454E-02
-2.9631E-03
5.4920E-03
-3.8618E-04
-1.1642E-02
-2.2975E-02
-2.7098E-02
-1.4288E-02
5.2272E-03
2.1216E-02
2.4639E-02
1.8054E-02
1.0050E-02
1.5928E-03
-7.6454E-03
-1.5630E-02
-1.6250E-02
-9.7478E-03
-1.0478E-03
7.5853E-03
1.3460E-02
1.4242E-02
1.5065E-02
2.3949E-02
4.1946E-02
6.2364E-02
8.2506E-02
1.0322E-01
1.2434E-01
1.4361E-01
1.5631E-01
1.6651E-01
1.7688E-01
1.8942E-01
1.9911E-01
1.9396E-01
1.7392E-01
1.4904E-01
1.2768E-01
1.1707E-01
1.1474E-01
1.1282E-01
1.0759E-01
9.9898E-02
8.9477E-02
7.0069E-02
4.4390E-02
1.7144E-02
-9.0795E-03
-2.9755E-02
-4.5084E-02
-5.8363E-02
-7.8933E-02
-1.1966E-01
-1.6183E-01
-1.7299E-01
-1.4822E-01
-1.1171E-01
-7.4129E-02
-4.2086E-02
-3.4889E-02
-4.7026E-02
-6.4659E-02
-8.3615E-02
-9.8003E-02
-9.5682E-02
-8.6463E-02
-8.4962E-02
-1.0079E-01
-1.2345E-01
-1.4298E-01
-1.5521E-01
-1.6003E-01
-1.6486E-01
-1.7067E-01
-1.7252E-01
-1.5909E-01
-1.3833E-01
-1.2022E-01
-1.1362E-01
-1.1190E-01
-9.3200E-02
-5.0287E-02
-1.6530E-02
3.7525E-03
2.3084E-02
4.1094E-02
5.6149E-02
6.8784E-02
8.1810E-02
9.1741E-02
9.5642E-02
9.5687E-02
9.5203E-02
9.8507E-02
1.1717E-01
1.4377E-01
1.7178E-01
1.9933E-01
2.2617E-01
2.5335E-01
2.8450E-01
3.1303E-01
3.1771E-01
2.8729E-01
2.4615E-01
2.0628E-01
1.6561E-01
1.2503E-01
8.4313E-02
4.1630E-02
-1.3100E-03
-3.4817E-02
-4.6754E-02
-5.1145E-02
-5.7523E-02
-6.4089E-02
-6.3835E-02
-4.7339E-02
-2.5503E-02
-8.7560E-03
-1.4562E-03
3.2125E-03
8.3294E-03
6.7374E-03
-6.0085E-03
-2.3558E-02
-4.1238E-02
-5.8055E-02
-6.6692E-02
-6.8199E-02
-6.9363E-02
-8.2522E-02
-1.0896E-01
-1.3058E-01
-1.2278E-01
-1.0003E-01
-7.6275E-02
-5.1236E-02
-2.1327E-02
1.0759E-02
4.4574E-02
8.0326E-02
1.0982E-01
1.1510E-01
1.0370E-01
8.9083E-02
7.5483E-02
6.7663E-02
6.6702E-02
6.7600E-02
6.8692E-02
6.9601E-02
6.9643E-02
6.8742E-02
6.8199E-02
6.8049E-02
6.6437E-02
5.6812E-02
3.7523E-02
3.5453E-03
-4.3689E-02
-7.7846E-02
-8.5068E-02
-8.9043E-02
-1.0745E-01
-1.3441E-01
-1.6206E-01
-1.8862E-01
-2.0980E-01
-2.2559E-01
-2.3019E-01
-2.2728E-01
-2.2459E-01
-2.2486E-01
-2.1429E-01
-1.7553E-01
-9.9911E-02
-5.8740E-02
-4.0159E-02
-1.7794E-02
1.0207E-02
4.7568E-02
8.6348E-02
1.2193E-01
1.4157E-01
1.4960E-01
1.5526E-01
1.6169E-01
1.6680E-01
1.7154E-01
1.7798E-01
1.8532E-01
1.8292E-01
1.5698E-01
1.2213E-01
8.8008E-02
5.3764E-02
2.0039E-02
-1.5578E-02
-5.3032E-02
-8.5405E-02
-9.5841E-02
-8.7854E-02
-7.5887E-02
-6.4217E-02
-5.5026E-02
-4.8451E-02
-4.2884E-02
-3.5528E-02
-2.7947E-02
-2.6268E-02
-4.1496E-02
-5.9581E-02
-7.7859E-02
-1.1122E-01
-1.7010E-01
-2.0390E-01
-2.2016E-01
-2.3973E-01
-2.6096E-01
-2.8048E-01
-2.7816E-01
-2.4389E-01
-1.9813E-01
-1.5494E-01
-1.1039E-01
-6.2528E-02
-9.8325E-03
4.2843E-02
9.5748E-02
1.4846E-01
2.0277E-01
2.5537E-01
3.0525E-01
3.5812E-01
4.2295E-01
4.8034E-01
4.6010E-01
3.2736E-01
1.8566E-01
1.2186E-01
8.5588E-02
4.6987E-02
1.4816E-02
-9.5123E-03
-2.9165E-02
-4.7432E-02
-6.3288E-02
-8.7517E-02
-1.2935E-01
-1.6679E-01
-1.8019E-01
-1.8311E-01
-1.7459E-01
-1.6204E-01
-1.4856E-01
-1.3533E-01
-1.2017E-01
-1.0671E-01
-1.0783E-01
-1.2918E-01
-1.5592E-01
-1.7609E-01
-1.8093E-01
-1.8077E-01
-1.8175E-01
-1.8208E-01
-1.7815E-01
-1.6796E-01
-1.5643E-01
-1.4469E-01
-1.3555E-01
-1.3339E-01
-1.3177E-01
-1.2267E-01
-1.0894E-01
-9.5459E-02
-8.7208E-02
-8.9463E-02
-9.5040E-02
-1.0057E-01
-1.0568E-01
-1.0956E-01
-1.1280E-01
-1.1596E-01
-1.1893E-01
-1.2210E-01
-1.2595E-01
-1.2917E-01
-1.2909E-01
-1.2764E-01
-1.2571E-01
-1.2371E-01
-1.2138E-01
-1.1998E-01
-1.1993E-01
-1.1791E-01
-1.1100E-01
-1.0897E-01
-1.4624E-01
-2.2918E-01
-3.1346E-01
-3.1371E-01
-2.3443E-01
-1.3701E-01
-3.5946E-02
5.3623E-02
9.9199E-02
1.0945E-01
1.1580E-01
1.3370E-01
1.7102E-01
1.8275E-01
1.8439E-01
2.0132E-01
2.2715E-01
2.5318E-01
2.6769E-01
2.6580E-01
2.5347E-01
2.3412E-01
2.1194E-01
1.9046E-01
1.6889E-01
1.4635E-01
1.2283E-01
1.0086E-01
8.7659E-02
8.5948E-02
8.7396E-02
8.8784E-02
9.0459E-02
9.2110E-02
9.3134E-02
9.4317E-02
1.0017E-01
1.1476E-01
1.3251E-01
1.5128E-01
1.7067E-01
1.8340E-01
1.8578E-01
1.8865E-01
2.0234E-01
2.2108E-01
2.4076E-01
2.6317E-01
2.8342E-01
2.8429E-01
2.6000E-01
2.2883E-01
2.0449E-01
1.8797E-01
1.7556E-01
1.6407E-01
1.4697E-01
1.0442E-01
4.6260E-02
-8.2764E-03
-3.5003E-02
-2.4286E-02
-3.1066E-03
1.4967E-02
2.6840E-02
3.9863E-02
6.5504E-02
9.1231E-02
1.0086E-01
1.0154E-01
1.0074E-01
9.8050E-02
9.2859E-02
8.6397E-02
8.0263E-02
7.7675E-02
7.4544E-02
5.3971E-02
4.1357E-03
-2.8250E-02
-3.2067E-02
-3.0754E-02
-2.8922E-02
-2.6659E-02
-2.2255E-02
-1.7258E-02
-1.5312E-02
-2.3786E-02
-3.5630E-02
-4.7106E-02
-6.0012E-02
-7.4640E-02
-8.3364E-02
-7.1708E-02
-5.0175E-02
-3.1616E-02
-2.7124E-02
-4.0478E-02
-5.8003E-02
-6.6304E-02
-5.2287E-02
-3.3677E-02
-2.3252E-02
-1.4683E-02
-2.5449E-03
1.3515E-02
3.0366E-02
4.6974E-02
6.3596E-02
8.0508E-02
9.7332E-02
1.1371E-01
1.2981E-01
1.4827E-01
1.6837E-01
1.7928E-01
1.6175E-01
1.3303E-01
1.0532E-01
7.7303E-02
4.8679E-02
1.5827E-02
-1.9609E-02
-5.6054E-02
-9.4600E-02
-1.3573E-01
-1.6807E-01
-1.6734E-01
-1.4983E-01
-1.3171E-01
-1.1420E-01
-1.0139E-01
-9.0693E-02
-8.1807E-02
-6.7398E-02
-3.9848E-02
-1.2678E-02
-8.8461E-03
-2.2170E-02
-3.9542E-02
-5.3105E-02
-5.7917E-02
-6.0410E-02
-6.8605E-02
-7.8919E-02
-8.5322E-02
-8.7296E-02
-8.9469E-02
-9.0797E-02
-9.0451E-02
-8.6931E-02
-8.2134E-02
-8.0457E-02
-9.4265E-02
-1.1637E-01
-1.2786E-01
-1.1721E-01
-9.9931E-02
-8.4603E-02
-7.4211E-02
-6.5185E-02
-5.5392E-02
-4.5479E-02
-3.9056E-02
-3.5954E-02
-2.5557E-02
7.0952E-03
4.9144E-02
9.5881E-02
1.4658E-01
1.9804E-01
2.5060E-01
3.0458E-01
3.5590E-01
3.9348E-01
4.1336E-01
4.2876E-01
4.3803E-01
4.2785E-01
4.0403E-01
3.6054E-01
3.0152E-01
2.4055E-01
1.7862E-01
1.1674E-01
5.2200E-02
-8.3617E-03
-4.9592E-02
-6.9738E-02
-8.1325E-02
-7.7038E-02
-5.5329E-02
-2.9012E-02
-3.4332E-03
2.4575E-02
5.5302E-02
7.8488E-02
7.0266E-02
4.1751E-02
1.9817E-02
8.3646E-03
5.0221E-05
-7.4469E-03
-1.9562E-02
-4.6124E-02
-7.9988E-02
-1.1060E-01
-1.3188E-01
-1.5220E-01
-1.9213E-01
-2.2922E-01
-2.4036E-01
-2.4167E-01
-2.4591E-01
-2.5525E-01
-2.6737E-01
-2.7904E-01
-2.9207E-01
-3.0383E-01
-3.1298E-01
-3.1964E-01
-3.4616E-01
-4.0216E-01
-4.3790E-01
-3.8457E-01
-3.0394E-01
-2.5808E-01
-2.4143E-01
-2.2126E-01
-1.8585E-01
-1.4589E-01
-1.0787E-01
-8.0280E-02
-6.4685E-02
-4.5693E-02
-8.4432E-03
4.2355E-02
9.6801E-02
1.6297E-01
2.2559E-01
2.2606E-01
1.1945E-01
3.1153E-02
-7.0448E-03
-3.8091E-02
-6.8537E-02
-1.0142E-01
-1.3555E-01
-1.7027E-01
-1.8632E-01
-1.6477E-01
-1.2970E-01
-9.5867E-02
-6.1576E-02
-3.4064E-02
-1.4118E-02
2.7121E-03
2.0120E-02
3.6466E-02
5.2974E-02
7.0359E-02
8.9839E-02
1.0353E-01
9.7785E-02
7.8891E-02
5.9080E-02
4.0119E-02
2.2908E-02
6.2884E-03
-3.8603E-03
-3.5988E-03
7.8201E-04
5.6747E-03
1.0536E-02
8.1428E-03
-5.4916E-03
-2.3099E-02
-3.9820E-02
-5.7971E-02
-7.7049E-02
-9.2936E-02
-9.4935E-02
-8.8467E-02
-8.0323E-02
-7.2856E-02
-6.6056E-02
-5.7343E-02
-3.9880E-02
-1.4662E-02
1.2667E-02
3.9893E-02
6.7449E-02
9.4602E-02
1.2140E-01
1.4874E-01
1.7925E-01
2.0843E-01
2.1521E-01
1.8392E-01
1.4011E-01
9.6963E-02
5.1792E-02
7.2416E-03
-2.5936E-02
-3.8010E-02
-4.1880E-02
-4.2214E-02
-4.0249E-02
-3.8131E-02
-3.7022E-02
-4.0207E-02
-4.4907E-02
-5.0018E-02
-5.4960E-02
-5.8070E-02
-5.7390E-02
-5.6168E-02
-5.1417E-02
-3.5457E-02
-1.7771E-02
-1.8384E-02
-3.9914E-02
-6.6497E-02
-9.1804E-02
-1.2096E-01
-1.5366E-01
-1.7202E-01
-1.4112E-01
-8.9012E-02
-3.8025E-02
1.2978E-02
6.4711E-02
1.2224E-01
1.7532E-01
1.9661E-01
1.7122E-01
1.3330E-01
9.6666E-02
6.0003E-02
2.0212E-02
-2.2879E-02
-5.5245E-02
-5.1056E-02
-2.7007E-02
-1.7931E-03
2.3347E-02
4.7971E-02
7.4711E-02
1.0353E-01
1.2783E-01
1.2973E-01
1.1025E-01
8.5672E-02
6.1522E-02
3.7007E-02
1.2124E-02
-1.2443E-02
-3.4489E-02
-5.3865E-02
-6.7886E-02
-7.9386E-02
-9.1843E-02
-1.0523E-01
-1.1543E-01
-1.1295E-01
-1.0297E-01
-9.1681E-02
-7.9988E-02
-6.9261E-02
-6.1279E-02
-5.5434E-02
-5.1205E-02
-5.0168E-02
-5.0091E-02
-4.9884E-02
-4.9553E-02
-4.9906E-02
-5.0944E-02
-4.9380E-02
-3.8668E-02
-2.2740E-02
-5.6947E-03
1.1266E-02
2.3020E-02
2.5807E-02
2.5426E-02
2.5434E-02
2.5462E-02
2.5902E-02
2.6126E-02
2.7075E-02
2.9302E-02
3.2742E-02
3.6574E-02
3.8642E-02
3.3168E-02
2.2995E-02
1.2169E-02
1.4586E-03
-1.0239E-02
-2.2168E-02
-2.9767E-02
-2.7270E-02
-2.1222E-02
-1.5747E-02
-1.0899E-02
-4.3923E-03
8.4920E-03
2.6551E-02
4.5533E-02
6.4723E-02
8.3776E-02
1.0268E-01
1.2112E-01
1.4091E-01
1.6242E-01
1.7972E-01
1.7580E-01
1.5610E-01
1.3367E-01
1.1100E-01
8.6589E-02
6.2461E-02
4.7932E-02
5.0940E-02
5.9534E-02
6.9214E-02
8.0694E-02
8.6227E-02
7.1222E-02
4.4871E-02
1.8107E-02
-8.5584E-03
-3.7193E-02
-6.8323E-02
-9.0677E-02
-8.4690E-02
-6.5680E-02
-4.6844E-02
-2.6914E-02
-8.2747E-03
5.7462E-03
1.3678E-02
2.0211E-02
2.6671E-02
3.4576E-02
4.1862E-02
4.1727E-02
2.7884E-02
9.9477E-03
-7.6023E-03
-2.6206E-02
-4.5902E-02
-6.1797E-02
-6.4651E-02
-6.1394E-02
-5.8774E-02
-5.6916E-02
-5.3074E-02
-3.8827E-02
-1.4785E-02
1.2828E-02
4.2134E-02
6.7913E-02
7.5057E-02
6.3668E-02
4.7513E-02
3.1759E-02
1.5925E-02
-4.5584E-04
-1.7794E-02
-3.3685E-02
-4.3363E-02
-4.6709E-02
-4.8705E-02
-5.0756E-02
-5.2821E-02
-5.4853E-02
-5.6593E-02
-5.7186E-02
-5.7367E-02
-5.8287E-02
-5.7218E-02
-4.6152E-02
-2.5131E-02
-1.2270E-03
2.3267E-02
4.7045E-02
6.4578E-02
7.3640E-02
7.9918E-02
8.2587E-02
7.6296E-02
6.7755E-02
6.0093E-02
4.9533E-02
2.9348E-02
6.2722E-03
-7.2862E-03
-3.9950E-03
5.1905E-03
1.3418E-02
2.2304E-02
3.1287E-02
3.9886E-02
4.4881E-02
4.8327E-02
5.1295E-02
5.5517E-02
6.0393E-02
6.1188E-02
4.9288E-02
3.3015E-02
1.7417E-02
1.8212E-03
-1.5690E-02
-3.3875E-02
-4.3099E-02
-3.1261E-02
-1.1990E-02
6.9255E-03
2.6633E-02
4.5053E-02
5.9062E-02
6.9433E-02
7.9651E-02
9.0245E-02
9.9659E-02
1.0406E-01
1.0505E-01
1.0671E-01
1.0937E-01
1.0736E-01
9.1090E-02
6.9436E-02
4.8168E-02
2.6924E-02
6.1071E-03
-1.5516E-02
-3.8789E-02
-6.0693E-02
-7.0020E-02
-6.0710E-02
-4.5625E-02
-3.0040E-02
-1.2993E-02
2.1053E-04
-1.3732E-03
-1.3884E-02
-2.8984E-02
-4.5171E-02
-5.6787E-02
-5.4923E-02
-4.7721E-02
-4.1194E-02
-3.4177E-02
-2.7345E-02
-2.0048E-02
-1.3160E-02
-5.9399E-03
1.0604E-03
8.2052E-03
1.4942E-02
2.2081E-02
2.9731E-02
3.6901E-02
3.8913E-02
3.4442E-02
2.8699E-02
2.7332E-02
3.0918E-02
3.6026E-02
4.0768E-02
4.5987E-02
5.1780E-02
5.7955E-02
6.4098E-02
7.1374E-02
7.8226E-02
7.9343E-02
6.8956E-02
5.4596E-02
3.9692E-02
2.5202E-02
1.5568E-02
1.3472E-02
1.3716E-02
1.3454E-02
1.3473E-02
1.5970E-02
2.2581E-02
3.0503E-02
3.7454E-02
4.2007E-02
4.5428E-02
4.8234E-02
4.7614E-02
4.2843E-02
3.6661E-02
3.0394E-02
2.4692E-02
2.1357E-02
1.9355E-02
1.7273E-02
1.4820E-02
1.3236E-02
1.5192E-02
1.8822E-02
1.8733E-02
9.6489E-03
-2.9665E-03
-1.5340E-02
-2.7316E-02
-3.6970E-02
-4.6059E-02
-5.5338E-02
-6.5203E-02
-7.3853E-02
-7.8065E-02
-7.8262E-02
-7.7669E-02
-7.7083E-02
-7.6768E-02
-7.5871E-02
-7.3318E-02
-6.9567E-02
-6.6016E-02
-6.2391E-02
-5.6975E-02
-4.7718E-02
-3.7245E-02
-2.6839E-02
-1.6372E-02
-5.9451E-03
4.2844E-03
1.4730E-02
2.5423E-02
3.4278E-02
3.3707E-02
2.1216E-02
5.2514E-03
-1.0653E-02
-2.7204E-02
-4.2685E-02
-5.3994E-02
-6.1312E-02
-6.7554E-02
-7.1975E-02
-7.5068E-02
-7.7667E-02
-8.0435E-02
-8.3548E-02
-8.7154E-02
-9.0834E-02
-9.5681E-02
-1.0095E-01
-1.0054E-01
-8.5996E-02
-6.6547E-02
-4.7585E-02
-2.7932E-02
-7.7202E-03
1.0610E-02
2.1446E-02
2.7945E-02
3.3668E-02
3.7929E-02
4.0612E-02
4.2646E-02
4.4746E-02
4.6903E-02
4.9089E-02
5.1076E-02
5.3181E-02
5.5649E-02
5.7775E-02
5.6458E-02
5.0814E-02
4.3807E-02
3.7072E-02
2.9965E-02
2.2643E-02
1.6258E-02
1.3447E-02
1.2250E-02
1.1653E-02
1.1639E-02
9.8691E-03
1.3166E-03
-1.1086E-02
-2.2284E-02
-2.6579E-02
-2.3162E-02
-1.7589E-02
-1.1582E-02
-6.4029E-03
-5.9343E-03
-1.0599E-02
-1.6613E-02
-2.2569E-02
-2.8827E-02
-3.5148E-02
-4.0419E-02
-4.3499E-02
-4.6180E-02
-4.9108E-02
-5.1065E-02
-4.9644E-02
-4.6591E-02
-4.3577E-02
-4.0501E-02
-3.7078E-02
-3.3653E-02
-3.2468E-02
-3.5794E-02
-4.0639E-02
-4.5422E-02
-5.0436E-02
-5.5407E-02
-6.0177E-02
-6.4207E-02
-6.8151E-02
-7.1936E-02
-7.3461E-02
-7.0229E-02
-6.5475E-02
-6.0964E-02
-5.6446E-02
-5.1519E-02
-4.5935E-02
-4.2332E-02
-4.5221E-02
-5.1217E-02
-5.7249E-02
-6.3851E-02
-7.0556E-02
-7.6080E-02
-7.7505E-02
-7.7848E-02
-7.8716E-02
-7.7645E-02
-7.0127E-02
-5.9238E-02
-4.8189E-02
-3.6917E-02
-2.5785E-02
-1.5320E-02
-6.1222E-03
3.2160E-03
1.3016E-02
2.0765E-02
2.1994E-02
2.0625E-02
1.9376E-02
1.7840E-02
1.6443E-02
1.6203E-02
1.8207E-02
2.0869E-02
2.3539E-02
2.6194E-02
2.8884E-02
3.1571E-02
3.4280E-02
3.6957E-02
3.9688E-02
4.2360E-02
4.5077E-02
4.7826E-02
5.0462E-02
5.2993E-02
5.5866E-02
5.9133E-02
6.1357E-02
5.8868E-02
5.2006E-02
4.3923E-02
3.5534E-02
2.7910E-02
2.3813E-02
2.2970E-02
2.2871E-02
2.2759E-02
2.2703E-02
2.2693E-02
2.2495E-02
2.1965E-02
2.1375E-02
2.1116E-02
2.0860E-02
1.8735E-02
1.2748E-02
5.4023E-03
-1.8296E-03
-9.1513E-03
-1.6336E-02
-2.3624E-02
-3.0986E-02
-3.8661E-02
-4.5885E-02
-5.0450E-02
-5.2018E-02
-5.2775E-02
-5.3524E-02
-5.4679E-02
-5.5342E-02
-5.6001E-02
-5.5580E-02
-5.2625E-02
-4.8636E-02
-4.4984E-02
-4.1451E-02
-3.6684E-02
-2.8245E-02
-1.8621E-02
-9.0861E-03
5.0829E-04
1.0039E-02
1.9415E-02
2.8843E-02
3.8444E-02
4.7708E-02
5.4906E-02
5.9690E-02
6.4121E-02
6.7483E-02
6.5977E-02
6.0819E-02
5.5024E-02
4.9269E-02
4.3394E-02
3.7640E-02
3.1966E-02
2.6344E-02
2.0446E-02
1.4497E-02
1.0227E-02
1.0281E-02
1.2061E-02
1.5134E-02
2.0539E-02
2.6503E-02
3.2354E-02
3.8306E-02
4.4448E-02
4.9559E-02
5.1360E-02
5.1044E-02
5.0440E-02
4.9803E-02
4.9157E-02
4.8373E-02
4.7481E-02
4.6505E-02
4.6177E-02
4.7506E-02
4.9342E-02
5.0967E-02
5.2850E-02
5.5022E-02
5.6184E-02
5.2926E-02
4.5687E-02
3.7590E-02
2.9674E-02
2.1917E-02
1.4353E-02
6.9752E-03
-4.3778E-04
-8.0052E-03
-1.4434E-02
-1.7059E-02
-1.6818E-02
-1.6206E-02
-1.5554E-02
-1.4834E-02
-1.3999E-02
-1.3408E-02
-1.2926E-02
-1.1661E-02
-8.4607E-03
-4.6941E-03
-8.2432E-04
2.8501E-03
4.9976E-03
4.7354E-03
3.6910E-03
2.7324E-03
1.7598E-03
8.1746E-04
-1.2946E-04
-1.0310E-03
-2.0221E-03
-3.1517E-03
-4.2334E-03
-5.1819E-03
-6.3346E-03
-8.1182E-03
-1.0124E-02
-1.2031E-02
-1.3832E-02
-1.5499E-02
-1.7133E-02
-1.8730E-02
-2.0298E-02
-2.1447E-02
-2.1382E-02
-2.0405E-02
-1.9256E-02
-1.8109E-02
-1.7002E-02
-1.5902E-02
-1.4798E-02
-1.3683E-02
-1.2715E-02
-1.2189E-02
-1.1814E-02
-1.1504E-02
-1.1233E-02
-1.0670E-02
-9.1688E-03
-7.1212E-03
-5.1592E-03
-3.3425E-03
-1.6383E-03
-1.2710E-05
1.5573E-03
3.0754E-03
4.0740E-03
3.6357E-03
2.5906E-03
1.5702E-03
7.1984E-04
5.2048E-04
1.0815E-03
1.7872E-03
2.3834E-03
2.9499E-03
3.4885E-03
3.9432E-03
4.0382E-03
3.6498E-03
3.1214E-03
2.6638E-03
2.2368E-03
1.8279E-03
1.3997E-03
1.0941E-03
1.1991E-03
1.7314E-03
2.2791E-03
2.7136E-03
3.0403E-03
3.2734E-03
3.4135E-03
3.4869E-03
3.5089E-03
3.3978E-03
2.9276E-03
2.1246E-03
1.2925E-03
5.5404E-04
-1.0675E-04
-6.9749E-04
-1.2280E-03
-1.6925E-03
-2.0916E-03
-2.4052E-03
-2.6566E-03
-2.8682E-03
-3.0524E-03
-3.2049E-03
-3.3251E-03
-3.4131E-03
-3.4828E-03
-3.5378E-03
-3.5821E-03
-3.6123E-03
-3.6322E-03
-3.6416E-03
-3.6461E-03
-3.6411E-03
-3.6118E-03
-3.5515E-03
-3.4909E-03
-3.4417E-03
-3.4003E-03
-3.3642E-03
-3.3332E-03
-3.3047E-03
-3.2766E-03
-3.2472E-03
-3.2177E-03
-3.1901E-03
-3.1625E-03
-3.1289E-03
-3.0878E-03
-3.0402E-03
-2.9867E-03
-2.9278E-03
-2.8639E-03
-2.7953E-03
-2.7226E-03
-2.6458E-03
-2.5652E-03
-2.4813E-03
-2.3942E-03
-2.3041E-03
-2.2111E-03
-2.1152E-03
-2.0167E-03
-1.9155E-03
-1.8118E-03
-1.7056E-03
-1.5971E-03
-1.4862E-03
-1.3731E-03
-1.2578E-03
-1.1404E-03
-1.0210E-03
-8.9959E-04
-7.7629E-04
-6.5117E-04
-5.2429E-04
-3.9574E-04
-2.6558E-04
-1.3389E-04