7.0010E+03
5.0000E-03
9.8644E-03
8.9473E-03
5.6378E-03
3.3157E-03
2.6413E-03
3.5518E-03
3.4535E-03
2.3585E-03
1.0541E-03
-8.4372E-04
-1.1377E-03
1.1172E-03
4.7027E-03
6.0444E-03
4.1214E-03
1.5762E-03
-8.5085E-04
-3.0103E-03
-3.7628E-03
-2.6278E-04
6.3158E-03
1.1692E-02
1.5599E-02
1.8568E-02
1.8213E-02
1.3587E-02
8.9738E-03
5.9380E-03
4.6708E-03
5.3630E-03
5.7723E-03
7.6752E-03
1.0522E-02
1.2036E-02
1.2159E-02
1.0566E-02
9.4023E-03
8.7890E-03
8.0716E-03
7.4530E-03
5.8984E-03
4.4961E-03
5.7063E-03
1.0288E-02
1.5862E-02
2.0874E-02
2.3958E-02
2.2174E-02
1.6624E-02
9.9315E-03
4.6681E-03
2.4357E-03
2.0651E-03
3.6563E-03
6.5760E-03
9.8071E-03
1.1878E-02
9.3540E-03
3.1144E-03
-2.9640E-03
-6.8678E-03
-7.8405E-03
-4.7155E-03
2.7052E-03
9.7334E-03
1.3122E-02
1.4514E-02
1.3351E-02
9.1789E-03
3.0646E-03
-3.1965E-03
-6.8067E-03
-7.8975E-03
-7.2024E-03
-5.5180E-03
-4.0909E-03
-3.3786E-03
-3.0613E-03
-1.5254E-03
1.1580E-03
4.8102E-03
8.9811E-03
9.5134E-03
1.9872E-03
-1.2270E-02
-2.6499E-02
-3.6854E-02
-4.2499E-02
-3.9747E-02
-2.7519E-02
-1.0553E-02
6.7275E-03
2.1259E-02
2.9864E-02
3.0670E-02
2.5166E-02
1.6362E-02
4.3252E-03
-9.8836E-03
-2.1140E-02
-2.5636E-02
-2.2823E-02
-1.3552E-02
-1.5661E-04
1.1648E-02
1.7260E-02
1.7512E-02
1.4156E-02
8.6851E-03
1.9469E-03
-3.1591E-03
-3.1046E-03
-1.8714E-03
-3.0143E-03
-6.6449E-03
-1.2691E-02
-1.7872E-02
-1.9250E-02
-1.4773E-02
-5.5406E-03
4.4692E-03
1.3361E-02
1.8191E-02
1.7862E-02
1.2987E-02
3.2804E-03
-5.9311E-03
-8.8988E-03
-7.5480E-03
-6.0522E-03
-4.1076E-03
-1.1671E-03
-1.5478E-03
-8.0452E-03
-1.9310E-02
-3.0500E-02
-3.5869E-02
-3.4373E-02
-2.4976E-02
-9.0002E-03
6.2535E-03
1.6433E-02
1.9063E-02
1.3077E-02
2.0121E-03
-1.0539E-02
-2.0315E-02
-2.3329E-02
-1.9033E-02
-1.0745E-02
-2.9807E-03
1.7847E-03
1.5374E-03
-1.6372E-03
-5.6696E-03
-1.2304E-02
-1.9179E-02
-2.2035E-02
-2.0677E-02
-1.7942E-02
-1.3815E-02
-9.2557E-03
-8.7496E-03
-1.0300E-02
-9.3184E-03
-5.3159E-03
9.9514E-04
7.7679E-03
1.3777E-02
2.0138E-02
2.5600E-02
2.7244E-02
2.5146E-02
2.0268E-02
1.3799E-02
6.9389E-03
7.9397E-04
-2.1556E-03
-1.2629E-03
2.9395E-03
9.7392E-03
1.5880E-02
1.9982E-02
2.2730E-02
2.2627E-02
1.8721E-02
1.2589E-02
7.0364E-03
2.6946E-03
-4.1688E-04
1.8458E-03
1.1539E-02
2.4046E-02
3.3299E-02
3.6777E-02
3.5208E-02
2.8835E-02
1.9286E-02
9.8757E-03
1.0863E-03
-5.9813E-03
-9.2284E-03
-1.0804E-02
-1.0886E-02
-6.8992E-03
-5.3111E-04
5.6786E-03
9.8216E-03
1.0054E-02
4.9740E-03
-4.9062E-03
-1.6018E-02
-2.6558E-02
-3.1483E-02
-2.4100E-02
-7.5729E-03
1.1533E-02
2.8065E-02
3.6387E-02
3.5612E-02
2.8069E-02
1.6012E-02
2.9931E-03
-7.8223E-03
-1.3179E-02
-1.3432E-02
-1.1418E-02
-4.4694E-03
6.7044E-03
1.4073E-02
1.3878E-02
8.2880E-03
-7.1043E-04
-1.0696E-02
-1.9268E-02
-2.5203E-02
-2.5185E-02
-1.9798E-02
-1.3529E-02
-9.7227E-03
-1.0284E-02
-1.1322E-02
-8.2490E-03
-3.1639E-04
8.9494E-03
1.4615E-02
1.5655E-02
1.1146E-02
2.3302E-03
-6.7049E-03
-1.3494E-02
-1.6701E-02
-1.3368E-02
-3.0349E-03
7.9170E-03
1.6228E-02
2.0254E-02
1.7578E-02
1.0054E-02
-7.5664E-04
-1.1294E-02
-1.7695E-02
-1.8505E-02
-1.2462E-02
-3.8971E-03
1.7646E-03
4.9850E-03
6.5301E-03
6.8305E-03
7.7164E-03
9.5500E-03
1.3349E-02
1.8991E-02
2.3444E-02
2.4025E-02
1.6795E-02
3.5307E-03
-6.9685E-03
-1.1930E-02
-1.1948E-02
-7.1830E-03
-5.0604E-05
7.7461E-03
1.4195E-02
1.8587E-02
2.1791E-02
2.2799E-02
2.2103E-02
2.1054E-02
1.7257E-02
7.8156E-03
-5.8554E-03
-1.9344E-02
-2.8418E-02
-3.0391E-02
-2.5729E-02
-1.9771E-02
-1.6637E-02
-1.3965E-02
-8.5018E-03
-1.4794E-03
1.2626E-03
-2.2355E-03
-8.7414E-03
-1.6039E-02
-1.9314E-02
-1.7448E-02
-1.3740E-02
-8.1259E-03
-8.2423E-04
7.3072E-03
1.2417E-02
1.2605E-02
1.1501E-02
9.7279E-03
7.6542E-03
7.5238E-03
7.9589E-03
6.2386E-03
5.7319E-03
9.2227E-03
1.4623E-02
1.9429E-02
1.9320E-02
1.7468E-02
2.0240E-02
2.4597E-02
2.5637E-02
2.1127E-02
1.2835E-02
4.5675E-03
1.2789E-04
1.7188E-03
5.4704E-03
8.5874E-03
1.2664E-02
1.8413E-02
2.2873E-02
2.1516E-02
1.4737E-02
6.4291E-03
-1.1429E-03
-8.1917E-03
-1.6816E-02
-2.8635E-02
-4.0298E-02
-4.4975E-02
-4.1010E-02
-3.1946E-02
-2.0336E-02
-8.5239E-03
2.0505E-04
4.4362E-03
2.2973E-03
-6.8468E-03
-1.8276E-02
-2.9368E-02
-3.8436E-02
-4.2537E-02
-4.2455E-02
-3.9746E-02
-3.6062E-02
-3.0228E-02
-2.0292E-02
-8.1639E-03
5.1440E-03
1.7977E-02
2.8292E-02
3.5887E-02
3.9274E-02
3.5938E-02
2.6799E-02
1.6497E-02
8.6652E-03
3.8190E-03
-7.4308E-05
-4.7487E-03
-1.0702E-02
-1.5482E-02
-1.4691E-02
-7.5324E-03
4.5305E-03
1.8134E-02
2.7025E-02
2.6297E-02
1.6779E-02
1.9688E-03
-1.6674E-02
-3.5113E-02
-4.8312E-02
-5.5235E-02
-5.3389E-02
-3.8975E-02
-1.4206E-02
1.2611E-02
3.4334E-02
4.8720E-02
5.4993E-02
5.0727E-02
3.5657E-02
1.6146E-02
6.1214E-04
-4.9463E-03
-4.2145E-04
9.6986E-03
2.1256E-02
2.9014E-02
3.0901E-02
2.7355E-02
1.8697E-02
8.6183E-03
2.0944E-03
3.1234E-03
1.0192E-02
1.8665E-02
2.3260E-02
1.9849E-02
1.1770E-02
2.4423E-03
-4.4616E-03
-2.6940E-03
9.6846E-03
2.7648E-02
4.1612E-02
4.8234E-02
4.6245E-02
3.3867E-02
1.5978E-02
-4.6952E-03
-2.4824E-02
-3.6961E-02
-3.6811E-02
-2.3858E-02
-5.2554E-03
1.0355E-02
1.9750E-02
1.8563E-02
3.8416E-03
-2.0911E-02
-4.8249E-02
-7.0582E-02
-8.2293E-02
-7.9363E-02
-6.0974E-02
-3.2072E-02
-1.8398E-03
2.0456E-02
3.0349E-02
2.9748E-02
2.2053E-02
1.3117E-02
7.6432E-03
3.7293E-03
4.1108E-03
1.2038E-02
2.2554E-02
3.0862E-02
3.5229E-02
3.7838E-02
4.1022E-02
4.3449E-02
4.2044E-02
3.1448E-02
9.6678E-03
-1.9675E-02
-5.0891E-02
-7.6987E-02
-9.2598E-02
-9.2785E-02
-7.7778E-02
-5.4049E-02
-2.4275E-02
4.2027E-03
2.3347E-02
3.2317E-02
2.7269E-02
1.3371E-02
1.8461E-03
-5.4470E-03
-7.0759E-03
-8.8378E-04
1.0399E-02
1.8681E-02
1.7027E-02
7.2065E-03
-4.8043E-03
-1.5735E-02
-2.3748E-02
-2.6049E-02
-2.2777E-02
-1.5439E-02
-6.4101E-03
-5.9775E-04
-1.1145E-04
-7.7985E-03
-2.5558E-02
-4.5890E-02
-5.6842E-02
-5.0250E-02
-2.7262E-02
4.8183E-03
3.6965E-02
5.9166E-02
6.3224E-02
4.6729E-02
2.0926E-02
-9.8173E-04
-1.7515E-02
-2.5239E-02
-1.8823E-02
-5.0417E-03
4.0526E-03
3.4561E-03
-6.0692E-03
-1.9868E-02
-2.9527E-02
-2.8661E-02
-1.6712E-02
1.9699E-04
1.6098E-02
2.9746E-02
3.7761E-02
3.5860E-02
2.4873E-02
1.0372E-02
-4.3220E-03
-1.8654E-02
-2.9611E-02
-3.5235E-02
-3.3804E-02
-2.6087E-02
-1.7936E-02
-1.2919E-02
-9.8472E-03
-5.7055E-03
-1.3777E-03
1.2359E-03
2.7925E-03
3.5699E-03
5.1676E-03
8.7886E-03
1.2849E-02
1.3846E-02
1.0467E-02
4.0905E-03
-4.6667E-03
-1.2057E-02
-1.3016E-02
-6.4566E-03
4.1859E-03
1.4220E-02
2.3612E-02
3.1312E-02
3.5801E-02
3.8955E-02
3.6028E-02
2.2313E-02
-2.4275E-04
-2.9624E-02
-6.1323E-02
-8.8740E-02
-1.0335E-01
-9.8064E-02
-7.4623E-02
-4.1767E-02
-1.2158E-02
5.2551E-03
1.0235E-02
5.0185E-03
-6.8060E-03
-1.5918E-02
-1.3115E-02
1.4528E-03
2.0179E-02
3.5230E-02
4.3757E-02
4.4937E-02
3.5962E-02
1.8000E-02
-4.1985E-03
-2.7376E-02
-4.6538E-02
-5.6138E-02
-5.3832E-02
-4.0681E-02
-2.1386E-02
-2.4442E-03
9.6328E-03
1.2078E-02
5.5300E-03
-6.5345E-03
-1.4908E-02
-1.4798E-02
-7.6227E-03
6.4658E-03
2.4771E-02
4.3858E-02
6.1191E-02
7.4895E-02
8.7261E-02
9.8954E-02
1.0584E-01
1.0458E-01
9.3782E-02
7.2998E-02
4.5168E-02
1.5965E-02
-8.9374E-03
-2.5659E-02
-3.5513E-02
-3.8774E-02
-3.3871E-02
-2.5815E-02
-1.9839E-02
-1.6611E-02
-1.6514E-02
-1.9398E-02
-2.3024E-02
-2.5857E-02
-2.6827E-02
-2.6264E-02
-2.7376E-02
-2.8930E-02
-2.7887E-02
-2.2095E-02
-1.3519E-02
-1.0580E-02
-1.2762E-02
-1.2890E-02
-7.3035E-03
7.6215E-04
2.5560E-03
-4.7614E-03
-1.8243E-02
-3.3559E-02
-4.9778E-02
-6.4393E-02
-7.1302E-02
-7.0958E-02
-6.2856E-02
-4.7718E-02
-3.1783E-02
-1.9980E-02
-1.5872E-02
-1.7947E-02
-2.2326E-02
-2.3627E-02
-1.8060E-02
-8.3283E-03
6.6494E-03
2.8886E-02
5.2991E-02
7.0477E-02
7.6694E-02
7.3010E-02
5.9601E-02
3.6976E-02
1.0765E-02
-1.2912E-02
-2.9775E-02
-3.6786E-02
-3.0182E-02
-1.1192E-02
1.0478E-02
2.6438E-02
3.1511E-02
2.4334E-02
6.8367E-03
-2.0788E-02
-5.3377E-02
-7.9416E-02
-9.2521E-02
-9.5809E-02
-9.2594E-02
-8.1289E-02
-6.1444E-02
-3.5792E-02
-8.0870E-03
1.8914E-02
4.1020E-02
5.2828E-02
5.5175E-02
5.3173E-02
4.9234E-02
4.5184E-02
4.7046E-02
5.8233E-02
7.2863E-02
8.0994E-02
7.6016E-02
5.8231E-02
2.8661E-02
-8.0520E-03
-4.1268E-02
-6.4847E-02
-7.4066E-02
-6.7200E-02
-4.6390E-02
-1.7856E-02
4.2799E-03
1.0028E-02
-1.9559E-03
-2.4889E-02
-4.9927E-02
-6.6438E-02
-6.2602E-02
-3.9314E-02
-1.7133E-03
3.9792E-02
7.0816E-02
8.6735E-02
8.2566E-02
5.6661E-02
1.6957E-02
-2.5327E-02
-5.7216E-02
-7.1384E-02
-6.9422E-02
-5.4884E-02
-3.0732E-02
-4.7070E-03
1.4080E-02
1.8868E-02
6.3780E-03
-1.6926E-02
-4.2510E-02
-6.2782E-02
-6.8585E-02
-5.3754E-02
-1.8441E-02
2.3589E-02
5.6447E-02
7.2737E-02
7.0404E-02
5.3728E-02
2.6323E-02
-2.9706E-03
-2.4226E-02
-3.7127E-02
-3.8482E-02
-2.7904E-02
-1.0471E-02
9.5992E-03
2.5857E-02
3.4279E-02
3.3973E-02
2.7510E-02
1.9029E-02
1.4539E-02
2.0147E-02
3.1300E-02
4.0204E-02
4.3902E-02
4.1427E-02
3.4075E-02
2.4828E-02
1.1729E-02
-9.2571E-03
-2.7736E-02
-2.8644E-02
-1.1723E-02
1.3430E-02
3.5033E-02
4.5868E-02
4.7713E-02
4.1129E-02
2.3989E-02
1.4435E-03
-2.0678E-02
-3.9119E-02
-4.7844E-02
-4.1886E-02
-2.1485E-02
5.5836E-03
3.0490E-02
4.7772E-02
5.3697E-02
4.7147E-02
2.8594E-02
4.3699E-03
-1.9808E-02
-4.0170E-02
-5.0915E-02
-5.4942E-02
-5.2579E-02
-4.1610E-02
-2.7922E-02
-1.1461E-02
5.9746E-03
1.4604E-02
1.2906E-02
6.6464E-03
-7.8415E-04
-6.2142E-03
-5.3726E-03
6.8235E-04
8.2185E-03
1.4102E-02
1.6160E-02
1.4613E-02
8.3154E-03
-2.7379E-03
-1.2664E-02
-1.4338E-02
-7.0633E-03
6.1444E-03
2.1039E-02
3.3837E-02
4.5188E-02
5.1156E-02
4.7514E-02
3.5786E-02
1.5458E-02
-1.0679E-02
-3.6809E-02
-5.7084E-02
-6.2736E-02
-5.1274E-02
-2.9301E-02
-4.9822E-03
1.4369E-02
2.3423E-02
1.8691E-02
1.6822E-03
-2.1370E-02
-4.5346E-02
-6.4389E-02
-7.3972E-02
-7.1153E-02
-5.2683E-02
-2.1612E-02
9.7809E-03
2.8530E-02
3.3046E-02
2.5963E-02
9.2439E-03
-9.2428E-03
-2.3077E-02
-3.0002E-02
-3.0835E-02
-2.9505E-02
-2.9063E-02
-3.3273E-02
-4.3951E-02
-5.7313E-02
-6.7532E-02
-7.0193E-02
-6.1310E-02
-3.9994E-02
-1.4464E-02
6.5997E-03
2.4197E-02
4.0880E-02
5.2128E-02
5.5161E-02
5.4920E-02
5.6889E-02
6.1844E-02
6.4978E-02
5.9692E-02
4.1290E-02
1.1305E-02
-2.4369E-02
-5.8820E-02
-8.1599E-02
-8.8627E-02
-8.4756E-02
-7.6215E-02
-6.9402E-02
-6.6094E-02
-6.0998E-02
-5.1090E-02
-3.7214E-02
-1.5739E-02
1.2136E-02
3.6482E-02
5.2233E-02
6.1683E-02
6.4501E-02
5.8591E-02
4.7265E-02
3.4110E-02
2.4464E-02
2.2765E-02
2.7003E-02
3.5053E-02
4.5960E-02
5.4521E-02
4.9054E-02
2.7448E-02
-6.5079E-04
-2.7418E-02
-4.6118E-02
-5.4576E-02
-5.2093E-02
-3.3334E-02
1.1459E-03
3.9901E-02
6.9313E-02
8.1947E-02
7.9871E-02
6.8345E-02
4.9412E-02
2.9531E-02
2.0371E-02
2.7456E-02
4.5663E-02
6.2894E-02
6.8527E-02
6.0684E-02
4.1815E-02
1.7420E-02
-3.5152E-04
-6.6521E-03
-4.2332E-03
7.0874E-03
2.1534E-02
3.0280E-02
2.8470E-02
1.1826E-02
-1.7431E-02
-4.9512E-02
-7.7973E-02
-9.6413E-02
-9.6762E-02
-8.0403E-02
-5.0992E-02
-1.5833E-02
1.0974E-02
2.2824E-02
1.8661E-02
1.3669E-03
-2.4554E-02
-5.1559E-02
-6.6072E-02
-6.0646E-02
-3.3828E-02
2.9360E-03
3.2684E-02
5.2205E-02
5.8366E-02
5.0111E-02
3.0156E-02
-3.0456E-03
-4.0019E-02
-6.4509E-02
-6.8935E-02
-5.3442E-02
-2.4129E-02
1.2418E-02
4.7853E-02
6.5985E-02
5.7329E-02
2.7227E-02
-1.3567E-02
-5.0471E-02
-7.2140E-02
-7.5709E-02
-5.8401E-02
-2.1477E-02
2.3330E-02
6.2161E-02
8.3343E-02
8.1434E-02
6.3776E-02
4.3205E-02
2.6505E-02
1.5529E-02
1.3716E-02
1.8744E-02
2.2226E-02
2.0702E-02
1.0221E-02
-1.3170E-02
-4.2603E-02
-6.8484E-02
-8.8135E-02
-9.8805E-02
-9.7911E-02
-8.3707E-02
-5.7712E-02
-3.1633E-02
-1.2759E-02
-1.4115E-03
9.9228E-04
-8.0659E-03
-2.8049E-02
-4.6069E-02
-5.4088E-02
-5.1620E-02
-3.7415E-02
-1.9216E-02
5.3249E-04
2.3070E-02
4.0024E-02
4.4809E-02
3.7887E-02
2.4604E-02
9.8867E-03
-3.7286E-03
-1.4285E-02
-1.8972E-02
-1.4784E-02
-4.8246E-03
6.9754E-03
1.6447E-02
1.6124E-02
6.5891E-03
-4.5600E-03
-1.0968E-02
-1.2373E-02
-1.2278E-02
-8.4272E-03
2.1380E-03
1.9269E-02
3.9481E-02
5.4817E-02
6.2166E-02
6.3260E-02
5.9359E-02
5.2683E-02
4.3991E-02
3.1549E-02
1.5976E-02
3.8543E-04
-1.4533E-02
-2.8375E-02
-4.0973E-02
-5.3780E-02
-6.4614E-02
-7.1842E-02
-7.5373E-02
-7.1734E-02
-5.7808E-02
-3.4820E-02
-7.9332E-03
1.5160E-02
2.5318E-02
2.1206E-02
9.3379E-03
-2.5413E-03
-7.0682E-03
-6.0816E-03
-3.7941E-03
-1.9986E-03
-5.8694E-03
-1.4826E-02
-2.4820E-02
-3.5985E-02
-4.3779E-02
-4.2225E-02
-3.5040E-02
-2.5009E-02
-1.1405E-02
1.2690E-03
9.9971E-03
1.4902E-02
1.7066E-02
1.7312E-02
1.1867E-02
-4.8838E-03
-3.3134E-02
-6.0522E-02
-7.4474E-02
-7.3759E-02
-5.8041E-02
-3.3103E-02
-9.9789E-03
6.5827E-03
9.6293E-03
-6.0116E-03
-3.5521E-02
-6.9476E-02
-9.8961E-02
-1.1905E-01
-1.2618E-01
-1.1820E-01
-9.5177E-02
-5.9925E-02
-1.9714E-02
1.8715E-02
4.9715E-02
6.7122E-02
6.8983E-02
5.9921E-02
4.6772E-02
3.7629E-02
4.0474E-02
5.5595E-02
7.5499E-02
8.9926E-02
9.4911E-02
9.2902E-02
8.6215E-02
7.9344E-02
7.1844E-02
6.3511E-02
6.1471E-02
6.6582E-02
7.1584E-02
6.9699E-02
6.3188E-02
5.8194E-02
5.9296E-02
6.9183E-02
7.9873E-02
8.4303E-02
8.2030E-02
7.0867E-02
5.2333E-02
2.9144E-02
3.0954E-03
-2.0211E-02
-3.5416E-02
-4.2305E-02
-4.3059E-02
-3.9686E-02
-3.2871E-02
-1.9727E-02
-8.5823E-04
1.9556E-02
3.8428E-02
4.9733E-02
4.9395E-02
3.8660E-02
2.1888E-02
3.1854E-03
-1.7308E-02
-3.9446E-02
-5.9305E-02
-7.1045E-02
-7.2311E-02
-6.2407E-02
-4.3657E-02
-2.4190E-02
-9.4469E-03
-3.3908E-03
-9.3448E-03
-2.2195E-02
-3.2152E-02
-3.3922E-02
-2.7362E-02
-1.3807E-02
4.1493E-03
2.2576E-02
3.8523E-02
5.1411E-02
5.9472E-02
5.9165E-02
5.0868E-02
3.6547E-02
1.8266E-02
1.7314E-03
-1.0348E-02
-1.7106E-02
-1.3529E-02
-2.0348E-03
7.3209E-03
1.0582E-02
9.5280E-03
5.2473E-03
-3.3498E-03
-1.4300E-02
-2.1740E-02
-2.1572E-02
-1.4612E-02
-5.5986E-03
3.8357E-03
1.0505E-02
6.8368E-03
-6.9715E-03
-2.4829E-02
-4.2516E-02
-5.8815E-02
-7.3887E-02
-8.7148E-02
-9.8696E-02
-1.0561E-01
-1.0192E-01
-8.6232E-02
-6.1324E-02
-3.0391E-02
1.1528E-03
2.4562E-02
3.5237E-02
3.3661E-02
1.9803E-02
-1.3316E-03
-2.5126E-02
-5.1802E-02
-7.3695E-02
-8.1661E-02
-7.4170E-02
-5.4310E-02
-3.0283E-02
-1.1691E-02
-6.1900E-03
-1.3686E-02
-2.7377E-02
-4.4598E-02
-6.4318E-02
-8.2355E-02
-9.1608E-02
-8.6235E-02
-6.7782E-02
-4.4695E-02
-2.8654E-02
-2.3457E-02
-2.4931E-02
-3.1969E-02
-4.1723E-02
-4.7576E-02
-4.3426E-02
-2.7220E-02
-3.7153E-03
2.2399E-02
4.6558E-02
6.2455E-02
6.7487E-02
6.2501E-02
5.0137E-02
3.4692E-02
1.8760E-02
3.5036E-03
-7.0520E-03
-1.1577E-02
-1.3993E-02
-1.6806E-02
-1.8903E-02
-1.5834E-02
-4.0465E-03
1.6597E-02
4.1155E-02
6.2678E-02
7.9711E-02
9.1025E-02
9.3885E-02
8.6911E-02
7.2556E-02
5.7307E-02
4.2459E-02
2.6745E-02
8.4361E-03
-1.3400E-02
-3.2464E-02
-4.5678E-02
-5.5045E-02
-5.7743E-02
-4.9275E-02
-3.3575E-02
-2.0364E-02
-1.3374E-02
-1.1683E-02
-1.2989E-02
-1.4717E-02
-1.5603E-02
-1.3598E-02
-6.7372E-03
5.7190E-03
2.1818E-02
3.7402E-02
4.9384E-02
5.5662E-02
5.3657E-02
4.4846E-02
3.7159E-02
3.5584E-02
3.8816E-02
4.2574E-02
4.1731E-02
3.4496E-02
2.2468E-02
1.1351E-02
6.4627E-03
7.6448E-03
1.6280E-02
3.2055E-02
4.8295E-02
6.2583E-02
7.6750E-02
8.9316E-02
9.5785E-02
9.1180E-02
7.4059E-02
4.6928E-02
1.5638E-02
-1.2703E-02
-3.2553E-02
-3.9597E-02
-3.3112E-02
-1.4056E-02
1.1596E-02
3.2617E-02
4.1432E-02
3.3237E-02
9.8292E-03
-2.0567E-02
-4.9475E-02
-7.1476E-02
-8.5324E-02
-8.7332E-02
-7.9516E-02
-7.1664E-02
-6.9556E-02
-7.7813E-02
-9.8347E-02
-1.2738E-01
-1.5822E-01
-1.8281E-01
-1.9445E-01
-1.8747E-01
-1.6304E-01
-1.2723E-01
-8.3557E-02
-3.9055E-02
-9.0746E-05
3.1656E-02
5.4687E-02
7.1346E-02
8.5063E-02
9.5380E-02
1.0285E-01
1.0587E-01
9.8420E-02
8.4038E-02
6.6768E-02
4.3650E-02
1.8807E-02
-3.4585E-03
-2.0189E-02
-3.0300E-02
-3.9820E-02
-4.9337E-02
-5.2932E-02
-4.8663E-02
-3.5170E-02
-1.5194E-02
-4.5388E-03
-1.7113E-03
7.2362E-03
9.4162E-03
-2.4382E-03
-1.5641E-02
-2.5191E-02
-2.9066E-02
-2.5280E-02
-1.4498E-02
-1.5634E-03
6.0609E-03
6.1530E-03
3.4926E-04
-9.9003E-03
-2.6606E-02
-4.5561E-02
-5.5329E-02
-5.1820E-02
-3.5420E-02
-1.1785E-02
1.2292E-02
3.6963E-02
5.5827E-02
6.0678E-02
5.7579E-02
5.4090E-02
4.9027E-02
4.1973E-02
3.4431E-02
3.1216E-02
3.8179E-02
5.0782E-02
6.1326E-02
6.8613E-02
7.4505E-02
7.6094E-02
6.5433E-02
4.1247E-02
1.1413E-02
-1.4917E-02
-3.2966E-02
-4.2238E-02
-4.2447E-02
-3.3954E-02
-2.1605E-02
-1.2722E-02
-1.0716E-02
-1.7363E-02
-3.3996E-02
-5.4319E-02
-7.0417E-02
-7.9151E-02
-7.6373E-02
-5.9748E-02
-3.3199E-02
-5.7847E-03
1.1703E-02
1.4881E-02
6.3064E-03
-1.0557E-02
-3.1358E-02
-5.0830E-02
-6.5194E-02
-7.1690E-02
-7.0117E-02
-6.4288E-02
-5.8003E-02
-5.5014E-02
-5.9469E-02
-7.1265E-02
-8.6896E-02
-9.8012E-02
-9.1097E-02
-6.2699E-02
-2.1048E-02
2.6038E-02
6.8866E-02
9.6135E-02
1.0093E-01
7.9946E-02
3.4945E-02
-1.9101E-02
-5.9072E-02
-7.4818E-02
-6.9524E-02
-4.8131E-02
-2.0362E-02
1.8199E-03
1.0377E-02
4.2028E-04
-2.4578E-02
-5.2812E-02
-7.3796E-02
-8.1659E-02
-7.5363E-02
-5.6006E-02
-2.2611E-02
2.1178E-02
6.2341E-02
9.0635E-02
1.0416E-01
9.9153E-02
7.2264E-02
2.9602E-02
-1.7381E-02
-5.4189E-02
-7.0349E-02
-6.5536E-02
-3.9314E-02
1.2454E-03
3.5740E-02
4.9588E-02
4.1545E-02
1.7626E-02
-1.3751E-02
-3.9866E-02
-4.9283E-02
-4.0901E-02
-1.8621E-02
7.3901E-03
2.6149E-02
3.5648E-02
3.3149E-02
1.9783E-02
5.2043E-03
-3.3329E-03
-1.2931E-04
1.6877E-02
4.3075E-02
7.2184E-02
9.8387E-02
1.1524E-01
1.1931E-01
1.1366E-01
1.0031E-01
8.2135E-02
6.5500E-02
5.1845E-02
4.3820E-02
4.7710E-02
6.0248E-02
7.3090E-02
8.3014E-02
8.7344E-02
8.6612E-02
8.6256E-02
8.5678E-02
7.9874E-02
6.7940E-02
5.2257E-02
3.7148E-02
2.5487E-02
1.8380E-02
1.7592E-02
2.3754E-02
3.6229E-02
5.1153E-02
6.5783E-02
7.9891E-02
9.1988E-02
1.0311E-01
1.1092E-01
1.1167E-01
1.0546E-01
8.9800E-02
6.6336E-02
4.0813E-02
1.2950E-02
-1.9068E-02
-5.2371E-02
-8.1510E-02
-1.0066E-01
-1.0457E-01
-9.2728E-02
-6.8923E-02
-3.7967E-02
-6.5399E-03
1.6183E-02
2.0145E-02
1.2688E-03
-3.1813E-02
-6.4877E-02
-9.3203E-02
-1.1745E-01
-1.3088E-01
-1.2545E-01
-1.0188E-01
-6.8548E-02
-3.1425E-02
4.2758E-03
2.9899E-02
4.4530E-02
5.2613E-02
5.5033E-02
5.2284E-02
4.8601E-02
4.7627E-02
4.8697E-02
4.9530E-02
4.6223E-02
4.1388E-02
3.8274E-02
3.2375E-02
2.4512E-02
1.4556E-02
5.6461E-03
8.0639E-03
1.7808E-02
2.7017E-02
3.2284E-02
3.0496E-02
2.4740E-02
1.8956E-02
1.5687E-02
1.5886E-02
2.1872E-02
3.4845E-02
4.6684E-02
4.9737E-02
4.3504E-02
3.2995E-02
2.3721E-02
1.7763E-02
1.7519E-02
2.2927E-02
3.0326E-02
3.3598E-02
2.5405E-02
5.1081E-03
-2.1756E-02
-4.7717E-02
-6.6619E-02
-8.0753E-02
-9.3222E-02
-1.0198E-01
-1.0567E-01
-1.0298E-01
-9.7210E-02
-9.4963E-02
-9.9299E-02
-1.1040E-01
-1.2346E-01
-1.3164E-01
-1.3248E-01
-1.2777E-01
-1.1573E-01
-9.3029E-02
-6.5070E-02
-4.0966E-02
-2.6648E-02
-2.1752E-02
-2.2582E-02
-2.6124E-02
-2.7406E-02
-2.6958E-02
-2.9457E-02
-3.2695E-02
-3.1461E-02
-2.1461E-02
-3.2586E-03
1.5392E-02
2.9964E-02
4.1445E-02
5.0040E-02
5.4689E-02
5.5958E-02
5.5051E-02
5.2258E-02
4.9203E-02
4.3358E-02
3.3177E-02
2.5162E-02
2.0579E-02
1.5558E-02
8.9151E-03
7.7803E-04
-8.7223E-03
-2.1831E-02
-3.8977E-02
-5.4803E-02
-6.6147E-02
-7.4695E-02
-7.6854E-02
-6.5234E-02
-3.8906E-02
-2.1592E-03
3.7017E-02
6.6022E-02
7.7504E-02
7.4961E-02
6.0538E-02
3.2332E-02
-5.6072E-03
-4.5125E-02
-7.7976E-02
-9.8575E-02
-1.0872E-01
-1.1265E-01
-1.1131E-01
-1.0434E-01
-9.2549E-02
-7.9759E-02
-6.9541E-02
-5.9154E-02
-4.4115E-02
-2.4970E-02
-6.6710E-03
5.8479E-03
1.3539E-02
2.0577E-02
2.9224E-02
3.9664E-02
4.6163E-02
4.2536E-02
3.5940E-02
3.6409E-02
4.2462E-02
5.0940E-02
6.1336E-02
6.9834E-02
6.9627E-02
5.7424E-02
3.2879E-02
-5.6455E-03
-4.8946E-02
-8.3146E-02
-1.0385E-01
-1.0779E-01
-9.4217E-02
-6.5967E-02
-3.2647E-02
-4.5498E-03
1.8823E-02
3.1495E-02
2.7396E-02
8.7480E-03
-1.9089E-02
-3.8333E-02
-3.5756E-02
-1.2726E-02
2.4007E-02
6.3304E-02
9.6438E-02
1.1591E-01
1.1314E-01
8.5863E-02
4.2553E-02
1.6335E-03
-2.1306E-02
-2.3200E-02
-6.8145E-03
2.3638E-02
6.3436E-02
1.0454E-01
1.3241E-01
1.3948E-01
1.3161E-01
1.1239E-01
7.9676E-02
3.7274E-02
-4.3429E-03
-3.2666E-02
-3.7718E-02
-1.8697E-02
1.8222E-02
6.2995E-02
1.0135E-01
1.2087E-01
1.1634E-01
9.1421E-02
5.8439E-02
2.9444E-02
6.4633E-03
-1.3565E-02
-2.9867E-02
-3.7447E-02
-3.0623E-02
-7.8557E-03
2.6590E-02
6.4064E-02
9.6294E-02
1.1716E-01
1.2009E-01
1.0182E-01
6.2788E-02
1.1057E-02
-3.5039E-02
-5.4850E-02
-3.4006E-02
2.0415E-02
8.3667E-02
1.3094E-01
1.4637E-01
1.3179E-01
9.8535E-02
5.4965E-02
9.7332E-03
-2.2870E-02
-3.0762E-02
-1.4800E-02
1.5555E-02
4.9992E-02
8.0493E-02
9.9250E-02
9.9087E-02
8.0370E-02
5.0596E-02
1.7800E-02
-9.9071E-03
-2.4856E-02
-2.3374E-02
-3.5664E-03
2.9594E-02
6.3667E-02
8.8778E-02
1.0227E-01
1.0797E-01
1.0327E-01
8.1083E-02
4.4155E-02
6.1259E-03
-1.8107E-02
-3.0214E-02
-3.5916E-02
-2.6814E-02
-1.1648E-03
2.8770E-02
5.1033E-02
5.7193E-02
4.4598E-02
1.6710E-02
-1.6913E-02
-4.1119E-02
-4.6086E-02
-2.8402E-02
1.0890E-02
6.5880E-02
1.2689E-01
1.7511E-01
1.9494E-01
1.8112E-01
1.3726E-01
8.1480E-02
2.6683E-02
-2.7779E-02
-7.6447E-02
-1.0699E-01
-1.1050E-01
-8.4122E-02
-3.7528E-02
1.0123E-02
4.1725E-02
4.7014E-02
3.2042E-02
1.0240E-02
-8.9923E-03
-1.8948E-02
-2.6022E-02
-3.3709E-02
-3.2930E-02
-2.1479E-02
-6.0388E-04
2.2863E-02
3.7519E-02
4.1307E-02
3.7666E-02
3.2452E-02
2.6541E-02
1.7234E-02
6.5248E-03
-6.9818E-03
-2.6042E-02
-4.6542E-02
-5.9063E-02
-5.7998E-02
-4.7761E-02
-3.8403E-02
-3.1961E-02
-2.1549E-02
-5.2708E-03
1.2642E-02
1.9317E-02
6.6323E-03
-1.6405E-02
-3.9718E-02
-5.3994E-02
-5.6048E-02
-5.4619E-02
-5.8172E-02
-7.0464E-02
-9.1368E-02
-1.1356E-01
-1.3191E-01
-1.5342E-01
-1.7840E-01
-2.0044E-01
-2.1727E-01
-2.1687E-01
-1.8538E-01
-1.2506E-01
-5.2533E-02
1.2970E-02
6.3017E-02
9.6576E-02
1.1118E-01
1.0633E-01
8.9253E-02
7.2220E-02
5.3776E-02
1.7041E-02
-4.4686E-02
-1.1793E-01
-1.7503E-01
-1.9624E-01
-1.8271E-01
-1.4411E-01
-9.7614E-02
-5.2032E-02
-1.3753E-03
4.6190E-02
8.0696E-02
1.0184E-01
9.7530E-02
7.0251E-02
4.3264E-02
2.2081E-02
3.7743E-03
-6.3367E-03
3.2088E-04
1.8584E-02
2.5591E-02
9.7884E-03
-2.3277E-02
-5.7669E-02
-8.4130E-02
-1.0458E-01
-1.1234E-01
-1.0483E-01
-8.4271E-02
-5.6067E-02
-3.1419E-02
-1.9156E-02
-2.1195E-02
-1.7657E-02
6.2291E-03
4.4038E-02
8.6856E-02
1.2800E-01
1.6681E-01
1.9606E-01
2.1097E-01
2.1336E-01
1.9530E-01
1.5255E-01
9.8175E-02
5.3268E-02
2.3807E-02
1.1780E-02
2.0937E-02
4.0288E-02
6.3980E-02
8.7191E-02
1.0440E-01
1.1946E-01
1.3138E-01
1.4330E-01
1.5875E-01
1.7725E-01
1.9541E-01
2.0205E-01
1.8819E-01
1.4756E-01
8.4980E-02
1.4488E-02
-4.5774E-02
-8.4625E-02
-1.0149E-01
-8.8637E-02
-5.5613E-02
-1.8427E-02
1.9005E-02
4.6603E-02
6.1859E-02
6.7970E-02
6.8632E-02
6.7401E-02
6.7597E-02
7.0593E-02
7.0782E-02
7.1500E-02
7.2529E-02
6.9838E-02
6.3807E-02
5.1140E-02
3.8223E-02
3.0165E-02
3.0245E-02
3.9650E-02
4.3983E-02
3.7618E-02
2.9655E-02
3.4491E-02
5.7782E-02
8.5586E-02
1.0531E-01
1.1476E-01
1.1958E-01
1.2336E-01
1.2323E-01
1.1841E-01
1.0459E-01
8.5976E-02
7.8351E-02
8.2788E-02
9.0746E-02
9.4956E-02
9.2219E-02
9.1848E-02
9.6394E-02
9.6845E-02
8.7880E-02
6.7125E-02
3.7956E-02
-2.9961E-03
-5.9052E-02
-1.1180E-01
-1.4386E-01
-1.4821E-01
-1.2616E-01
-9.1026E-02
-5.7187E-02
-3.8024E-02
-3.6386E-02
-4.3604E-02
-5.3677E-02
-6.2637E-02
-6.6049E-02
-5.8267E-02
-4.0958E-02
-3.0886E-02
-4.5935E-02
-8.4119E-02
-1.1927E-01
-1.2996E-01
-1.2105E-01
-1.0500E-01
-8.6795E-02
-6.7037E-02
-4.5710E-02
-2.2974E-02
-2.0937E-03
9.7707E-03
1.2913E-02
8.7399E-03
-6.6735E-03
-2.4323E-02
-3.4580E-02
-4.7486E-02
-7.5215E-02
-1.0812E-01
-1.1823E-01
-9.6982E-02
-6.0438E-02
-1.9567E-02
1.7455E-02
4.3940E-02
6.1117E-02
7.2595E-02
8.1449E-02
8.8531E-02
9.4281E-02
9.7095E-02
1.0057E-01
1.0838E-01
1.0829E-01
9.2420E-02
6.5094E-02
3.6676E-02
2.5265E-02
3.8874E-02
6.7659E-02
9.3241E-02
1.0479E-01
1.0921E-01
1.1989E-01
1.4144E-01
1.6085E-01
1.6112E-01
1.3985E-01
1.0470E-01
6.6450E-02
3.5840E-02
1.5041E-02
-2.6566E-03
-1.5229E-02
-8.8611E-03
1.9652E-02
5.4044E-02
7.5290E-02
8.1374E-02
7.8788E-02
6.7886E-02
5.6040E-02
5.1729E-02
5.0922E-02
5.1417E-02
4.4887E-02
2.3091E-02
-2.6678E-04
-1.8981E-02
-4.0726E-02
-6.5501E-02
-8.6474E-02
-9.3862E-02
-8.2501E-02
-5.3047E-02
-1.5672E-02
1.9106E-02
5.3397E-02
8.5188E-02
1.0403E-01
1.0399E-01
9.1653E-02
7.7798E-02
6.6427E-02
5.6475E-02
3.4723E-02
-9.1082E-03
-6.0325E-02
-1.0169E-01
-1.2684E-01
-1.2978E-01
-1.0435E-01
-5.0443E-02
2.3522E-02
1.1143E-01
2.0021E-01
2.6330E-01
2.8588E-01
2.7173E-01
2.4039E-01
2.0184E-01
1.4509E-01
7.5900E-02
8.7491E-03
-4.9038E-02
-8.5601E-02
-9.0674E-02
-7.5240E-02
-6.9260E-02
-7.7991E-02
-8.6017E-02
-8.0902E-02
-5.7040E-02
-2.9307E-02
-2.7207E-03
3.1519E-02
7.1518E-02
1.1503E-01
1.5620E-01
1.8091E-01
1.7818E-01
1.5450E-01
1.2095E-01
8.3954E-02
5.6489E-02
4.3633E-02
4.4563E-02
5.9673E-02
8.4420E-02
1.0314E-01
1.0070E-01
9.6357E-02
1.0556E-01
1.1955E-01
1.4266E-01
1.7018E-01
1.7918E-01
1.4447E-01
6.5354E-02
-1.3848E-02
-6.2175E-02
-8.2220E-02
-7.2342E-02
-2.7333E-02
4.6836E-02
1.2344E-01
1.8044E-01
2.2090E-01
2.4659E-01
2.5917E-01
2.6255E-01
2.5277E-01
2.3347E-01
2.1513E-01
2.0278E-01
1.8617E-01
1.4723E-01
9.1452E-02
4.0088E-02
-2.0803E-03
-3.6606E-02
-5.0330E-02
-2.6098E-02
3.0453E-02
9.2489E-02
1.4916E-01
1.8369E-01
1.7047E-01
1.0972E-01
6.3880E-04
-1.2439E-01
-2.1646E-01
-2.6977E-01
-2.7641E-01
-2.2676E-01
-1.2864E-01
1.1200E-03
1.5012E-01
2.8599E-01
3.4599E-01
3.3156E-01
2.8919E-01
2.2475E-01
1.4220E-01
7.1475E-02
2.9580E-02
1.3547E-02
1.3448E-02
1.0080E-02
8.1102E-03
1.6178E-02
7.4066E-03
-2.0233E-02
-4.4133E-02
-6.3064E-02
-7.1349E-02
-5.0079E-02
-7.9408E-03
2.1877E-02
3.9990E-02
5.9985E-02
7.3592E-02
7.9064E-02
7.1836E-02
3.1436E-02
-6.8152E-02
-2.0646E-01
-3.0864E-01
-3.4937E-01
-3.5725E-01
-3.5165E-01
-3.2880E-01
-2.6845E-01
-1.7187E-01
-6.3249E-02
3.2265E-02
9.1145E-02
9.5330E-02
4.6722E-02
-3.3207E-02
-1.2370E-01
-1.9617E-01
-2.2501E-01
-2.0654E-01
-1.5104E-01
-7.3107E-02
1.8021E-02
1.0779E-01
1.7784E-01
2.1763E-01
2.2402E-01
1.9967E-01
1.4698E-01
6.8332E-02
-3.0699E-02
-1.3630E-01
-2.3011E-01
-2.8610E-01
-2.7685E-01
-2.1638E-01
-1.4488E-01
-8.4749E-02
-4.6879E-02
-3.3405E-02
-4.9115E-02
-9.2703E-02
-1.4057E-01
-1.8152E-01
-2.1080E-01
-2.1322E-01
-1.8837E-01
-1.5611E-01
-1.2956E-01
-9.9270E-02
-6.5030E-02
-4.0707E-02
-2.8878E-02
-2.7272E-02
-3.8221E-02
-5.9885E-02
-7.4449E-02
-7.4022E-02
-7.5319E-02
-8.5887E-02
-1.0692E-01
-1.4284E-01
-1.7689E-01
-1.9063E-01
-1.8356E-01
-1.5463E-01
-1.0830E-01
-5.2894E-02
5.8137E-03
6.4147E-02
1.2118E-01
1.6321E-01
1.8054E-01
1.8468E-01
1.8912E-01
1.9181E-01
1.9054E-01
1.9171E-01
1.7883E-01
1.4259E-01
1.0614E-01
8.1738E-02
6.5763E-02
5.2416E-02
4.5395E-02
4.9773E-02
5.6252E-02
6.1960E-02
7.1947E-02
7.7192E-02
6.0977E-02
3.0176E-02
-1.3996E-02
-8.8141E-02
-1.6526E-01
-2.1299E-01
-2.3793E-01
-2.4356E-01
-2.2068E-01
-1.6672E-01
-8.8461E-02
7.6906E-03
1.0590E-01
1.8272E-01
2.1805E-01
2.0527E-01
1.6142E-01
1.0344E-01
3.3805E-02
-4.8608E-02
-1.2144E-01
-1.5256E-01
-1.3544E-01
-8.2396E-02
-2.1368E-02
2.5022E-02
4.4398E-02
1.5429E-02
-5.9488E-02
-1.4350E-01
-2.1834E-01
-2.8389E-01
-3.2488E-01
-3.3959E-01
-3.2809E-01
-2.7031E-01
-1.7786E-01
-8.7327E-02
-1.4490E-02
3.5602E-02
5.7938E-02
4.8892E-02
7.4055E-03
-5.6165E-02
-1.2182E-01
-1.7219E-01
-2.0726E-01
-2.4053E-01
-2.7700E-01
-3.0235E-01
-3.0052E-01
-2.7474E-01
-2.3308E-01
-1.8990E-01
-1.7478E-01
-2.0232E-01
-2.5502E-01
-2.9536E-01
-2.9063E-01
-2.3956E-01
-1.6995E-01
-1.0242E-01
-4.7836E-02
-2.9589E-02
-6.0930E-02
-1.3671E-01
-2.3925E-01
-3.3287E-01
-3.8879E-01
-3.9969E-01
-3.7382E-01
-3.2168E-01
-2.4303E-01
-1.3998E-01
-2.1687E-02
9.3259E-02
1.7622E-01
2.1702E-01
2.2122E-01
1.9186E-01
1.3049E-01
3.3066E-02
-8.9545E-02
-2.1477E-01
-3.2710E-01
-3.9755E-01
-4.0581E-01
-3.6179E-01
-2.7839E-01
-1.7004E-01
-5.7570E-02
3.8157E-02
9.2344E-02
7.7081E-02
-4.0247E-03
-9.8493E-02
-1.6540E-01
-2.1331E-01
-2.6901E-01
-3.3256E-01
-3.7153E-01
-3.6259E-01
-3.1185E-01
-2.5353E-01
-2.2238E-01
-2.2519E-01
-2.4833E-01
-2.6635E-01
-2.6639E-01
-2.5060E-01
-2.1962E-01
-1.7562E-01
-1.2374E-01
-6.5304E-02
7.4790E-03
7.6760E-02
1.0692E-01
9.9177E-02
7.1707E-02
3.3411E-02
3.7917E-04
-1.1267E-02
-3.4444E-03
1.5182E-02
3.6558E-02
5.2877E-02
6.3254E-02
6.1831E-02
4.0443E-02
5.7657E-03
-3.0415E-02
-6.0348E-02
-6.6828E-02
-2.7736E-02
4.4339E-02
1.1174E-01
1.6471E-01
2.2064E-01
2.9467E-01
3.7039E-01
4.0691E-01
3.6571E-01
2.3184E-01
7.0756E-02
-4.8824E-02
-1.4079E-01
-2.0239E-01
-2.0063E-01
-1.3903E-01
-6.7750E-02
-3.7194E-02
-4.5741E-02
-7.2993E-02
-1.0219E-01
-1.3820E-01
-1.9925E-01
-2.4771E-01
-2.2922E-01
-1.4628E-01
-3.5702E-02
7.6221E-02
1.7664E-01
2.5803E-01
3.1764E-01
3.4152E-01
3.2125E-01
2.5989E-01
1.6337E-01
5.4048E-02
-5.4130E-02
-1.4946E-01
-2.0737E-01
-2.0974E-01
-1.4597E-01
-3.0028E-02
1.0361E-01
2.2641E-01
3.1229E-01
3.4465E-01
3.1325E-01
2.1258E-01
8.8454E-02
2.1378E-03
-4.2280E-02
-5.9176E-02
-4.7966E-02
-3.6205E-03
7.3451E-02
1.7062E-01
2.6036E-01
3.0118E-01
2.6926E-01
1.7601E-01
5.5906E-02
-6.8383E-02
-1.8904E-01
-2.6887E-01
-2.7437E-01
-1.9968E-01
-5.4588E-02
1.1837E-01
2.7790E-01
3.9428E-01
4.4163E-01
4.1376E-01
3.2536E-01
2.1638E-01
1.0989E-01
9.2300E-03
-6.1234E-02
-7.8272E-02
-2.3767E-02
9.4576E-02
2.1410E-01
2.6828E-01
2.2854E-01
1.2129E-01
-8.4896E-04
-1.1155E-01
-1.9778E-01
-2.4867E-01
-2.4135E-01
-1.6043E-01
-3.0444E-02
1.1937E-01
2.5970E-01
3.6637E-01
4.2218E-01
4.2445E-01
3.9148E-01
3.2718E-01
2.4655E-01
1.6817E-01
9.5140E-02
2.5539E-02
-5.0473E-02
-1.1308E-01
-1.4455E-01
-1.6140E-01
-1.7274E-01
-1.6591E-01
-1.1737E-01
-2.9657E-02
5.7604E-02
1.1865E-01
1.6007E-01
1.9152E-01
2.1756E-01
2.2715E-01
2.0039E-01
1.2731E-01
1.0037E-02
-1.1349E-01
-2.0470E-01
-2.5780E-01
-2.6687E-01
-2.2451E-01
-1.2927E-01
2.2141E-03
1.3208E-01
2.3132E-01
2.9828E-01
3.3944E-01
3.5479E-01
3.4795E-01
3.0660E-01
2.2991E-01
1.4763E-01
6.5831E-02
-1.3203E-02
-7.3509E-02
-1.1314E-01
-1.3064E-01
-1.1911E-01
-8.5088E-02
-4.1796E-02
-4.2475E-03
-1.5970E-03
-3.0940E-02
-6.3266E-02
-9.9173E-02
-1.2665E-01
-1.1939E-01
-8.0167E-02
-1.9923E-02
5.8599E-02
1.5177E-01
2.4583E-01
3.1074E-01
3.2403E-01
3.0010E-01
2.6818E-01
2.4464E-01
2.2684E-01
2.0373E-01
1.7081E-01
1.1945E-01
3.6929E-02
-6.9949E-02
-1.5812E-01
-1.9372E-01
-1.8777E-01
-1.5147E-01
-8.7633E-02
-5.1121E-03
9.6734E-02
2.1113E-01
2.9512E-01
3.0796E-01
2.7100E-01
2.3683E-01
2.1687E-01
1.8404E-01
1.3807E-01
1.2423E-01
1.7956E-01
2.9742E-01
4.1202E-01
4.3105E-01
3.3853E-01
1.9713E-01
5.9633E-02
-4.5266E-02
-9.4220E-02
-9.7934E-02
-1.0728E-01
-1.6289E-01
-2.5191E-01
-3.2718E-01
-3.6288E-01
-3.4752E-01
-2.9245E-01
-2.2988E-01
-1.5373E-01
-8.0257E-02
-4.2971E-02
-1.7731E-02
1.0265E-02
4.0683E-02
8.0464E-02
1.1324E-01
1.2540E-01
1.1924E-01
1.0219E-01
8.2362E-02
4.5483E-02
-3.9998E-02
-1.5957E-01
-2.6005E-01
-3.2815E-01
-3.6820E-01
-3.6832E-01
-3.3309E-01
-2.6737E-01
-1.8066E-01
-1.2105E-01
-1.0992E-01
-1.2959E-01
-1.8759E-01
-2.7519E-01
-3.6314E-01
-4.4579E-01
-4.9403E-01
-4.6276E-01
-3.5106E-01
-1.9137E-01
-2.9589E-02
1.0258E-01
2.1111E-01
2.9439E-01
3.3484E-01
3.2313E-01
2.5284E-01
1.4648E-01
3.7697E-02
-6.6969E-02
-1.6688E-01
-2.5983E-01
-3.4301E-01
-4.0155E-01
-4.1847E-01
-4.0398E-01
-3.6538E-01
-2.8871E-01
-1.9990E-01
-1.4162E-01
-1.2294E-01
-1.3135E-01
-1.4472E-01
-1.4486E-01
-1.2262E-01
-7.7829E-02
-1.3638E-02
6.7341E-02
1.6265E-01
2.6386E-01
3.5386E-01
4.0342E-01
3.8525E-01
3.2690E-01
2.6572E-01
2.0015E-01
1.3678E-01
8.5226E-02
4.4113E-02
1.8672E-02
2.3567E-02
6.2893E-02
1.2573E-01
2.0854E-01
3.0126E-01
3.8393E-01
4.4885E-01
4.9191E-01
5.1401E-01
5.2323E-01
5.1514E-01
4.8438E-01
4.1725E-01
2.9954E-01
1.5944E-01
2.4189E-02
-1.0998E-01
-2.3837E-01
-3.2193E-01
-3.2065E-01
-2.6701E-01
-2.2335E-01
-1.8873E-01
-1.4291E-01
-1.0120E-01
-6.6492E-02
-1.8117E-02
3.3099E-02
5.3429E-02
4.2679E-02
2.5433E-02
2.0845E-02
2.3652E-02
-3.9387E-03
-6.3411E-02
-1.2116E-01
-1.7356E-01
-2.1271E-01
-2.2173E-01
-2.1359E-01
-2.1019E-01
-2.1452E-01
-2.1626E-01
-1.9620E-01
-1.3654E-01
-5.5445E-02
1.1105E-02
5.1425E-02
6.2963E-02
5.5019E-02
4.2468E-02
-2.1571E-03
-1.0021E-01
-2.1450E-01
-3.0316E-01
-3.5329E-01
-3.6792E-01
-3.5542E-01
-3.3618E-01
-3.1881E-01
-2.8718E-01
-2.4061E-01
-1.7716E-01
-8.9081E-02
1.4884E-03
6.3862E-02
8.3206E-02
5.3641E-02
-2.7475E-02
-1.3490E-01
-2.2524E-01
-2.9467E-01
-3.5616E-01
-3.9603E-01
-3.9207E-01
-3.2607E-01
-2.0177E-01
-5.1764E-02
8.5597E-02
1.7093E-01
1.7599E-01
1.0612E-01
-5.3288E-03
-1.2163E-01
-2.1722E-01
-2.8397E-01
-3.1772E-01
-2.9512E-01
-2.1001E-01
-9.3499E-02
2.6164E-02
1.2723E-01
1.8602E-01
1.7606E-01
9.1429E-02
-1.5598E-02
-8.9749E-02
-1.2967E-01
-1.5374E-01
-1.5594E-01
-1.0939E-01
-2.6902E-02
4.2254E-02
8.7773E-02
1.2239E-01
1.4038E-01
1.3985E-01
1.3591E-01
1.4006E-01
1.5209E-01
1.8168E-01
2.4111E-01
3.2289E-01
4.0607E-01
4.7194E-01
5.0556E-01
4.8485E-01
3.9933E-01
2.7353E-01
1.3678E-01
-7.0403E-03
-1.4803E-01
-2.6576E-01
-3.6046E-01
-4.2461E-01
-4.3563E-01
-4.0138E-01
-3.4931E-01
-2.8678E-01
-2.1320E-01
-1.3087E-01
-4.8104E-02
1.9974E-02
6.4144E-02
8.9640E-02
1.3723E-01
2.1426E-01
2.7379E-01
2.9666E-01
2.8511E-01
2.6975E-01
2.6852E-01
2.6431E-01
2.6213E-01
2.5068E-01
2.2209E-01
1.9146E-01
1.7059E-01
1.7749E-01
1.7376E-01
9.8569E-02
-2.5970E-02
-1.5438E-01
-2.6560E-01
-3.3606E-01
-3.5224E-01
-2.9277E-01
-1.5614E-01
-5.5578E-03
1.0725E-01
1.7705E-01
2.1060E-01
2.2381E-01
2.2945E-01
2.1072E-01
1.3211E-01
-7.5589E-03
-1.6031E-01
-2.7427E-01
-3.3967E-01
-3.7834E-01
-3.8749E-01
-3.5565E-01
-3.0370E-01
-2.3119E-01
-1.1483E-01
2.6355E-02
1.4825E-01
2.0262E-01
1.7432E-01
1.0482E-01
1.9436E-02
-7.0664E-02
-1.3932E-01
-1.7074E-01
-1.5475E-01
-9.8037E-02
-3.1428E-02
2.1187E-02
5.6741E-02
6.5896E-02
2.7229E-02
-5.6405E-02
-1.7347E-01
-3.0510E-01
-3.9979E-01
-4.3203E-01
-4.2371E-01
-4.0221E-01
-3.8057E-01
-3.4536E-01
-2.8423E-01
-2.0457E-01
-1.1858E-01
-4.4086E-02
1.0994E-02
3.9605E-02
1.4700E-02
-6.1899E-02
-1.4193E-01
-1.8111E-01
-1.7601E-01
-1.5839E-01
-1.5053E-01
-1.5760E-01
-1.7347E-01
-1.7831E-01
-1.7171E-01
-1.5109E-01
-1.0499E-01
-6.7990E-02
-8.2334E-02
-1.3544E-01
-1.9353E-01
-2.4301E-01
-2.7967E-01
-3.0584E-01
-3.1920E-01
-3.0303E-01
-2.6741E-01
-2.3980E-01
-2.2659E-01
-2.2663E-01
-2.4689E-01
-2.8821E-01
-3.3119E-01
-3.6054E-01
-3.7018E-01
-3.5170E-01
-3.0078E-01
-2.1939E-01
-1.2400E-01
-3.6244E-02
3.0421E-02
6.9593E-02
7.2484E-02
2.9057E-02
-5.2424E-02
-1.4571E-01
-2.1935E-01
-2.6313E-01
-2.7836E-01
-2.5572E-01
-2.0650E-01
-1.5909E-01
-1.3025E-01
-1.1500E-01
-1.0165E-01
-9.4169E-02
-1.0679E-01
-1.4475E-01
-1.9117E-01
-2.3807E-01
-2.6698E-01
-2.4572E-01
-1.9881E-01
-1.5461E-01
-9.9828E-02
-2.5599E-02
6.5156E-02
1.5522E-01
2.2152E-01
2.5890E-01
2.7494E-01
2.6854E-01
2.4438E-01
2.1474E-01
1.6546E-01
9.8363E-02
4.4804E-02
7.7303E-03
-1.3992E-02
-2.4371E-03
4.1786E-02
9.3139E-02
1.3771E-01
1.7618E-01
2.0418E-01
2.2277E-01
2.3029E-01
2.2060E-01
1.9337E-01
1.6080E-01
1.4037E-01
1.2603E-01
1.0942E-01
9.4095E-02
7.8188E-02
5.2725E-02
1.2567E-02
-2.8080E-02
-6.1745E-02
-9.7455E-02
-1.2610E-01
-1.3197E-01
-1.2613E-01
-1.2632E-01
-1.3336E-01
-1.4333E-01
-1.5395E-01
-1.6994E-01
-1.8316E-01
-1.6386E-01
-1.1073E-01
-3.9160E-02
4.7425E-02
1.3158E-01
1.9666E-01
2.3876E-01
2.5390E-01
2.4168E-01
2.1408E-01
1.9541E-01
1.9207E-01
1.9272E-01
1.9513E-01
1.9947E-01
2.0076E-01
1.9687E-01
1.9279E-01
1.8250E-01
1.5474E-01
1.2360E-01
1.0676E-01
1.0218E-01
1.0202E-01
1.0586E-01
1.2443E-01
1.6211E-01
2.1148E-01
2.5960E-01
2.7801E-01
2.3874E-01
1.4714E-01
4.7481E-02
-2.4214E-02
-6.7395E-02
-7.4149E-02
-3.1780E-02
4.8377E-02
1.2561E-01
1.4911E-01
1.2425E-01
1.0012E-01
8.9741E-02
7.9610E-02
7.4757E-02
7.5413E-02
7.5315E-02
9.0316E-02
1.2580E-01
1.7428E-01
2.2660E-01
2.6365E-01
2.8100E-01
2.7530E-01
2.4161E-01
1.8475E-01
1.0704E-01
2.0720E-02
-6.0687E-02
-1.2518E-01
-1.6217E-01
-1.7068E-01
-1.4469E-01
-8.7455E-02
-2.1455E-02
2.8267E-02
4.9363E-02
4.6013E-02
2.9958E-02
1.3562E-02
-6.8124E-04
-1.4751E-02
-3.2255E-02
-5.6999E-02
-7.9491E-02
-8.9899E-02
-7.7256E-02
-3.4301E-02
1.6217E-02
4.5685E-02
4.9153E-02
4.5479E-02
4.9837E-02
5.2579E-02
5.2665E-02
6.4543E-02
9.1409E-02
1.2305E-01
1.5240E-01
1.7898E-01
1.9684E-01
2.0854E-01
2.1721E-01
2.1137E-01
1.8870E-01
1.5631E-01
1.2634E-01
1.1317E-01
1.1870E-01
1.3984E-01
1.6328E-01
1.6328E-01
1.3478E-01
9.6642E-02
6.3113E-02
3.6837E-02
2.4615E-02
4.4769E-02
1.0574E-01
1.9086E-01
2.6888E-01
3.1571E-01
3.2207E-01
2.7925E-01
2.0240E-01
1.2453E-01
4.2427E-02
-4.7271E-02
-1.2214E-01
-1.6906E-01
-1.8001E-01
-1.4430E-01
-5.3345E-02
8.0474E-02
2.0473E-01
2.5935E-01
2.4469E-01
2.0196E-01
1.3933E-01
6.1079E-02
-2.4578E-02
-1.2199E-01
-1.9994E-01
-2.2422E-01
-2.0026E-01
-1.4851E-01
-9.0630E-02
-3.6226E-02
8.0440E-03
2.9008E-02
1.0641E-02
-5.4152E-02
-1.4249E-01
-2.2368E-01
-2.7403E-01
-2.9511E-01
-3.0378E-01
-2.8952E-01
-2.5179E-01
-2.0304E-01
-1.3813E-01
-5.0800E-02
4.9252E-02
1.4169E-01
2.1263E-01
2.4902E-01
2.4853E-01
2.1916E-01
1.7311E-01
1.3299E-01
1.1181E-01
1.0334E-01
9.0820E-02
7.1692E-02
5.4333E-02
4.2829E-02
3.9335E-02
3.6353E-02
2.7838E-02
8.4965E-03
-1.8160E-02
-3.2454E-02
-3.1266E-02
-1.2968E-02
3.6210E-02
1.0726E-01
1.8305E-01
2.5873E-01
3.0795E-01
3.0723E-01
2.7628E-01
2.3277E-01
1.8463E-01
1.3854E-01
8.6271E-02
2.9780E-02
-2.2406E-02
-5.9814E-02
-7.2989E-02
-6.3070E-02
-3.5958E-02
-9.2438E-03
9.3695E-03
2.8109E-02
5.5670E-02
9.5716E-02
1.4038E-01
1.8357E-01
2.1471E-01
2.0527E-01
1.2937E-01
2.3090E-03
-1.2957E-01
-2.3590E-01
-3.0670E-01
-3.4382E-01
-3.3958E-01
-2.7856E-01
-1.8252E-01
-8.6070E-02
1.0500E-02
1.1639E-01
2.2034E-01
3.0855E-01
3.7131E-01
3.8876E-01
3.6342E-01
3.2563E-01
2.8471E-01
2.3761E-01
1.8953E-01
1.4027E-01
8.7680E-02
4.3702E-02
2.9011E-02
4.5303E-02
7.6455E-02
1.0479E-01
1.0824E-01
6.4349E-02
-2.9217E-02
-1.3841E-01
-2.1187E-01
-2.1879E-01
-1.7471E-01
-1.1346E-01
-4.9428E-02
6.0261E-03
5.0716E-02
8.8966E-02
1.1382E-01
1.1466E-01
8.2401E-02
3.5902E-02
1.9942E-03
-1.6089E-02
-2.5964E-02
-3.2185E-02
-2.8009E-02
-1.6572E-02
-3.3780E-03
1.4520E-02
4.1095E-02
7.6262E-02
9.5449E-02
8.3620E-02
6.1680E-02
4.4110E-02
2.5496E-02
9.8476E-03
9.7111E-04
-1.2104E-02
-2.4631E-02
-1.2638E-02
2.7441E-02
6.6207E-02
8.6823E-02
9.6799E-02
9.8954E-02
9.4835E-02
8.4036E-02
6.5873E-02
4.2466E-02
1.3290E-02
-1.2620E-02
-2.3315E-02
-2.7700E-02
-5.4233E-02
-1.0937E-01
-1.6088E-01
-1.9068E-01
-2.0652E-01
-2.1731E-01
-2.2846E-01
-2.2493E-01
-1.9611E-01
-1.5537E-01
-1.0995E-01
-6.3863E-02
-2.6785E-02
-7.0397E-03
-1.4187E-02
-4.6398E-02
-7.9216E-02
-1.0080E-01
-1.1836E-01
-1.3188E-01
-1.4896E-01
-1.6457E-01
-1.5740E-01
-1.3731E-01
-1.2622E-01
-1.3395E-01
-1.6508E-01
-2.1193E-01
-2.5750E-01
-2.8709E-01
-2.9651E-01
-2.9163E-01
-2.7757E-01
-2.4999E-01
-2.0615E-01
-1.5302E-01
-1.0061E-01
-7.6176E-02
-1.0946E-01
-1.8147E-01
-2.5192E-01
-3.1230E-01
-3.6480E-01
-4.1107E-01
-4.5480E-01
-4.8719E-01
-4.9145E-01
-4.4911E-01
-3.6836E-01
-2.8902E-01
-2.3599E-01
-2.0762E-01
-1.9763E-01
-2.1112E-01
-2.4888E-01
-3.0055E-01
-3.5720E-01
-3.9802E-01
-4.0508E-01
-3.8440E-01
-3.5469E-01
-3.3454E-01
-3.2171E-01
-3.0244E-01
-2.7681E-01
-2.5253E-01
-2.3594E-01
-2.2823E-01
-2.2045E-01
-2.0471E-01
-1.8640E-01
-1.7272E-01
-1.6774E-01
-1.7105E-01
-1.6882E-01
-1.4726E-01
-1.0243E-01
-4.1826E-02
1.1972E-02
4.3951E-02
6.5860E-02
8.9936E-02
1.0878E-01
1.1722E-01
1.1965E-01
1.2084E-01
1.2480E-01
1.2767E-01
1.2631E-01
1.2035E-01
9.6661E-02
5.0108E-02
-3.4372E-03
-4.9306E-02
-8.0910E-02
-9.9440E-02
-1.0551E-01
-9.2723E-02
-5.8365E-02
-7.3065E-03
4.5190E-02
8.5498E-02
1.0803E-01
1.0421E-01
7.6135E-02
3.3777E-02
-1.4840E-02
-5.6592E-02
-8.2085E-02
-8.4731E-02
-6.1196E-02
-1.5533E-02
4.6849E-02
1.1504E-01
1.7319E-01
2.0711E-01
2.1165E-01
1.8818E-01
1.3669E-01
7.0092E-02
1.0808E-02
-2.7556E-02
-3.7554E-02
-2.2176E-02
9.9627E-03
5.4023E-02
9.8681E-02
1.3002E-01
1.4341E-01
1.4499E-01
1.4161E-01
1.3564E-01
1.3367E-01
1.3994E-01
1.5430E-01
1.8014E-01
2.1496E-01
2.5151E-01
2.8793E-01
3.2105E-01
3.4222E-01
3.4730E-01
3.4141E-01
3.2373E-01
2.9416E-01
2.6370E-01
2.3309E-01
2.0668E-01
2.0103E-01
2.1796E-01
2.4706E-01
2.7436E-01
2.9005E-01
2.9931E-01
3.1236E-01
3.3142E-01
3.4986E-01
3.4783E-01
3.0361E-01
2.3118E-01
1.6815E-01
1.2571E-01
9.7266E-02
8.9422E-02
1.0964E-01
1.4729E-01
1.8309E-01
2.0878E-01
2.2621E-01
2.3858E-01
2.4235E-01
2.2647E-01
1.9534E-01
1.6053E-01
1.2477E-01
9.4121E-02
7.4322E-02
6.9944E-02
8.1493E-02
9.9047E-02
1.0422E-01
8.0882E-02
3.6677E-02
-8.0205E-03
-4.2126E-02
-5.6535E-02
-4.1694E-02
-4.6030E-03
3.8974E-02
7.9342E-02
1.0633E-01
1.1759E-01
1.1785E-01
1.0804E-01
8.9939E-02
6.7351E-02
4.4698E-02
2.7971E-02
2.2492E-02
2.7239E-02
3.7686E-02
4.8628E-02
5.6525E-02
5.9079E-02
4.9922E-02
2.9684E-02
4.8173E-03
-2.0783E-02
-4.0338E-02
-5.0003E-02
-5.2394E-02
-5.1705E-02
-5.0647E-02
-5.2853E-02
-6.3097E-02
-7.7023E-02
-8.9167E-02
-1.0106E-01
-1.1369E-01
-1.2770E-01
-1.4016E-01
-1.4571E-01
-1.3891E-01
-1.1781E-01
-8.9384E-02
-5.8780E-02
-3.0422E-02
-7.1287E-03
1.4466E-02
3.1192E-02
3.9655E-02
4.5067E-02
5.0835E-02
6.1159E-02
8.3181E-02
1.1459E-01
1.4753E-01
1.7585E-01
1.9625E-01
2.0863E-01
2.1097E-01
2.0433E-01
1.9471E-01
1.8714E-01
1.8157E-01
1.7592E-01
1.7487E-01
1.8114E-01
1.8677E-01
1.8829E-01
1.9171E-01
1.9688E-01
2.0155E-01
2.0692E-01
2.1103E-01
2.1238E-01
2.1060E-01
2.0718E-01
2.0393E-01
2.0150E-01
1.9816E-01
1.9118E-01
1.8456E-01
1.7651E-01
1.5871E-01
1.3307E-01
1.0883E-01
9.1279E-02
7.7447E-02
6.3935E-02
5.3328E-02
5.2249E-02
6.1433E-02
7.1585E-02
7.9657E-02
8.5214E-02
8.3109E-02
7.6599E-02
6.8254E-02
5.6487E-02
4.4484E-02
3.5394E-02
2.9558E-02
2.2274E-02
1.3552E-02
9.4268E-03
1.2219E-02
2.0495E-02
2.6817E-02
3.1058E-02
3.6672E-02
4.0382E-02
4.6842E-02
5.8340E-02
7.1744E-02
8.8032E-02
1.0609E-01
1.2579E-01
1.4633E-01
1.6570E-01
1.8391E-01
1.9803E-01
2.0213E-01
1.9522E-01
1.8442E-01
1.7048E-01
1.5065E-01
1.2963E-01
1.1097E-01
9.8246E-02
9.2256E-02
8.7260E-02
7.7434E-02
6.0165E-02
3.8201E-02
1.6345E-02
-1.7740E-04
-1.3866E-02
-2.8317E-02
-3.5569E-02
-3.2786E-02
-2.0966E-02
2.7688E-03
3.7725E-02
7.7462E-02
1.1001E-01
1.2923E-01
1.3869E-01
1.4043E-01
1.3008E-01
1.0745E-01
8.3149E-02
6.4904E-02
5.4617E-02
5.3433E-02
5.9380E-02
6.9573E-02
8.0204E-02
8.7275E-02
9.0800E-02
9.0623E-02
8.3142E-02
6.7338E-02
4.8327E-02
2.9362E-02
9.4252E-03
-6.8856E-03
-1.6871E-02
-2.5147E-02
-3.1577E-02
-3.3058E-02
-2.6684E-02
-1.6814E-02
-1.5661E-02
-2.3062E-02
-3.0235E-02
-3.5787E-02
-4.3373E-02
-5.3664E-02
-6.2236E-02
-6.8336E-02
-7.4215E-02
-7.2716E-02
-5.9928E-02
-4.5329E-02
-3.4692E-02
-3.0349E-02
-3.3559E-02
-4.1595E-02
-5.2663E-02
-6.4657E-02
-8.0127E-02
-9.9117E-02
-1.1397E-01
-1.2344E-01
-1.2704E-01
-1.2321E-01
-1.1671E-01
-1.0890E-01
-1.0112E-01
-1.0218E-01
-1.1510E-01
-1.3445E-01
-1.5632E-01
-1.7898E-01
-1.9865E-01
-2.1138E-01
-2.1761E-01
-2.1513E-01
-2.0220E-01
-1.8438E-01
-1.5960E-01
-1.2441E-01
-8.5203E-02
-4.8249E-02
-1.8335E-02
4.2161E-03
1.9252E-02
2.1870E-02
1.1827E-02
-6.8699E-03
-3.1103E-02
-5.9255E-02
-8.7767E-02
-1.1206E-01
-1.3440E-01
-1.5483E-01
-1.6671E-01
-1.7189E-01
-1.7345E-01
-1.6757E-01
-1.5620E-01
-1.4435E-01
-1.3261E-01
-1.2274E-01
-1.1661E-01
-1.1190E-01
-1.0463E-01
-8.8923E-02
-6.2473E-02
-3.0076E-02
2.1064E-03
2.9760E-02
4.9313E-02
5.8669E-02
5.9293E-02
4.9387E-02
3.2820E-02
1.6838E-02
-3.1523E-03
-2.5459E-02
-4.4247E-02
-6.0403E-02
-7.1089E-02
-7.4084E-02
-7.4358E-02
-7.6751E-02
-8.0714E-02
-8.5936E-02
-9.1715E-02
-9.5453E-02
-9.3674E-02
-8.6254E-02
-8.0810E-02
-7.7898E-02
-6.9778E-02
-5.7689E-02
-4.8002E-02
-4.1031E-02
-3.6333E-02
-3.6794E-02
-4.4492E-02
-6.0255E-02
-8.1939E-02
-1.0497E-01
-1.2520E-01
-1.3581E-01
-1.3441E-01
-1.2690E-01
-1.1356E-01
-9.5008E-02
-7.9820E-02
-6.9539E-02
-6.0169E-02
-5.3479E-02
-4.9968E-02
-4.4129E-02
-3.3639E-02
-2.0781E-02
-8.7015E-03
2.7309E-03
1.5648E-02
2.4752E-02
2.7322E-02
2.6353E-02
2.0805E-02
1.2271E-02
5.2536E-03
2.4717E-03
2.8239E-03
2.9849E-03
4.1827E-03
1.0283E-02
2.3252E-02
3.7254E-02
4.6201E-02
5.2979E-02
5.6538E-02
5.3778E-02
4.4743E-02
2.9834E-02
1.2364E-02
-6.8195E-03
-2.5072E-02
-3.8410E-02
-4.4887E-02
-4.2147E-02
-3.5642E-02
-3.1643E-02
-3.2448E-02
-4.0079E-02
-5.2098E-02
-6.4999E-02
-7.8832E-02
-9.4958E-02
-1.0951E-01
-1.1781E-01
-1.1885E-01
-1.1238E-01
-9.9570E-02
-8.1488E-02
-6.4064E-02
-5.3521E-02
-4.9674E-02
-5.3988E-02
-6.9274E-02
-9.1889E-02
-1.1019E-01
-1.2043E-01
-1.2620E-01
-1.2541E-01
-1.2063E-01
-1.1511E-01
-1.0749E-01
-9.8473E-02
-8.7999E-02
-7.5367E-02
-6.1911E-02
-5.0952E-02
-4.3512E-02
-4.0239E-02
-4.2450E-02
-4.6706E-02
-5.0643E-02
-5.4510E-02
-5.6641E-02
-5.4667E-02
-4.9781E-02
-4.6870E-02
-4.4176E-02
-3.6563E-02
-2.6857E-02
-1.8467E-02
-1.1180E-02
-9.3777E-03
-1.7517E-02
-3.0946E-02
-4.4434E-02
-5.6840E-02
-6.5891E-02
-7.0893E-02
-7.1941E-02
-6.9355E-02
-6.4582E-02
-5.9723E-02
-5.7330E-02
-5.4102E-02
-4.9275E-02
-4.9416E-02
-5.4784E-02
-6.0176E-02
-6.4112E-02
-6.7134E-02
-6.5752E-02
-5.8291E-02
-4.8254E-02
-3.9041E-02
-3.3725E-02
-3.2779E-02
-3.3182E-02
-3.1489E-02
-2.7447E-02
-2.2368E-02
-1.5377E-02
-6.8792E-03
-1.5768E-03
-2.1774E-03
-4.4154E-03
-7.8318E-03
-1.4520E-02
-1.9473E-02
-1.9783E-02
-1.4986E-02
-4.6272E-03
9.3811E-03
2.6492E-02
4.1306E-02
4.8742E-02
5.3085E-02
5.5465E-02
5.2834E-02
4.7395E-02
4.4533E-02
4.6561E-02
5.1116E-02
5.5918E-02
6.0609E-02
6.5388E-02
6.8419E-02
6.7150E-02
6.4200E-02
6.0618E-02
5.5501E-02
5.2989E-02
5.2866E-02
5.2348E-02
5.1880E-02
5.1219E-02
5.2456E-02
5.4706E-02
5.7270E-02
6.3207E-02
6.7451E-02
6.8056E-02
6.9864E-02
7.2971E-02
7.9701E-02
9.0062E-02
9.8246E-02
1.0515E-01
1.1256E-01
1.1693E-01
1.1844E-01
1.1786E-01
1.1514E-01
1.1409E-01
1.1446E-01
1.1571E-01
1.1963E-01
1.2429E-01
1.3077E-01
1.3795E-01
1.4274E-01
1.4485E-01
1.3969E-01
1.2559E-01
1.0434E-01
7.8261E-02
5.3841E-02
3.3912E-02
1.8371E-02
5.4886E-03
-8.8784E-03
-2.5845E-02
-4.6250E-02
-6.9699E-02
-9.2543E-02
-1.1182E-01
-1.2756E-01
-1.3980E-01
-1.4527E-01
-1.4439E-01
-1.3880E-01
-1.2685E-01
-1.1118E-01
-9.7398E-02
-9.1278E-02
-9.4309E-02
-1.0294E-01
-1.1532E-01
-1.2646E-01
-1.3112E-01
-1.2881E-01
-1.2118E-01
-1.1207E-01
-1.0180E-01
-8.9469E-02
-7.8547E-02
-7.3029E-02
-7.1851E-02
-6.8673E-02
-6.1744E-02
-5.5064E-02
-4.7587E-02
-3.7290E-02
-2.8026E-02
-2.0140E-02
-1.4764E-02
-1.5788E-02
-2.0180E-02
-2.8215E-02
-3.9770E-02
-4.9141E-02
-5.6155E-02
-6.1537E-02
-6.4516E-02
-6.0162E-02
-4.3627E-02
-2.0429E-02
3.6304E-03
2.6159E-02
4.6922E-02
6.5926E-02
7.8500E-02
8.3747E-02
8.4404E-02
7.9887E-02
7.2012E-02
6.6632E-02
6.5489E-02
6.6606E-02
6.9772E-02
7.3075E-02
7.4489E-02
7.7100E-02
8.1451E-02
8.3603E-02
8.4305E-02
8.5206E-02
8.5233E-02
8.6496E-02
8.9824E-02
9.2693E-02
9.4167E-02
9.4759E-02
9.3867E-02
9.0155E-02
8.6729E-02
8.5303E-02
8.2750E-02
7.8412E-02
7.2185E-02
6.5019E-02
5.8771E-02
5.4571E-02
5.4062E-02
5.6953E-02
6.3119E-02
7.1360E-02
7.9421E-02
8.5354E-02
8.7567E-02
8.9390E-02
9.1982E-02
9.0754E-02
8.4998E-02
7.9592E-02
7.6628E-02
7.3752E-02
7.0947E-02
6.9032E-02
6.7178E-02
6.5446E-02
6.3867E-02
6.0566E-02
5.4709E-02
4.7141E-02
3.6687E-02
2.5400E-02
1.8499E-02
1.4846E-02
1.2644E-02
1.3633E-02
1.5781E-02
1.7385E-02
1.8579E-02
1.8642E-02
2.0638E-02
2.4836E-02
2.5760E-02
2.3103E-02
2.0116E-02
1.6252E-02
9.8449E-03
2.8236E-03
-5.6001E-04
5.2783E-04
1.0835E-03
-3.5087E-03
-9.9092E-03
-1.3452E-02
-1.2787E-02
-6.6990E-03
9.7047E-04
6.4138E-03
9.4050E-03
8.5846E-03
4.9529E-03
3.8231E-05
-4.7479E-03
-9.9684E-03
-1.8734E-02
-2.9496E-02
-3.8985E-02
-4.6338E-02
-5.1319E-02
-5.1738E-02
-4.7224E-02
-4.3641E-02
-4.4485E-02
-4.6905E-02
-4.8247E-02
-4.8805E-02
-5.0887E-02
-5.7219E-02
-6.6129E-02
-7.3978E-02
-8.0378E-02
-8.3464E-02
-8.2615E-02
-8.0930E-02
-7.9693E-02
-8.1075E-02
-8.5718E-02
-9.1469E-02
-9.9801E-02
-1.0932E-01
-1.1564E-01
-1.1923E-01
-1.2095E-01
-1.2001E-01
-1.1718E-01
-1.1368E-01
-1.0779E-01
-9.7833E-02
-8.6334E-02
-7.6308E-02
-6.7623E-02
-6.0217E-02
-5.6514E-02
-5.4906E-02
-4.9844E-02
-4.0293E-02
-2.9602E-02
-1.9725E-02
-9.5863E-03
8.5203E-04
1.1061E-02
1.9088E-02
2.1297E-02
1.9345E-02
1.3970E-02
3.3023E-03
-8.4275E-03
-1.6065E-02
-1.7737E-02
-1.4433E-02
-7.4325E-03
3.1293E-03
1.3342E-02
2.0542E-02
2.5490E-02
2.6924E-02
2.3568E-02
1.5427E-02
3.6886E-03
-9.3966E-03
-2.0119E-02
-2.5417E-02
-2.7518E-02
-2.8598E-02
-2.7047E-02
-2.1627E-02
-1.2547E-02
-3.0304E-03
2.5777E-03
3.1617E-03
-3.0111E-03
-1.6690E-02
-2.9973E-02
-3.3207E-02
-2.6967E-02
-1.6705E-02
-5.2700E-03
2.9792E-03
5.5964E-03
3.2183E-03
-3.6692E-03
-1.1560E-02
-1.7718E-02
-1.9510E-02
-1.4112E-02
-4.2996E-03
6.5027E-03
1.6964E-02
2.6091E-02
3.2203E-02
3.2888E-02
2.7771E-02
1.7618E-02
4.5646E-03
-8.8522E-03
-2.2002E-02
-3.2708E-02
-3.8664E-02
-4.1521E-02
-4.3603E-02
-4.4337E-02
-4.1437E-02
-3.4936E-02
-2.8923E-02
-2.5990E-02
-2.4863E-02
-2.8287E-02
-3.9743E-02
-5.4130E-02
-6.7627E-02
-8.0302E-02
-8.6903E-02
-8.5411E-02
-8.0074E-02
-7.0181E-02
-5.3509E-02
-3.5900E-02
-2.4103E-02
-1.9419E-02
-2.1786E-02
-2.6905E-02
-3.1457E-02
-3.5827E-02
-3.6813E-02
-3.3963E-02
-2.9207E-02
-2.3689E-02
-1.7685E-02
-1.0566E-02
-6.5297E-03
-6.5919E-03
-7.2045E-03
-8.3832E-03
-1.1780E-02
-1.7671E-02
-2.4236E-02
-3.0885E-02
-3.5412E-02
-3.4648E-02
-3.0500E-02
-2.4985E-02
-1.7419E-02
-7.3166E-03
3.5476E-03
1.3362E-02
2.1674E-02
2.8013E-02
3.2051E-02
3.2280E-02
2.9513E-02
2.5927E-02
2.1251E-02
1.8036E-02
1.7920E-02
1.9408E-02
2.3829E-02
2.9698E-02
3.3291E-02
3.4582E-02
3.3875E-02
3.1692E-02
2.8548E-02
2.4605E-02
1.9323E-02
1.0658E-02
5.1289E-04
-7.8597E-03
-1.5228E-02
-2.0649E-02
-2.0094E-02
-1.4503E-02
-8.6516E-03
-2.5300E-03
3.5226E-03
5.4897E-03
1.9876E-03
-5.5037E-03
-1.3556E-02
-1.9500E-02
-2.2172E-02
-2.0903E-02
-1.6104E-02
-1.0306E-02
-9.7827E-03
-1.5177E-02
-2.1569E-02
-2.8476E-02
-3.4746E-02
-3.9520E-02
-4.4205E-02
-4.7189E-02
-4.8196E-02
-4.7286E-02
-4.3796E-02
-4.0789E-02
-3.9511E-02
-3.8453E-02
-3.8212E-02
-3.8741E-02
-3.7323E-02
-3.1913E-02
-2.3858E-02
-1.4906E-02
-4.3461E-03
5.4351E-03
1.0911E-02
1.5921E-02
2.3328E-02
2.9715E-02
3.3328E-02
3.6517E-02
4.1233E-02
4.3614E-02
4.1102E-02
3.5563E-02
2.8051E-02
2.1716E-02
1.4218E-02
2.0380E-03
-9.1246E-03
-2.0101E-02
-3.4892E-02
-4.7558E-02
-5.2848E-02
-5.2253E-02
-4.9667E-02
-4.7922E-02
-4.6346E-02
-4.4188E-02
-4.3837E-02
-4.3688E-02
-3.7733E-02
-2.5454E-02
-1.1745E-02
2.7486E-03
1.9975E-02
3.5053E-02
4.3114E-02
4.4686E-02
4.1081E-02
3.4645E-02
2.8826E-02
2.5181E-02
2.2971E-02
2.2379E-02
2.3187E-02
2.6751E-02
3.3369E-02
3.6980E-02
3.6231E-02
3.4299E-02
3.1799E-02
2.7809E-02
2.1728E-02
1.7285E-02
1.5380E-02
1.1867E-02
7.1506E-03
3.3869E-03
-2.0364E-04
-2.7737E-03
-3.5837E-03
-5.8561E-03
-1.0450E-02
-1.3130E-02
-1.2176E-02
-1.0533E-02
-9.2691E-03
-8.0164E-03
-8.0504E-03
-9.9768E-03
-1.1885E-02
-1.2116E-02
-1.3756E-02
-1.8831E-02
-2.5369E-02
-3.3501E-02
-4.1104E-02
-4.4125E-02
-4.4651E-02
-4.5646E-02
-4.6466E-02
-4.4484E-02
-3.9064E-02
-3.2837E-02
-2.5306E-02
-1.5853E-02
-6.1163E-03
3.9219E-03
1.4111E-02
2.0940E-02
2.2460E-02
2.1567E-02
1.9625E-02
2.0009E-02
2.4718E-02
2.9343E-02
3.3743E-02
3.7248E-02
3.6583E-02
3.2083E-02
2.3145E-02
1.0729E-02
-2.4865E-03
-1.4284E-02
-2.1080E-02
-2.2231E-02
-1.8767E-02
-1.1618E-02
-5.0239E-03
-4.1430E-03
-9.5209E-03
-1.8418E-02
-2.8870E-02
-3.6007E-02
-3.5685E-02
-3.0829E-02
-2.3445E-02
-1.4065E-02
-6.4276E-03
-8.5286E-04
4.2491E-03
7.6052E-03
9.5232E-03
1.1515E-02
1.3969E-02
1.5491E-02
1.5474E-02
1.6731E-02
1.9529E-02
2.1410E-02
2.4307E-02
3.1270E-02
3.9840E-02
4.7851E-02
5.5869E-02
6.4127E-02
7.2292E-02
7.4773E-02
7.0083E-02
6.2457E-02
5.1394E-02
4.2956E-02
4.2013E-02
4.2708E-02
4.4671E-02
4.7973E-02
4.8614E-02
4.8582E-02
4.9282E-02
4.8044E-02
4.7301E-02
4.7228E-02
4.2758E-02
3.6996E-02
3.3668E-02
2.9840E-02
2.4785E-02
2.0323E-02
1.8442E-02
1.9052E-02
1.9597E-02
2.0940E-02
2.4635E-02
2.6939E-02
2.5882E-02
2.3798E-02
2.2378E-02
2.1749E-02
2.1240E-02
2.3805E-02
3.1499E-02
4.1432E-02
5.2040E-02
6.2843E-02
7.1347E-02
7.5362E-02
7.6982E-02
7.7209E-02
7.5417E-02
7.4007E-02
7.3178E-02
7.2748E-02
7.4586E-02
7.7636E-02
7.8318E-02
7.7104E-02
7.5158E-02
6.8019E-02
5.8553E-02
5.3327E-02
4.8139E-02
3.9791E-02
3.1471E-02
2.5479E-02
2.0675E-02
1.4742E-02
8.1803E-03
2.8807E-03
-2.6096E-04
1.4654E-04
6.5439E-03
1.6720E-02
2.4026E-02
2.6232E-02
2.5062E-02
1.9988E-02
1.2219E-02
5.8880E-03
4.6326E-04
-5.7322E-03
-1.0892E-02
-1.5003E-02
-1.9889E-02
-2.4010E-02
-2.7000E-02
-3.1823E-02
-3.7625E-02
-4.2605E-02
-4.6615E-02
-4.8615E-02
-4.6691E-02
-4.0217E-02
-3.1758E-02
-2.1894E-02
-1.1349E-02
-3.7999E-03
5.6945E-04
4.2559E-03
8.2793E-03
1.1481E-02
1.3338E-02
1.4050E-02
1.3237E-02
1.3279E-02
1.4276E-02
1.5058E-02
1.7487E-02
1.7968E-02
1.5639E-02
1.4637E-02
1.2876E-02
1.0965E-02
1.1248E-02
1.3636E-02
1.8958E-02
2.4576E-02
2.8816E-02
3.1138E-02
3.2127E-02
3.4729E-02
3.8075E-02
4.0692E-02
4.1396E-02
4.0863E-02
3.9499E-02
3.5338E-02
3.2539E-02
3.2278E-02
3.2298E-02
3.6028E-02
4.3264E-02
5.1486E-02
5.8614E-02
5.9550E-02
5.2538E-02
4.0433E-02
2.6696E-02
1.4001E-02
3.9663E-03
-1.4619E-03
-1.5198E-03
3.1242E-03
1.2301E-02
2.3182E-02
3.0621E-02
3.2828E-02
3.1571E-02
2.7779E-02
2.1151E-02
1.3651E-02
7.5212E-03
2.7713E-03
-1.8863E-04
-1.5458E-03
-2.2033E-03
-8.9287E-04
2.8453E-03
8.1605E-03
1.4222E-02
1.9550E-02
2.3759E-02
2.6001E-02
2.3719E-02
1.5615E-02
5.5154E-03
-2.2158E-03
-7.1582E-03
-8.1460E-03
-5.5243E-03
1.8636E-04
7.8217E-03
1.4361E-02
2.0965E-02
2.5197E-02
2.4484E-02
2.0540E-02
1.3402E-02
6.7879E-03
2.8446E-03
1.0666E-03
2.3259E-03
6.0126E-03
1.2109E-02
1.7522E-02
1.9021E-02
1.8626E-02
1.7091E-02
1.1625E-02
2.2536E-03
-8.0609E-03
-1.9188E-02
-3.0152E-02
-3.9692E-02
-4.6885E-02
-4.9398E-02
-4.9971E-02
-4.9744E-02
-4.6851E-02
-4.4003E-02
-4.3605E-02
-4.4666E-02
-4.5581E-02
-4.8140E-02
-5.2363E-02
-5.5058E-02
-5.4681E-02
-4.7794E-02
-3.6126E-02
-2.6022E-02
-1.7318E-02
-1.0232E-02
-7.2814E-03
-7.3390E-03
-9.7753E-03
-1.5726E-02
-2.3406E-02
-2.9296E-02
-3.2377E-02
-3.2514E-02
-2.8667E-02
-2.1645E-02
-1.3379E-02
-5.8310E-03
-1.7601E-03
8.0077E-04
5.0312E-03
6.8368E-03
5.1263E-03
2.7629E-03
-1.8673E-03
-7.0721E-03
-1.0684E-02
-1.4713E-02
-1.8809E-02
-2.2324E-02
-2.5314E-02
-2.7176E-02
-2.6798E-02
-2.4134E-02
-2.0516E-02
-1.7347E-02
-1.5843E-02
-1.4177E-02
-1.3369E-02
-1.5192E-02
-1.5976E-02
-1.5420E-02
-1.5015E-02
-1.3959E-02
-1.2979E-02
-1.3553E-02
-1.5820E-02
-1.9846E-02
-2.5707E-02
-3.2915E-02
-4.0996E-02
-4.6538E-02
-4.8183E-02
-4.7424E-02
-4.2200E-02
-3.4087E-02
-2.7304E-02
-2.0711E-02
-1.2016E-02
-3.6139E-03
1.8191E-03
6.6727E-03
1.0551E-02
1.2198E-02
1.4018E-02
1.4941E-02
1.5010E-02
1.6036E-02
1.6639E-02
1.7926E-02
2.1594E-02
2.4821E-02
2.5760E-02
2.5140E-02
2.3990E-02
2.2729E-02
1.9310E-02
1.3763E-02
8.0775E-03
2.8418E-03
9.9118E-05
7.4763E-04
3.5274E-03
8.6067E-03
1.5988E-02
2.3076E-02
2.7259E-02
2.8611E-02
2.7500E-02
2.3370E-02
1.7993E-02
1.4587E-02
1.4900E-02
1.9252E-02
2.4845E-02
2.9945E-02
3.5056E-02
3.8193E-02
3.9272E-02
3.9713E-02
3.8614E-02
3.4661E-02
2.8290E-02
2.3146E-02
2.1241E-02
2.1336E-02
2.3930E-02
2.6892E-02
2.7370E-02
2.8129E-02
2.7764E-02
2.2537E-02
1.3209E-02
1.8025E-03
-9.0710E-03
-1.9534E-02
-2.9203E-02
-3.6039E-02
-4.0324E-02
-4.2597E-02
-4.1729E-02
-3.6346E-02
-2.9606E-02
-2.5110E-02
-2.3167E-02
-2.3925E-02
-2.5798E-02
-2.7980E-02
-3.0316E-02
-3.0712E-02
-2.9571E-02
-2.8690E-02
-2.8653E-02
-2.9372E-02
-3.0441E-02
-3.3732E-02
-4.0023E-02
-4.6794E-02
-5.5073E-02
-6.5249E-02
-7.3336E-02
-7.9981E-02
-8.4671E-02
-8.4853E-02
-8.2102E-02
-7.4951E-02
-6.5086E-02
-5.7298E-02
-5.0797E-02
-4.4749E-02
-3.9545E-02
-3.7559E-02
-4.0470E-02
-4.4860E-02
-4.8129E-02
-4.9577E-02
-4.8193E-02
-4.3933E-02
-3.8137E-02
-3.3067E-02
-2.8627E-02
-2.4216E-02
-2.0702E-02
-1.7586E-02
-1.5494E-02
-1.3310E-02
-9.8897E-03
-8.8847E-03
-1.0024E-02
-1.1419E-02
-1.3475E-02
-1.3790E-02
-1.3408E-02
-1.4463E-02
-1.3507E-02
-1.0619E-02
-6.7963E-03
-1.2663E-03
2.2936E-03
3.0656E-03
1.8882E-03
-4.2634E-03
-1.4859E-02
-2.5393E-02
-3.2882E-02
-3.6185E-02
-3.4353E-02
-2.7335E-02
-1.6963E-02
-4.9351E-03
6.0301E-03
1.4291E-02
2.0659E-02
2.2236E-02
1.7051E-02
8.1650E-03
-2.2826E-03
-1.2974E-02
-1.9737E-02
-2.0673E-02
-1.7363E-02
-8.2834E-03
3.3585E-03
1.1077E-02
1.5469E-02
1.7653E-02
1.6891E-02
1.2835E-02
6.6840E-03
8.8348E-04
-2.9517E-03
-2.5749E-03
2.3928E-03
1.0878E-02
2.2399E-02
3.3946E-02
4.3963E-02
5.1659E-02
5.3226E-02
4.9544E-02
4.3169E-02
3.4581E-02
2.6065E-02
1.9513E-02
1.6846E-02
1.6593E-02
1.6456E-02
1.8115E-02
2.0735E-02
2.3290E-02
2.5211E-02
2.4240E-02
2.0458E-02
1.3935E-02
4.9488E-03
-3.4371E-03
-8.7278E-03
-1.1926E-02
-1.5188E-02
-1.7345E-02
-1.6625E-02
-1.4377E-02
-1.1611E-02
-8.6362E-03
-7.2940E-03
-8.5019E-03
-1.0872E-02
-1.2833E-02
-1.5046E-02
-1.7835E-02
-1.9012E-02
-1.9076E-02
-1.8730E-02
-1.6122E-02
-1.2837E-02
-1.0048E-02
-5.7956E-03
-7.6181E-04
2.0249E-03
2.3763E-03
3.3437E-03
4.3544E-03
3.9482E-03
3.4453E-03
2.6443E-03
3.3329E-03
6.3892E-03
7.5732E-03
5.5474E-03
2.3613E-03
-1.6634E-03
-6.5619E-03
-1.1589E-02
-1.4610E-02
-1.2842E-02
-6.5335E-03
2.6629E-03
1.2492E-02
2.2347E-02
3.2603E-02
3.9574E-02
4.1727E-02
3.8931E-02
3.0799E-02
1.9319E-02
7.7305E-03
2.8103E-04
-3.4489E-03
-3.2166E-03
1.1671E-03
4.5369E-03
5.3194E-03
3.9076E-03
1.5070E-03
-1.4028E-03
-6.0328E-03
-1.0503E-02
-1.4019E-02
-1.5907E-02
-1.5242E-02
-1.2525E-02
-7.4199E-03
-1.1568E-03
4.2462E-03
7.7527E-03
9.7891E-03
9.7033E-03
4.8703E-03
-2.4710E-03
-8.8237E-03
-1.3421E-02
-1.4989E-02
-1.3807E-02
-1.0484E-02
-4.9035E-03
1.4280E-03
6.0146E-03
9.0505E-03
1.1464E-02
1.2024E-02
1.2148E-02
1.2651E-02
1.3134E-02
1.5410E-02
1.8903E-02
2.2242E-02
2.5517E-02
2.8144E-02
2.8764E-02
2.7164E-02
2.4515E-02
2.2524E-02
2.2195E-02
2.3232E-02
2.5264E-02
2.5519E-02
2.2982E-02
1.8770E-02
1.3724E-02
9.9821E-03
5.5968E-03
1.4546E-03
1.2818E-03
2.4856E-03
3.9905E-03
7.3437E-03
1.0220E-02
1.0530E-02
1.1281E-02
1.2987E-02
1.2385E-02
1.1027E-02
1.2223E-02
1.4743E-02
1.7082E-02
2.1431E-02
2.6089E-02
2.7325E-02
2.8359E-02
3.1882E-02
3.5985E-02
3.9834E-02
4.2264E-02
4.2751E-02
4.2669E-02
3.9552E-02
3.3636E-02
2.9689E-02
2.6836E-02
2.4555E-02
2.3905E-02
2.3898E-02
2.5693E-02
2.8153E-02
2.9095E-02
2.8904E-02
2.6712E-02
2.2304E-02
1.7167E-02
1.2088E-02
8.1232E-03
5.2258E-03
2.1987E-03
2.7500E-04
3.9732E-05
1.2516E-03
4.2872E-03
7.2791E-03
9.7175E-03
1.0934E-02
9.2744E-03
8.1777E-03
8.9829E-03
8.4144E-03
6.4129E-03
5.4758E-03
7.2310E-03
8.5103E-03
6.6627E-03
5.5272E-03
6.1502E-03
6.1672E-03
5.3297E-03
4.5771E-03
5.6971E-03
8.7034E-03
1.2220E-02
1.5379E-02
1.8028E-02
2.1779E-02
2.6839E-02
3.0564E-02
3.2701E-02
3.5428E-02
3.6167E-02
3.3533E-02
3.2202E-02
3.2371E-02
3.2251E-02
3.2339E-02
3.1144E-02
2.8426E-02
2.6512E-02
2.6482E-02
2.6309E-02
2.4936E-02
2.4044E-02
2.3504E-02
2.2258E-02
2.0807E-02
2.0279E-02
2.0744E-02
2.0875E-02
2.1092E-02
2.2628E-02
2.4759E-02
2.6173E-02
2.6723E-02
2.7346E-02
2.6986E-02
2.5444E-02
2.4707E-02
2.3478E-02
2.1000E-02
1.8398E-02
1.6001E-02
1.4296E-02
1.3274E-02
1.2334E-02
1.0506E-02
9.3864E-03
9.4610E-03
1.0391E-02
1.2426E-02
1.0208E-02
3.8222E-03
-2.2027E-03
-9.2468E-03
-1.7461E-02
-2.5426E-02
-3.1486E-02
-3.4748E-02
-3.6002E-02
-3.5791E-02
-3.4504E-02
-3.1525E-02
-2.9343E-02
-3.0328E-02
-3.0503E-02
-2.6846E-02
-2.0174E-02
-1.1774E-02
-2.7048E-03
6.9897E-03
1.6707E-02
2.4975E-02
3.0971E-02
3.3934E-02
3.4322E-02
3.3504E-02
3.0774E-02
2.5449E-02
1.8466E-02
1.1406E-02
6.0737E-03
1.1647E-03
-4.9351E-03
-1.0501E-02
-1.4067E-02
-1.6708E-02
-1.9835E-02
-2.2007E-02
-2.2400E-02
-2.1986E-02
-2.1348E-02
-2.0040E-02
-1.6542E-02
-1.2098E-02
-7.8931E-03
-3.3062E-03
8.1135E-04
2.7733E-03
2.4357E-03
1.8664E-03
1.2886E-03
4.5890E-04
3.5426E-04
2.0066E-03
4.6675E-03
5.4187E-03
6.4491E-03
8.8062E-03
9.0793E-03
9.6792E-03
1.1163E-02
9.6039E-03
5.6579E-03
1.3219E-03
-3.7373E-03
-1.0546E-02
-1.6741E-02
-2.0407E-02
-2.4045E-02
-2.6106E-02
-2.5080E-02
-2.3626E-02
-2.0564E-02
-1.4908E-02
-8.9496E-03
-3.3411E-03
1.0477E-03
2.6955E-03
2.0849E-03
1.1172E-03
5.2268E-04
-1.1964E-03
-4.1599E-03
-7.4868E-03
-1.0518E-02
-1.3020E-02
-1.5461E-02
-1.5680E-02
-1.3868E-02
-1.3633E-02
-1.6223E-02
-2.0723E-02
-2.4681E-02
-2.7752E-02
-3.0967E-02
-3.1961E-02
-2.9145E-02
-2.5176E-02
-2.1307E-02
-1.6548E-02
-1.1965E-02
-9.0426E-03
-8.4779E-03
-1.0132E-02
-1.4009E-02
-1.9723E-02
-2.3615E-02
-2.2938E-02
-2.0228E-02
-1.9304E-02
-1.9481E-02
-2.0221E-02
-2.4738E-02
-3.2244E-02
-3.9480E-02
-4.5944E-02
-5.1422E-02
-5.6041E-02
-5.8959E-02
-5.9198E-02
-5.7334E-02
-5.2784E-02
-4.6972E-02
-4.1197E-02
-3.5664E-02
-3.2182E-02
-2.8569E-02
-2.5025E-02
-2.5132E-02
-2.7085E-02
-2.9714E-02
-3.4160E-02
-3.8390E-02
-4.0181E-02
-3.9741E-02
-3.6384E-02
-3.0669E-02
-2.4692E-02
-1.9181E-02
-1.6723E-02
-1.8662E-02
-2.4055E-02
-3.1733E-02
-3.8784E-02
-4.4823E-02
-4.9650E-02
-5.2322E-02
-5.4003E-02
-5.2593E-02
-4.6682E-02
-3.8650E-02
-3.1335E-02
-2.7909E-02
-2.8613E-02
-3.2262E-02
-3.8165E-02
-4.4581E-02
-4.9359E-02
-5.0593E-02
-4.8447E-02
-4.4554E-02
-4.0330E-02
-3.6076E-02
-3.1520E-02
-2.7353E-02
-2.4763E-02
-2.4935E-02
-2.7773E-02
-3.2039E-02
-3.7038E-02
-4.1721E-02
-4.4572E-02
-4.4735E-02
-4.2389E-02
-3.9658E-02
-3.6927E-02
-3.1263E-02
-2.4111E-02
-1.9854E-02
-1.7429E-02
-1.5070E-02
-1.4770E-02
-1.6926E-02
-2.0482E-02
-2.3925E-02
-2.5035E-02
-2.3755E-02
-2.1197E-02
-1.7821E-02
-1.3326E-02
-8.3398E-03
-4.8954E-03
-2.9834E-03
-9.3017E-04
1.5332E-03
3.3223E-03
3.5810E-03
2.7753E-03
1.1236E-03
-1.2067E-03
-4.1388E-03
-8.3423E-03
-1.0734E-02
-9.5074E-03
-7.2223E-03
-3.7398E-03
5.9929E-04
4.6189E-03
8.9194E-03
1.3713E-02
1.9425E-02
2.4429E-02
2.6442E-02
2.7707E-02
3.0268E-02
3.1616E-02
3.1051E-02
3.0527E-02
2.9593E-02
2.7644E-02
2.6350E-02
2.6521E-02
2.6252E-02
2.4305E-02
2.1678E-02
1.9670E-02
1.7804E-02
1.4068E-02
8.3536E-03
1.9228E-03
-3.5308E-03
-6.4517E-03
-8.1907E-03
-9.1612E-03
-8.1098E-03
-7.9605E-03
-1.1093E-02
-1.5846E-02
-2.1272E-02
-2.6126E-02
-2.9796E-02
-3.1647E-02
-2.8783E-02
-2.2574E-02
-1.4740E-02
-4.7034E-03
2.1274E-03
2.5579E-03
-8.1497E-04
-5.9474E-03
-1.0042E-02
-1.3099E-02
-1.5140E-02
-1.3440E-02
-8.2166E-03
-2.1121E-03
3.2755E-03
7.8466E-03
9.9883E-03
9.7935E-03
9.4235E-03
8.0328E-03
6.0586E-03
5.8246E-03
7.7135E-03
1.0340E-02
1.1859E-02
1.3351E-02
1.5933E-02
1.6467E-02
1.3590E-02
9.6136E-03
6.6353E-03
4.5271E-03
1.7848E-03
-1.0250E-03
-3.7683E-03
-6.3037E-03
-7.9583E-03
-1.0039E-02
-1.1900E-02
-1.3563E-02
-1.5427E-02
-1.5944E-02
-1.6487E-02
-1.7753E-02
-1.8414E-02
-1.7731E-02
-1.4820E-02
-1.1408E-02
-1.0038E-02
-9.3154E-03
-7.8159E-03
-6.1329E-03
-5.0079E-03
-5.6006E-03
-7.1870E-03
-9.4717E-03
-1.1632E-02
-1.2668E-02
-1.5092E-02
-1.7309E-02
-1.7345E-02
-1.6870E-02
-1.5444E-02
-1.3036E-02
-1.0987E-02
-9.3602E-03
-7.5716E-03
-6.4567E-03
-4.5570E-03
-1.2255E-03
2.1815E-03
7.6242E-03
1.3649E-02
1.9100E-02
2.5237E-02
2.9690E-02
3.2964E-02
3.8008E-02
4.4296E-02
4.9170E-02
5.2659E-02
5.6786E-02
6.1793E-02
6.6403E-02
6.7927E-02
6.6736E-02
6.5812E-02
6.4482E-02
6.1535E-02
5.6593E-02
5.0120E-02
4.4546E-02
3.8629E-02
3.2279E-02
2.8243E-02
2.4241E-02
2.0667E-02
2.0088E-02
2.1859E-02
2.6366E-02
3.1794E-02
3.5815E-02
3.8162E-02
3.8928E-02
3.8341E-02
3.7244E-02
3.8041E-02
3.9224E-02
3.9032E-02
3.9044E-02
3.9355E-02
3.9511E-02
3.7128E-02
3.3280E-02
2.9628E-02
2.3510E-02
1.7690E-02
1.3448E-02
9.5309E-03
8.2024E-03
9.7826E-03
1.3019E-02
1.4746E-02
1.4386E-02
1.4381E-02
1.3644E-02
1.1718E-02
1.0442E-02
9.4172E-03
6.3711E-03
2.1527E-03
-1.6131E-03
-4.7389E-03
-5.9561E-03
-6.1354E-03
-6.2118E-03
-4.3467E-03
-2.1764E-04
3.6654E-03
6.7601E-03
9.8174E-03
1.0800E-02
1.0184E-02
8.7739E-03
5.3178E-03
8.4550E-04
-3.6776E-03
-7.8900E-03
-1.1652E-02
-1.3002E-02
-1.0924E-02
-6.5543E-03
1.3177E-03
1.0326E-02
1.7083E-02
2.3214E-02
2.8478E-02
2.9498E-02
2.7259E-02
2.4987E-02
2.1653E-02
1.7388E-02
1.4770E-02
1.5184E-02
1.9330E-02
2.5527E-02
3.1875E-02
3.8608E-02
4.5084E-02
4.9729E-02
5.1651E-02
5.1180E-02
5.0197E-02
4.8261E-02
4.5230E-02
4.3886E-02
4.2378E-02
3.8720E-02
3.5331E-02
3.1317E-02
2.5006E-02
1.9076E-02
1.5073E-02
1.1782E-02
1.0023E-02
9.9019E-03
8.5490E-03
6.5557E-03
5.7341E-03
4.7239E-03
3.7653E-03
3.2214E-03
1.3868E-03
-7.7533E-04
-2.3672E-04
2.3570E-03
4.6575E-03
6.9322E-03
7.2199E-03
5.5233E-03
5.2431E-03
4.2716E-03
2.5034E-03
1.7771E-03
4.4322E-04
-6.5487E-04
-1.8364E-03
-3.7300E-03
-4.1721E-03
-3.0841E-03
-2.0612E-03
-2.6918E-03
-4.3425E-03
-4.8723E-03
-3.9792E-03
-2.2502E-03
-2.7017E-04
1.3564E-03
1.9294E-03
2.5807E-03
4.5342E-03
5.6178E-03
6.0829E-03
6.2599E-03
4.4222E-03
3.0472E-03
2.3607E-03
3.2632E-03
8.4770E-03
1.3231E-02
1.6626E-02
2.0957E-02
2.3469E-02
2.3482E-02
2.1210E-02
1.6614E-02
1.1204E-02
8.3302E-03
8.9316E-03
9.5267E-03
9.8519E-03
9.4250E-03
7.0765E-03
5.4135E-03
3.6724E-03
-3.4292E-04
-4.6934E-03
-9.0203E-03
-1.3367E-02
-1.5061E-02
-1.4269E-02
-1.1648E-02
-6.6620E-03
1.2264E-05
7.3035E-03
1.2880E-02
1.6024E-02
1.7401E-02
1.6674E-02
1.3006E-02
7.1463E-03
2.5052E-03
-4.1955E-04
-2.7223E-03
-2.9321E-03
2.2187E-04
5.0696E-03
8.9126E-03
1.2001E-02
1.3708E-02
1.1614E-02
6.5529E-03
4.8499E-04
-6.5917E-03
-1.2724E-02
-1.5706E-02
-1.8168E-02
-1.8554E-02
-1.4537E-02
-1.1171E-02
-8.9548E-03
-6.5814E-03
-6.7774E-03
-9.0975E-03
-1.1224E-02
-1.2780E-02
-1.4442E-02
-1.5078E-02
-1.3480E-02
-1.0027E-02
-4.2818E-03
2.2639E-03
7.0590E-03
9.7577E-03
8.1577E-03
2.2427E-03
-3.6583E-03
-8.6295E-03
-1.2877E-02
-1.5397E-02
-1.4513E-02
-1.0523E-02
-6.2770E-03
-1.4183E-03
2.9875E-03
5.2219E-03
6.3053E-03
6.4372E-03
5.3241E-03
3.0893E-03
9.6874E-04
-1.6414E-03
-4.4621E-03
-6.0409E-03
-6.9163E-03
-5.8697E-03
-3.1592E-03
-5.1927E-04
9.7142E-04
6.0174E-04
-2.0191E-05
-1.7948E-04
-1.7696E-04
-1.4277E-05
-6.0440E-04
-1.8371E-03
-2.0840E-03
-1.6386E-03
-2.4968E-03
-5.4683E-03
-1.0469E-02
-1.6556E-02
-2.2487E-02
-2.7976E-02
-3.3828E-02
-3.8538E-02
-3.8819E-02
-3.5610E-02
-3.2234E-02
-3.0191E-02
-2.7251E-02
-2.3545E-02
-2.3128E-02
-2.4776E-02
-2.7039E-02
-3.0533E-02
-3.4224E-02
-3.6772E-02
-3.7098E-02
-3.6771E-02
-3.5995E-02
-3.5068E-02
-3.6231E-02
-3.8254E-02
-4.0359E-02
-4.3638E-02
-4.6950E-02
-4.8643E-02
-4.8292E-02
-4.4641E-02
-3.7829E-02
-3.1139E-02
-2.6182E-02
-2.3165E-02
-2.3099E-02
-2.5718E-02
-3.0208E-02
-3.5702E-02
-4.0558E-02
-4.3307E-02
-4.3645E-02
-4.2292E-02
-3.8134E-02
-3.1510E-02
-2.5844E-02
-2.0725E-02
-1.6097E-02
-1.5450E-02
-1.8267E-02
-2.1245E-02
-2.3125E-02
-2.4167E-02
-2.4984E-02
-2.5237E-02
-2.4688E-02
-2.4142E-02
-2.3612E-02
-2.1470E-02
-1.7006E-02
-1.4411E-02
-1.5601E-02
-1.6202E-02
-1.5936E-02
-1.5770E-02
-1.2934E-02
-9.6376E-03
-8.2443E-03
-4.9466E-03
-1.8607E-03
-4.2984E-03
-9.9053E-03
-1.5317E-02
-1.9130E-02
-2.1747E-02
-2.4660E-02
-2.5918E-02
-2.3947E-02
-1.9493E-02
-1.3122E-02
-7.0327E-03
-3.1075E-03
2.8774E-04
2.1689E-03
8.1767E-04
-1.2970E-03
-3.4827E-03
-4.9313E-03
-6.3746E-03
-9.3767E-03
-1.0885E-02
-1.1124E-02
-1.1238E-02
-1.0730E-02
-1.0732E-02
-1.0857E-02
-1.1465E-02
-1.3557E-02
-1.6184E-02
-1.7861E-02
-1.8120E-02
-1.7044E-02
-1.4164E-02
-9.5586E-03
-4.5322E-03
-7.3493E-04
9.0853E-04
1.6744E-04
-1.9317E-03
-4.7574E-03
-8.2139E-03
-1.1255E-02
-1.4066E-02
-1.5054E-02
-1.3537E-02
-1.2112E-02
-1.0190E-02
-8.1223E-03
-7.9890E-03
-1.0287E-02
-1.4278E-02
-1.7712E-02
-2.0803E-02
-2.2537E-02
-2.1452E-02
-2.0042E-02
-1.7849E-02
-1.4175E-02
-9.5563E-03
-2.6013E-03
3.9724E-03
7.0545E-03
8.1063E-03
8.2541E-03
7.0537E-03
4.7025E-03
2.6902E-03
1.7219E-03
1.3536E-03
1.7282E-03
1.9062E-03
9.3480E-04
8.8640E-04
1.9771E-03
2.9467E-03
5.9064E-03
1.1096E-02
1.5116E-02
1.7044E-02
1.9422E-02
2.2551E-02
2.4226E-02
2.3135E-02
2.0106E-02
1.7814E-02
1.6921E-02
1.7536E-02
1.9147E-02
2.0015E-02
2.0459E-02
1.9490E-02
1.5905E-02
1.0807E-02
5.1487E-03
1.1173E-04
-3.0019E-03
-3.8354E-03
-2.9003E-03
-6.4643E-04
2.0642E-03
3.2734E-03
1.6165E-03
-2.6480E-03
-8.1812E-03
-1.2299E-02
-1.4078E-02
-1.5192E-02
-1.4443E-02
-1.1897E-02
-9.2690E-03
-5.7933E-03
-3.0033E-03
-2.1919E-03
-2.6470E-03
-2.8228E-03
-1.5706E-03
4.3224E-04
3.1117E-03
5.9639E-03
8.8219E-03
1.0309E-02
1.0335E-02
1.0544E-02
9.5396E-03
9.5242E-03
1.2202E-02
1.4775E-02
1.6824E-02
1.8512E-02
1.8280E-02
1.6324E-02
1.5649E-02
1.5401E-02
1.4168E-02
1.3995E-02
1.4196E-02
1.4129E-02
1.3198E-02
1.0633E-02
8.6082E-03
7.3678E-03
5.4128E-03
2.7184E-03
8.5422E-04
7.0658E-04
1.0607E-03
2.0223E-03
2.4729E-03
-1.5138E-03
-8.1761E-03
-1.2379E-02
-1.6939E-02
-2.5217E-02
-3.3317E-02
-3.9276E-02
-4.4046E-02
-4.6906E-02
-4.7250E-02
-4.4746E-02
-3.9693E-02
-3.4297E-02
-2.8816E-02
-2.3473E-02
-2.1108E-02
-2.1098E-02
-2.3237E-02
-2.8914E-02
-3.4558E-02
-3.7610E-02
-3.9127E-02
-3.7531E-02
-3.2889E-02
-2.9565E-02
-2.7317E-02
-2.4744E-02
-2.3761E-02
-2.4283E-02
-2.5131E-02
-2.5099E-02
-2.4980E-02
-2.5785E-02
-2.5271E-02
-2.2712E-02
-1.8710E-02
-1.4716E-02
-1.2282E-02
-8.6890E-03
-4.0203E-03
-1.4003E-03
9.4703E-04
3.2588E-03
4.4793E-03
5.9039E-03
7.7222E-03
1.1219E-02
1.6392E-02
2.1271E-02
2.5107E-02
2.8245E-02
3.0225E-02
2.8835E-02
2.5011E-02
2.0336E-02
1.4249E-02
9.2746E-03
8.0504E-03
8.8028E-03
1.0323E-02
1.2795E-02
1.4845E-02
1.7797E-02
2.1489E-02
2.2393E-02
2.1803E-02
2.1699E-02
2.1536E-02
2.1356E-02
2.0674E-02
1.9876E-02
2.0334E-02
2.1558E-02
2.2418E-02
2.2396E-02
2.1966E-02
2.1533E-02
1.9908E-02
1.8505E-02
1.8923E-02
1.9391E-02
2.0386E-02
2.2265E-02
2.3369E-02
2.3845E-02
2.3811E-02
2.3676E-02
2.2547E-02
1.8101E-02
1.2305E-02
7.8510E-03
5.6160E-03
4.8444E-03
4.1556E-03
5.7072E-03
7.6143E-03
6.1911E-03
4.3042E-03
1.6176E-03
-5.7834E-03
-1.4639E-02
-1.9786E-02
-2.3409E-02
-2.5955E-02
-2.4139E-02
-1.9502E-02
-1.4178E-02
-8.9330E-03
-4.6217E-03
-1.9309E-03
-7.3748E-04
-2.7496E-04
-1.2007E-03
-2.5507E-03
-2.7419E-03
-2.0304E-03
-1.2155E-03
-1.2044E-03
-1.1372E-03
-1.1233E-03
-4.1934E-03
-9.5558E-03
-1.3130E-02
-1.5320E-02
-1.7200E-02
-1.6756E-02
-1.3875E-02
-1.0764E-02
-9.3337E-03
-9.0134E-03
-9.1089E-03
-1.0889E-02
-1.3997E-02
-1.7514E-02
-2.0612E-02
-2.2008E-02
-2.1341E-02
-1.8746E-02
-1.6514E-02
-1.6436E-02
-1.7080E-02
-1.7081E-02
-1.6931E-02
-1.8098E-02
-1.9150E-02
-1.8660E-02
-1.8481E-02
-1.8080E-02
-1.7197E-02
-1.7831E-02
-1.8309E-02
-1.6997E-02
-1.5022E-02
-1.1300E-02
-5.9640E-03
-2.5123E-03
3.2486E-04
4.9768E-03
9.5767E-03
1.3844E-02
1.6956E-02
1.8133E-02
1.9386E-02
2.0584E-02
2.0813E-02
2.0545E-02
1.9985E-02
1.9036E-02
1.8620E-02
1.8729E-02
1.7851E-02
1.6705E-02
1.6715E-02
1.7488E-02
1.8231E-02
1.9491E-02
2.0399E-02
2.1034E-02
2.2868E-02
2.2145E-02
1.9785E-02
1.9516E-02
1.8263E-02
1.6333E-02
1.6242E-02
1.8015E-02
1.9832E-02
1.9579E-02
1.9588E-02
2.0857E-02
2.0996E-02
1.9357E-02
1.6073E-02
1.1999E-02
8.8695E-03
5.9508E-03
2.8673E-03
2.2453E-03
3.1257E-03
4.5974E-03
8.5786E-03
1.2009E-02
1.2864E-02
1.2303E-02
9.1881E-03
3.7597E-03
-1.5507E-03
-4.0251E-03
-4.0690E-03
-3.7862E-03
-2.6389E-03
-1.4442E-03
-1.8649E-03
-3.1885E-03
-4.4318E-03
-6.6048E-03
-1.1269E-02
-1.6791E-02
-1.9840E-02
-1.7931E-02
-1.3547E-02
-1.1780E-02
-8.3688E-03
-1.2332E-03
3.1327E-03
5.4351E-03
7.3890E-03
8.2204E-03
9.1205E-03
9.0856E-03
8.4166E-03
8.5728E-03
8.9875E-03
8.6109E-03
8.1009E-03
8.2907E-03
7.7115E-03
6.1488E-03
4.7574E-03
3.7651E-03
3.9072E-03
4.9886E-03
5.6720E-03
7.1848E-03
9.8078E-03
1.1838E-02
1.3377E-02
1.3912E-02
1.3733E-02
1.4025E-02
1.5062E-02
1.7332E-02
1.9194E-02
2.0269E-02
2.3011E-02
2.6094E-02
2.7241E-02
2.7560E-02
2.7318E-02
2.6062E-02
2.4704E-02
2.4213E-02
2.4530E-02
2.4815E-02
2.5768E-02
2.8007E-02
3.0599E-02
3.2752E-02
3.4032E-02
3.4221E-02
3.2667E-02
3.0594E-02
2.8029E-02
2.3973E-02
2.1640E-02
2.0761E-02
1.9339E-02
1.9259E-02
2.0759E-02
2.3181E-02
2.6419E-02
2.9931E-02
3.2939E-02
3.4293E-02
3.3084E-02
3.0588E-02
3.0392E-02
3.2746E-02
3.3755E-02
3.2563E-02
3.0944E-02
2.8506E-02
2.6256E-02
2.5574E-02
2.3872E-02
1.9996E-02
1.5517E-02
1.1631E-02
8.4724E-03
5.3853E-03
2.6045E-03
-2.0151E-04
-2.5449E-03
-1.7915E-03
2.3335E-03
5.3746E-03
5.3001E-03
6.3682E-03
8.6289E-03
9.6145E-03
8.9032E-03
6.0822E-03
4.5222E-03
4.5636E-03
3.6193E-03
3.0040E-03
3.3782E-03
3.6099E-03
2.9197E-03
1.3201E-03
-4.9647E-04
-1.4921E-03
-1.7223E-03
-2.2035E-03
-2.4528E-03
-1.0703E-03
7.3827E-04
1.0562E-03
1.7035E-03
2.8664E-03
2.5267E-03
8.6979E-04
-2.1812E-03
-6.5194E-03
-1.1123E-02
-1.4947E-02
-1.6636E-02
-1.4910E-02
-1.2388E-02
-1.2575E-02
-1.2682E-02
-1.2230E-02
-1.2888E-02
-1.3794E-02
-1.7352E-02
-2.2257E-02
-2.4987E-02
-2.5507E-02
-2.3444E-02
-2.0609E-02
-1.6941E-02
-1.0919E-02
-5.8669E-03
-3.5650E-03
-2.8040E-03
-3.8742E-03
-5.7621E-03
-7.0791E-03
-9.0918E-03
-1.1252E-02
-1.2059E-02
-1.2101E-02
-1.1306E-02
-9.0065E-03
-5.0522E-03
-1.4230E-03
-8.7205E-05
1.6751E-03
5.1084E-03
7.0922E-03
7.3280E-03
7.8466E-03
9.3211E-03
1.0238E-02
9.5898E-03
9.3078E-03
9.3760E-03
9.0335E-03
8.5713E-03
6.9867E-03
5.0255E-03
3.0874E-03
9.7185E-04
2.2949E-04
-8.5159E-04
-3.3912E-03
-5.2285E-03
-7.4279E-03
-9.6408E-03
-1.0991E-02
-1.2654E-02
-1.1885E-02
-9.9731E-03
-1.0050E-02
-1.0400E-02
-1.1624E-02
-1.3354E-02
-1.4227E-02
-1.4433E-02
-1.4268E-02
-1.4885E-02
-1.5323E-02
-1.5080E-02
-1.5085E-02
-1.5777E-02
-1.6912E-02
-1.6638E-02
-1.5251E-02
-1.4152E-02
-1.1606E-02
-7.4972E-03
-6.1346E-03
-8.2239E-03
-9.7157E-03
-9.0860E-03
-8.8180E-03
-1.0363E-02
-1.0337E-02
-8.5516E-03
-8.2707E-03
-7.5368E-03
-5.9448E-03
-6.2039E-03
-6.6274E-03
-5.7915E-03
-5.3068E-03
-4.4479E-03
-2.0064E-03
1.3035E-03
3.6922E-03
3.8513E-03
2.5761E-03
-1.7875E-03
-7.9692E-03
-1.1851E-02
-1.6918E-02
-2.2443E-02
-2.3604E-02
-2.2801E-02
-2.1818E-02
-2.1240E-02
-2.0136E-02
-1.6617E-02
-1.4497E-02
-1.4858E-02
-1.4256E-02
-1.3309E-02
-1.4251E-02
-1.6142E-02
-1.7105E-02
-1.8088E-02
-1.8951E-02
-1.7501E-02
-1.4400E-02
-1.0424E-02
-5.9833E-03
-2.9657E-03
-1.1714E-03
-1.1647E-04
-8.5203E-04
-1.5685E-03
-8.1225E-04
-1.0397E-03
-1.6633E-03
3.6413E-05
1.6301E-03
8.2949E-04
-5.2517E-04
-2.5772E-03
-5.1856E-03
-7.2166E-03
-9.9080E-03
-1.1765E-02
-1.2194E-02
-1.1549E-02
-7.5955E-03
-2.6975E-03
-3.5577E-04
3.3953E-04
1.1553E-03
1.7883E-03
1.5739E-03
1.2916E-03
2.6294E-03
4.4957E-03
4.2343E-03
4.7880E-03
5.6399E-03
3.6105E-03
1.9457E-03
1.0211E-03
-7.0486E-04
-2.1275E-03
-1.9141E-03
-6.9758E-04
6.7852E-04
3.2882E-03
5.2187E-03
6.3961E-03
8.4379E-03
1.0090E-02
1.2034E-02
1.3395E-02
1.3594E-02
1.5181E-02
1.6761E-02
1.6503E-02
1.7230E-02
1.9524E-02
1.9871E-02
1.8969E-02
1.9330E-02
1.9301E-02
1.7704E-02
1.4749E-02
1.0837E-02
8.2740E-03
7.8708E-03
6.7761E-03
4.8905E-03
5.6752E-03
6.6392E-03
5.1108E-03
4.6209E-03
3.4804E-03
1.1570E-04
-2.7097E-03
-5.9390E-03
-8.8745E-03
-1.0932E-02
-1.3077E-02
-1.3966E-02
-1.4226E-02
-1.4177E-02
-1.2238E-02
-8.4274E-03
-4.9163E-03
-2.9741E-03
-1.7582E-03
-1.8799E-03
-3.2356E-03
-5.4983E-03
-9.4504E-03
-1.3130E-02
-1.4359E-02
-1.1805E-02
-7.2809E-03
-3.4467E-03
2.0924E-03
8.9921E-03
1.3968E-02
1.6165E-02
1.6670E-02
1.6410E-02
1.4225E-02
1.1415E-02
8.8885E-03
6.2627E-03
5.4113E-03
5.6923E-03
6.2766E-03
7.3609E-03
9.1725E-03
1.1700E-02
1.3241E-02
1.3009E-02
1.0466E-02
8.0659E-03
8.0893E-03
8.4067E-03
8.1396E-03
8.7402E-03
1.1439E-02
1.4457E-02
1.7630E-02
2.0806E-02
2.1791E-02
2.2738E-02
2.3317E-02
2.2590E-02
2.2055E-02
1.9707E-02
1.5952E-02
1.2259E-02
9.0144E-03
8.1224E-03
7.8712E-03
7.1307E-03
7.3651E-03
8.1301E-03
9.3177E-03
8.9617E-03
7.5890E-03
8.5671E-03
9.2528E-03
8.7198E-03
8.7719E-03
8.4606E-03
7.7581E-03
6.5979E-03
5.5233E-03
5.4179E-03
4.7624E-03
2.9725E-03
1.5174E-03
6.1262E-04
-1.1827E-03
-4.6959E-03
-8.9610E-03
-1.2889E-02
-1.5342E-02
-1.4949E-02
-1.3234E-02
-9.9232E-03
-2.9923E-03
3.6585E-03
7.2239E-03
9.0511E-03
9.2256E-03
7.7335E-03
5.6201E-03
3.8071E-03
1.5187E-03
-2.6471E-04
6.3502E-04
2.2446E-03
3.5954E-03
6.2665E-03
9.3660E-03
1.1526E-02
1.2202E-02
1.2054E-02
1.1785E-02
1.1853E-02
1.3621E-02
1.4389E-02
1.3829E-02
1.5514E-02
1.7573E-02
1.9488E-02
2.2153E-02
2.4312E-02
2.5772E-02
2.6010E-02
2.5074E-02
2.2349E-02
1.8330E-02
1.4735E-02
1.1624E-02
9.1858E-03
6.2439E-03
4.7728E-03
6.7552E-03
8.0457E-03
8.4135E-03
8.7692E-03
8.0938E-03
8.7721E-03
9.3888E-03
7.6439E-03
5.5011E-03
3.2808E-03
1.8091E-03
1.9464E-03
3.0779E-03
5.4856E-03
8.7133E-03
1.2406E-02
1.5196E-02
1.5005E-02
1.2799E-02
1.0252E-02
6.4197E-03
1.5883E-03
-9.9018E-04
-1.3567E-03
-1.8804E-03
-2.3644E-03
-6.1808E-04
2.9566E-03
5.3564E-03
6.5637E-03
7.1709E-03
6.7445E-03
5.1490E-03
3.3617E-03
3.0560E-03
4.8631E-03
8.8245E-03
1.2307E-02
1.4481E-02
1.6134E-02
1.6069E-02
1.5194E-02
1.3341E-02
1.0856E-02
8.7644E-03
5.5121E-03
2.0210E-03
2.0141E-04
5.9789E-04
2.0174E-03
1.8943E-03
9.8558E-04
8.8556E-04
7.7687E-04
2.1691E-05
-2.0301E-03
-5.0022E-03
-6.9569E-03
-8.2885E-03
-1.0453E-02
-1.2625E-02
-1.3313E-02
-1.2299E-02
-1.2192E-02
-1.4850E-02
-1.7646E-02
-1.9771E-02
-2.1999E-02
-2.3871E-02
-2.4857E-02
-2.2555E-02
-1.9019E-02
-1.7513E-02
-1.5678E-02
-1.3906E-02
-1.3905E-02
-1.3862E-02
-1.3272E-02
-1.3317E-02
-1.4045E-02
-1.4830E-02
-1.4542E-02
-1.3004E-02
-1.1044E-02
-7.9549E-03
-5.5549E-03
-6.5242E-03
-8.0576E-03
-8.7416E-03
-1.0718E-02
-1.2757E-02
-1.3630E-02
-1.5242E-02
-1.7299E-02
-1.7015E-02
-1.4384E-02
-1.2430E-02
-1.1698E-02
-1.1085E-02
-1.1355E-02
-1.1804E-02
-1.2246E-02
-1.4363E-02
-1.6203E-02
-1.5734E-02
-1.4056E-02
-1.1242E-02
-8.1334E-03
-6.1117E-03
-3.9426E-03
-2.3483E-03
-3.0631E-03
-5.2899E-03
-8.3034E-03
-1.1296E-02
-1.4487E-02
-1.7824E-02
-1.8647E-02
-1.6623E-02
-1.3129E-02
-9.9668E-03
-8.1204E-03
-5.0506E-03
-1.5151E-03
-1.7801E-04
-4.9942E-04
-5.6482E-04
1.1445E-03
1.8994E-03
6.2806E-04
1.2092E-03
4.3493E-03
7.6019E-03
9.8609E-03
1.1329E-02
1.1453E-02
1.1617E-02
1.3085E-02
1.2951E-02
1.2150E-02
1.3355E-02
1.4069E-02
1.3335E-02
1.3492E-02
1.5378E-02
1.7352E-02
1.8278E-02
1.9173E-02
1.9691E-02
1.8682E-02
1.7859E-02
1.8216E-02
1.7077E-02
1.3618E-02
1.0020E-02
7.0872E-03
5.0119E-03
2.7964E-03
5.6014E-04
4.9858E-04
1.5519E-03
3.3930E-03
5.5441E-03
6.5023E-03
8.0726E-03
9.4206E-03
9.0895E-03
7.8666E-03
6.0126E-03
5.2172E-03
5.3413E-03
5.1956E-03
5.3214E-03
3.5308E-03
4.6816E-04
6.2064E-04
1.7656E-03
1.8587E-03
2.2461E-03
1.5558E-03
8.1456E-04
1.1294E-03
5.1367E-04
-1.5868E-03
-3.1011E-03
-3.4203E-03
-3.4411E-03
-1.4688E-03
1.3869E-03
2.9554E-03
3.4940E-03
2.8514E-03
3.4701E-03
4.4560E-03
2.9514E-03
1.6203E-03
1.1973E-03
-1.3609E-05
-1.8104E-03
-3.8891E-03
-6.1042E-03
-8.3836E-03
-1.0200E-02
-1.0441E-02
-1.0062E-02
-1.0081E-02
-9.3571E-03
-8.7890E-03
-9.0902E-03
-9.1924E-03
-8.9030E-03
-7.8630E-03
-7.2795E-03
-6.8864E-03
-4.8593E-03
-2.6834E-03
-1.5588E-03
-5.9365E-04
1.0121E-03
2.2809E-03
3.2756E-03
4.7932E-03
5.6688E-03
6.5071E-03
7.8819E-03
8.6944E-03
8.6398E-03
8.4102E-03
8.1396E-03
7.1694E-03
6.3141E-03
6.3271E-03
6.6640E-03
6.4032E-03
6.1447E-03
6.3543E-03
5.5089E-03
5.2955E-03
7.1707E-03
9.0012E-03
1.0537E-02
1.2362E-02
1.4176E-02
1.4987E-02
1.4306E-02
1.3358E-02
1.1032E-02
5.7616E-03
5.8946E-04
-1.3594E-03
-2.1333E-03
-4.2518E-03
-6.1201E-03
-6.9644E-03
-8.4781E-03
-9.5655E-03
-9.7116E-03
-1.0494E-02
-1.0263E-02
-1.0041E-02
-9.8195E-03
-5.9940E-03
-2.1429E-03
-5.6710E-05
2.6749E-03
4.9915E-03
6.5929E-03
7.4758E-03
6.6353E-03
4.8115E-03
3.4463E-03
1.1004E-03
-2.2568E-03
-3.9887E-03
-4.9265E-03
-6.0547E-03
-5.4898E-03
-3.4088E-03
-2.3207E-03
-1.8209E-03
-1.6482E-03
-2.5183E-03
-2.8138E-03
-2.6997E-03
-3.2658E-03
-5.1413E-03
-6.9813E-03
-6.1730E-03
-4.7360E-03
-3.4835E-03
-1.1436E-03
7.8567E-04
2.6320E-03
4.0969E-03
3.8757E-03
2.6485E-03
3.3950E-04
-1.5829E-03
-3.6538E-03
-5.5795E-03
-4.6876E-03
-5.6208E-03
-8.6525E-03
-9.9829E-03
-1.1718E-02
-1.2813E-02
-1.2627E-02
-1.3415E-02
-1.4812E-02
-1.5395E-02
-1.5502E-02
-1.7277E-02
-1.8754E-02
-1.7027E-02
-1.4609E-02
-1.3209E-02
-1.1094E-02
-8.0550E-03
-5.4330E-03
-3.5006E-03
-1.5738E-03
7.0693E-04
2.6367E-03
4.3934E-03
5.9844E-03
6.4384E-03
7.4908E-03
9.5549E-03
8.8983E-03
6.3142E-03
5.7795E-03
4.5281E-03
1.5992E-03
5.7719E-04
-4.8789E-04
-1.1274E-03
8.4513E-04
3.7360E-03
6.9171E-03
8.3585E-03
7.7686E-03
5.6171E-03
1.6600E-03
-2.1277E-03
-5.6331E-03
-7.5392E-03
-6.8274E-03
-4.9869E-03
-1.6804E-03
2.0115E-03
3.5818E-03
2.9609E-03
1.5194E-03
-1.0780E-03
-5.2325E-03
-9.3133E-03
-1.3166E-02
-1.6030E-02
-1.4898E-02
-1.0804E-02
-7.1514E-03
-3.5866E-03
7.5074E-04
3.1233E-03
1.8843E-03
-1.7771E-04
-2.9797E-03
-8.7226E-03
-1.2267E-02
-1.0480E-02
-7.8827E-03
-5.6240E-03
-3.0256E-03
1.3155E-04
1.9446E-03
9.9811E-04
-8.8876E-04
-3.8971E-03
-5.6835E-03
-6.9019E-03
-9.1313E-03
-9.4939E-03
-9.8208E-03
-1.0042E-02
-9.0912E-03
-8.5802E-03
-7.9823E-03
-7.4300E-03
-7.5891E-03
-7.9989E-03
-9.3316E-03
-1.2840E-02
-1.6104E-02
-1.8890E-02
-2.2570E-02
-2.3954E-02
-2.3014E-02
-2.1760E-02
-2.0307E-02
-1.8659E-02
-1.7048E-02
-1.7163E-02
-1.9064E-02
-2.1777E-02
-2.5555E-02
-2.8528E-02
-2.8856E-02
-2.8547E-02
-2.8713E-02
-2.8392E-02
-2.7601E-02
-2.6123E-02
-2.5346E-02
-2.6644E-02
-2.7359E-02
-2.6354E-02
-2.4737E-02
-2.2442E-02
-2.1837E-02
-2.4083E-02
-2.5512E-02
-2.4021E-02
-2.2424E-02
-2.3658E-02
-2.3790E-02
-2.1172E-02
-2.0619E-02
-1.9991E-02
-1.7311E-02
-1.6584E-02
-1.7728E-02
-1.8411E-02
-1.7959E-02
-1.6869E-02
-1.6197E-02
-1.6357E-02
-1.5928E-02
-1.5721E-02
-1.8459E-02
-2.1210E-02
-2.1602E-02
-2.0326E-02
-1.7944E-02
-1.6145E-02
-1.3349E-02
-9.3517E-03
-5.5962E-03
-8.0302E-04
2.4252E-03
3.0174E-03
3.3186E-03
1.6832E-03
-9.2409E-04
-1.7219E-03
-1.8614E-03
-1.5328E-03
-5.6835E-04
5.2851E-04
2.4631E-03
4.9747E-03
6.9191E-03
8.1502E-03
8.9224E-03
9.8398E-03
1.1155E-02
1.0756E-02
9.6070E-03
1.0877E-02
1.2373E-02
1.3341E-02
1.4152E-02
1.2425E-02
1.0611E-02
1.0567E-02
9.5774E-03
7.2092E-03
4.8583E-03
4.0758E-03
4.2906E-03
3.8552E-03
4.0079E-03
5.4990E-03
7.9101E-03
9.6005E-03
9.3930E-03
8.9942E-03
6.3875E-03
-2.4802E-04
-7.0173E-03
-1.2014E-02
-1.5988E-02
-1.8084E-02
-1.9369E-02
-2.1996E-02
-2.2869E-02
-2.1530E-02
-2.2090E-02
-2.3019E-02
-2.3204E-02
-2.4688E-02
-2.5226E-02
-2.2784E-02
-2.0653E-02
-2.0028E-02
-1.7830E-02
-1.4390E-02
-1.1910E-02
-1.0355E-02
-8.9678E-03
-8.1319E-03
-8.9718E-03
-1.0308E-02
-1.1274E-02
-1.3348E-02
-1.5781E-02