7.2010E+03
5.0000E-03
8.1147E-04
1.6634E-03
2.7111E-03
3.1842E-03
2.9707E-03
1.9694E-03
2.0726E-04
-1.7543E-03
-3.0832E-03
-3.5012E-03
-3.4083E-03
-3.1139E-03
-2.7996E-03
-2.7749E-03
-3.3320E-03
-4.5144E-03
-6.0023E-03
-7.2226E-03
-7.6796E-03
-7.2417E-03
-6.0645E-03
-4.6356E-03
-3.5771E-03
-3.2582E-03
-3.6866E-03
-4.4834E-03
-5.1519E-03
-5.2337E-03
-4.4190E-03
-2.9217E-03
-1.1238E-03
5.9223E-04
2.0475E-03
3.4581E-03
5.0646E-03
6.8299E-03
8.7180E-03
1.0347E-02
1.1054E-02
1.0236E-02
7.8852E-03
4.6195E-03
1.0315E-03
-2.2112E-03
-4.6734E-03
-6.1739E-03
-6.6966E-03
-6.6219E-03
-6.4402E-03
-6.4924E-03
-6.5776E-03
-6.4150E-03
-5.9184E-03
-4.9449E-03
-3.4474E-03
-1.6114E-03
-9.5865E-05
3.7104E-04
-4.2052E-04
-1.9469E-03
-3.4099E-03
-3.8532E-03
-2.4906E-03
4.9595E-04
4.1341E-03
7.1502E-03
8.7065E-03
8.6831E-03
7.4816E-03
5.6735E-03
4.0878E-03
3.2624E-03
2.8712E-03
2.1346E-03
8.3102E-04
-8.8400E-04
-2.8129E-03
-4.5688E-03
-5.8450E-03
-6.6263E-03
-6.7211E-03
-6.1650E-03
-5.3488E-03
-4.7709E-03
-4.8376E-03
-5.7102E-03
-6.9803E-03
-7.6732E-03
-7.2350E-03
-5.8749E-03
-4.3444E-03
-3.2783E-03
-2.6574E-03
-2.2203E-03
-2.0845E-03
-2.2442E-03
-2.3279E-03
-1.7030E-03
-1.0216E-04
1.9220E-03
3.3828E-03
3.4302E-03
2.0082E-03
-5.8685E-04
-3.5338E-03
-5.6734E-03
-6.1097E-03
-4.4161E-03
-1.0124E-03
3.0250E-03
6.3183E-03
7.4614E-03
6.0788E-03
2.9554E-03
-8.1092E-04
-4.3355E-03
-7.1829E-03
-9.0718E-03
-9.7358E-03
-9.2445E-03
-8.1753E-03
-7.2730E-03
-6.7651E-03
-6.1809E-03
-5.1614E-03
-4.0886E-03
-3.0528E-03
-1.7015E-03
-9.7886E-05
1.2301E-03
1.7542E-03
1.4121E-03
5.2804E-04
-5.0934E-04
-1.7416E-03
-3.5650E-03
-5.9651E-03
-8.4524E-03
-1.0347E-02
-1.1058E-02
-1.0310E-02
-8.2542E-03
-5.5986E-03
-3.0334E-03
-8.2540E-04
7.6102E-04
1.5402E-03
1.4484E-03
8.3054E-04
2.7527E-04
-1.7755E-04
-7.5278E-04
-1.5154E-03
-2.0825E-03
-1.7750E-03
-2.3169E-04
2.4123E-03
5.5615E-03
8.3215E-03
1.0143E-02
1.0962E-02
1.0547E-02
8.8274E-03
6.4165E-03
4.3488E-03
3.5351E-03
4.0906E-03
5.5340E-03
7.2800E-03
8.6463E-03
8.7657E-03
7.2260E-03
4.5542E-03
1.9382E-03
4.9842E-04
4.1598E-04
8.4876E-04
1.3918E-03
2.2172E-03
3.1330E-03
3.8106E-03
4.0032E-03
3.3918E-03
2.0644E-03
7.0599E-04
-6.2643E-05
1.2716E-04
1.4193E-03
3.6507E-03
6.6445E-03
1.0251E-02
1.4018E-02
1.6897E-02
1.7718E-02
1.6222E-02
1.3320E-02
1.0396E-02
8.5848E-03
8.4863E-03
1.0335E-02
1.3623E-02
1.6995E-02
1.8501E-02
1.6964E-02
1.2925E-02
7.9930E-03
4.0071E-03
2.4740E-03
3.7668E-03
6.7098E-03
9.2963E-03
1.0071E-02
8.6471E-03
5.6435E-03
2.6923E-03
1.4015E-03
2.4659E-03
5.4061E-03
8.9296E-03
1.1499E-02
1.2324E-02
1.1423E-02
9.4921E-03
7.6231E-03
6.7123E-03
7.0432E-03
8.3564E-03
9.8814E-03
1.0697E-02
1.0335E-02
8.8053E-03
6.7236E-03
4.8034E-03
3.6667E-03
3.9381E-03
5.6341E-03
8.2140E-03
1.0917E-02
1.3242E-02
1.5002E-02
1.6651E-02
1.8660E-02
2.0957E-02
2.3455E-02
2.5992E-02
2.8146E-02
2.9638E-02
3.0699E-02
3.1670E-02
3.2509E-02
3.3071E-02
3.3436E-02
3.3444E-02
3.2604E-02
3.0609E-02
2.7539E-02
2.3808E-02
2.0024E-02
1.7249E-02
1.6423E-02
1.7495E-02
1.9489E-02
2.1068E-02
2.1395E-02
2.0459E-02
1.8563E-02
1.6267E-02
1.4303E-02
1.3251E-02
1.3291E-02
1.4425E-02
1.6444E-02
1.8454E-02
1.9245E-02
1.7982E-02
1.4652E-02
1.0229E-02
6.1117E-03
3.4026E-03
2.3829E-03
2.5498E-03
3.0824E-03
3.1889E-03
2.6391E-03
1.6064E-03
5.0921E-04
-3.8957E-04
-8.6676E-04
-5.0776E-04
9.9720E-04
3.4562E-03
6.2460E-03
8.4898E-03
9.8054E-03
1.0497E-02
1.1037E-02
1.1679E-02
1.2157E-02
1.1877E-02
1.0612E-02
8.5551E-03
6.1842E-03
3.7539E-03
1.3248E-03
-8.4955E-04
-2.1884E-03
-2.3117E-03
-1.5713E-03
-7.0235E-04
-1.0014E-04
4.0835E-04
9.0988E-04
1.1253E-03
9.4840E-04
5.5595E-04
2.5655E-04
1.6993E-04
3.0322E-04
9.0962E-04
2.3793E-03
4.5291E-03
6.3905E-03
7.1857E-03
7.2073E-03
6.8861E-03
6.6838E-03
7.1393E-03
8.2980E-03
1.0294E-02
1.3076E-02
1.6148E-02
1.8669E-02
2.0030E-02
2.0559E-02
2.0909E-02
2.1292E-02
2.1782E-02
2.2608E-02
2.3853E-02
2.5160E-02
2.5862E-02
2.5306E-02
2.3383E-02
2.0740E-02
1.7669E-02
1.3892E-02
9.6702E-03
5.9903E-03
3.6092E-03
2.2603E-03
1.1596E-03
-1.9856E-04
-1.8431E-03
-3.6869E-03
-5.7800E-03
-8.1711E-03
-1.0676E-02
-1.3125E-02
-1.5848E-02
-1.8901E-02
-2.1849E-02
-2.4231E-02
-2.5874E-02
-2.6521E-02
-2.5796E-02
-2.3612E-02
-2.0176E-02
-1.5892E-02
-1.1116E-02
-6.2323E-03
-2.1554E-03
-7.9815E-05
-2.1755E-04
-1.8474E-03
-4.1778E-03
-7.0059E-03
-1.0392E-02
-1.3861E-02
-1.6767E-02
-1.8665E-02
-1.9387E-02
-1.9066E-02
-1.8260E-02
-1.7462E-02
-1.6559E-02
-1.5210E-02
-1.3769E-02
-1.3241E-02
-1.4195E-02
-1.6080E-02
-1.7740E-02
-1.8442E-02
-1.8427E-02
-1.8239E-02
-1.7862E-02
-1.6908E-02
-1.5617E-02
-1.4559E-02
-1.3876E-02
-1.3142E-02
-1.1785E-02
-9.8427E-03
-8.1650E-03
-7.2238E-03
-6.5080E-03
-6.3068E-03
-7.4706E-03
-9.9704E-03
-1.3231E-02
-1.6705E-02
-2.0112E-02
-2.3516E-02
-2.6361E-02
-2.7976E-02
-2.8776E-02
-2.9537E-02
-3.0447E-02
-3.1399E-02
-3.2303E-02
-3.3101E-02
-3.3570E-02
-3.3631E-02
-3.3640E-02
-3.3716E-02
-3.3401E-02
-3.2413E-02
-3.0854E-02
-2.8988E-02
-2.6989E-02
-2.5021E-02
-2.3121E-02
-2.1312E-02
-1.9857E-02
-1.9154E-02
-1.9190E-02
-1.9605E-02
-2.0201E-02
-2.1307E-02
-2.3259E-02
-2.5690E-02
-2.8326E-02
-3.1429E-02
-3.4756E-02
-3.6980E-02
-3.7070E-02
-3.5540E-02
-3.3336E-02
-3.0762E-02
-2.8014E-02
-2.5790E-02
-2.4669E-02
-2.4330E-02
-2.4177E-02
-2.3973E-02
-2.3973E-02
-2.4512E-02
-2.5643E-02
-2.6907E-02
-2.7935E-02
-2.9154E-02
-3.0906E-02
-3.3085E-02
-3.5735E-02
-3.8577E-02
-4.1267E-02
-4.4024E-02
-4.6742E-02
-4.9095E-02
-5.1380E-02
-5.4077E-02
-5.6966E-02
-5.9461E-02
-6.1305E-02
-6.2264E-02
-6.2304E-02
-6.1661E-02
-6.0319E-02
-5.8499E-02
-5.6423E-02
-5.4450E-02
-5.2962E-02
-5.1880E-02
-5.0713E-02
-4.9056E-02
-4.6910E-02
-4.4328E-02
-4.1213E-02
-3.7644E-02
-3.4234E-02
-3.1303E-02
-2.8603E-02
-2.5965E-02
-2.3412E-02
-2.0806E-02
-1.7809E-02
-1.4294E-02
-1.0543E-02
-6.9706E-03
-3.6648E-03
-5.8197E-04
2.3992E-03
5.6289E-03
9.2344E-03
1.3059E-02
1.6740E-02
1.9688E-02
2.1779E-02
2.3284E-02
2.4371E-02
2.5458E-02
2.7005E-02
2.9235E-02
3.1896E-02
3.4532E-02
3.6828E-02
3.8823E-02
4.0839E-02
4.2758E-02
4.4194E-02
4.4740E-02
4.4802E-02
4.5172E-02
4.5815E-02
4.6364E-02
4.6542E-02
4.6387E-02
4.6551E-02
4.7709E-02
5.0161E-02
5.3355E-02
5.6361E-02
5.8851E-02
6.0943E-02
6.2630E-02
6.3774E-02
6.4455E-02
6.4885E-02
6.5316E-02
6.6056E-02
6.7122E-02
6.8191E-02
6.8495E-02
6.7497E-02
6.5816E-02
6.4566E-02
6.4013E-02
6.4350E-02
6.6082E-02
6.9306E-02
7.3429E-02
7.7624E-02
8.1366E-02
8.4756E-02
8.8001E-02
9.0994E-02
9.3535E-02
9.5618E-02
9.7413E-02
9.8678E-02
9.8904E-02
9.7807E-02
9.5752E-02
9.3492E-02
9.1448E-02
8.9479E-02
8.7157E-02
8.4415E-02
8.1607E-02
7.8880E-02
7.6063E-02
7.2988E-02
6.9603E-02
6.5652E-02
6.0955E-02
5.5709E-02
5.0362E-02
4.5549E-02
4.1897E-02
3.9521E-02
3.7943E-02
3.6711E-02
3.5906E-02
3.5579E-02
3.5702E-02
3.6498E-02
3.7784E-02
3.9085E-02
3.9921E-02
3.9914E-02
3.8761E-02
3.6489E-02
3.3456E-02
3.0119E-02
2.6997E-02
2.4537E-02
2.2834E-02
2.1649E-02
2.0457E-02
1.8572E-02
1.5569E-02
1.1509E-02
6.7368E-03
1.7745E-03
-3.0851E-03
-7.9556E-03
-1.3016E-02
-1.8199E-02
-2.3113E-02
-2.7227E-02
-3.0460E-02
-3.2822E-02
-3.4185E-02
-3.4475E-02
-3.3909E-02
-3.3106E-02
-3.2250E-02
-3.1169E-02
-3.0171E-02
-2.9620E-02
-2.9472E-02
-2.9502E-02
-2.9949E-02
-3.0980E-02
-3.1869E-02
-3.1970E-02
-3.1547E-02
-3.1162E-02
-3.0791E-02
-2.9716E-02
-2.7491E-02
-2.4464E-02
-2.1441E-02
-1.9249E-02
-1.8259E-02
-1.8645E-02
-2.0710E-02
-2.4078E-02
-2.7742E-02
-3.0913E-02
-3.3117E-02
-3.3938E-02
-3.3138E-02
-3.1280E-02
-2.9317E-02
-2.8071E-02
-2.8468E-02
-3.1153E-02
-3.5684E-02
-4.0573E-02
-4.4537E-02
-4.7373E-02
-4.9481E-02
-5.1215E-02
-5.2648E-02
-5.4058E-02
-5.6055E-02
-5.9049E-02
-6.2532E-02
-6.5379E-02
-6.6953E-02
-6.7712E-02
-6.8465E-02
-6.9806E-02
-7.2217E-02
-7.5645E-02
-7.9400E-02
-8.2633E-02
-8.4921E-02
-8.6243E-02
-8.6879E-02
-8.7104E-02
-8.6996E-02
-8.6729E-02
-8.6876E-02
-8.7804E-02
-8.9091E-02
-8.9718E-02
-8.8899E-02
-8.6787E-02
-8.4024E-02
-8.0493E-02
-7.5768E-02
-7.0373E-02
-6.5052E-02
-5.9945E-02
-5.4951E-02
-5.0056E-02
-4.5184E-02
-4.0071E-02
-3.4460E-02
-2.8709E-02
-2.3650E-02
-1.9732E-02
-1.7043E-02
-1.5978E-02
-1.6852E-02
-1.8961E-02
-2.1169E-02
-2.2636E-02
-2.3181E-02
-2.3155E-02
-2.2849E-02
-2.2598E-02
-2.2512E-02
-2.2370E-02
-2.1669E-02
-1.9806E-02
-1.6516E-02
-1.1984E-02
-6.6026E-03
-5.5206E-04
5.9627E-03
1.2486E-02
1.8010E-02
2.1597E-02
2.2694E-02
2.1048E-02
1.6922E-02
1.0860E-02
3.9264E-03
-2.3191E-03
-6.7288E-03
-9.2687E-03
-1.0598E-02
-1.1534E-02
-1.2735E-02
-1.4262E-02
-1.5397E-02
-1.5304E-02
-1.4042E-02
-1.2195E-02
-9.8631E-03
-6.5453E-03
-1.8881E-03
3.5451E-03
8.0488E-03
9.6992E-03
7.5803E-03
2.3798E-03
-4.0549E-03
-9.9369E-03
-1.4601E-02
-1.8642E-02
-2.2894E-02
-2.7733E-02
-3.3076E-02
-3.8228E-02
-4.2510E-02
-4.5874E-02
-4.8432E-02
-4.9848E-02
-4.9603E-02
-4.8034E-02
-4.6108E-02
-4.4101E-02
-4.1302E-02
-3.6899E-02
-3.0557E-02
-2.2252E-02
-1.2203E-02
-1.4396E-03
8.0357E-03
1.4621E-02
1.9008E-02
2.3302E-02
2.9011E-02
3.6084E-02
4.3595E-02
5.0871E-02
5.8241E-02
6.5881E-02
7.3051E-02
7.8756E-02
8.2665E-02
8.5211E-02
8.6897E-02
8.8022E-02
8.8525E-02
8.8372E-02
8.7352E-02
8.5220E-02
8.1787E-02
7.6948E-02
7.0556E-02
6.2220E-02
5.1999E-02
4.1052E-02
3.1300E-02
2.4340E-02
2.0241E-02
1.7712E-02
1.5480E-02
1.2478E-02
8.0620E-03
2.6551E-03
-2.2653E-03
-4.9448E-03
-4.6380E-03
-1.6618E-03
3.5103E-03
1.0525E-02
1.8315E-02
2.4394E-02
2.6954E-02
2.6492E-02
2.4590E-02
2.2505E-02
2.0863E-02
1.9735E-02
1.9346E-02
1.9901E-02
2.1018E-02
2.2047E-02
2.2576E-02
2.2656E-02
2.2708E-02
2.3122E-02
2.3923E-02
2.5089E-02
2.6875E-02
2.9714E-02
3.4074E-02
4.0170E-02
4.7526E-02
5.5039E-02
6.2091E-02
6.8753E-02
7.4498E-02
7.7745E-02
7.7751E-02
7.5006E-02
7.0384E-02
6.5453E-02
6.2141E-02
6.1064E-02
6.0648E-02
5.8650E-02
5.4565E-02
4.9148E-02
4.2756E-02
3.4728E-02
2.4897E-02
1.4722E-02
6.2608E-03
3.2123E-04
-3.5097E-03
-5.9622E-03
-7.8472E-03
-9.6634E-03
-1.1852E-02
-1.5004E-02
-1.9218E-02
-2.3934E-02
-2.8167E-02
-3.1207E-02
-3.3173E-02
-3.4626E-02
-3.5489E-02
-3.4979E-02
-3.2354E-02
-2.7834E-02
-2.2734E-02
-1.7978E-02
-1.3396E-02
-8.8655E-03
-5.0583E-03
-2.7291E-03
-2.6410E-03
-5.8581E-03
-1.3442E-02
-2.5092E-02
-3.8397E-02
-4.9647E-02
-5.5673E-02
-5.6024E-02
-5.3203E-02
-5.0573E-02
-5.0314E-02
-5.2927E-02
-5.7725E-02
-6.3407E-02
-6.8682E-02
-7.3122E-02
-7.5877E-02
-7.4815E-02
-6.8040E-02
-5.5756E-02
-4.1214E-02
-2.9143E-02
-2.1725E-02
-1.7247E-02
-1.3506E-02
-1.0783E-02
-1.0441E-02
-1.1922E-02
-1.2729E-02
-1.1105E-02
-7.6434E-03
-4.1086E-03
-1.3912E-03
1.4675E-03
6.0376E-03
1.2226E-02
1.7730E-02
1.9524E-02
1.6321E-02
9.7488E-03
2.5075E-03
-3.8741E-03
-9.0696E-03
-1.3083E-02
-1.5544E-02
-1.6108E-02
-1.5423E-02
-1.5003E-02
-1.5725E-02
-1.7181E-02
-1.8449E-02
-1.9142E-02
-1.9494E-02
-1.9564E-02
-1.8948E-02
-1.7483E-02
-1.6075E-02
-1.6670E-02
-2.0688E-02
-2.6893E-02
-3.2128E-02
-3.4181E-02
-3.3432E-02
-3.1674E-02
-3.0225E-02
-2.9375E-02
-2.8843E-02
-2.8303E-02
-2.7914E-02
-2.7848E-02
-2.7645E-02
-2.6236E-02
-2.2687E-02
-1.6574E-02
-7.7821E-03
2.4780E-03
1.1505E-02
1.6785E-02
1.8221E-02
1.7956E-02
1.8854E-02
2.3250E-02
3.1595E-02
4.1961E-02
5.0389E-02
5.3175E-02
4.9338E-02
4.0531E-02
2.9138E-02
1.7051E-02
5.5455E-03
-4.0296E-03
-9.9426E-03
-1.1155E-02
-8.5324E-03
-4.6270E-03
-2.1771E-03
-2.8403E-03
-6.6528E-03
-1.1735E-02
-1.5447E-02
-1.5981E-02
-1.3204E-02
-8.1176E-03
-1.9433E-03
3.6191E-03
6.6571E-03
6.5821E-03
4.7719E-03
3.3348E-03
3.1553E-03
3.2418E-03
1.8171E-03
-2.3841E-03
-9.6111E-03
-1.9618E-02
-3.1297E-02
-4.2089E-02
-4.9021E-02
-5.1139E-02
-5.0349E-02
-4.9529E-02
-5.0218E-02
-5.2022E-02
-5.4154E-02
-5.6587E-02
-5.9641E-02
-6.2830E-02
-6.5215E-02
-6.6538E-02
-6.7086E-02
-6.7033E-02
-6.6374E-02
-6.4968E-02
-6.2869E-02
-6.0727E-02
-5.9217E-02
-5.9326E-02
-6.2213E-02
-6.7543E-02
-7.3062E-02
-7.6254E-02
-7.6088E-02
-7.2389E-02
-6.4766E-02
-5.3781E-02
-4.1642E-02
-3.0726E-02
-2.2000E-02
-1.5358E-02
-1.0859E-02
-8.7045E-03
-8.5056E-03
-8.9332E-03
-9.1219E-03
-9.8824E-03
-1.1944E-02
-1.3989E-02
-1.3402E-02
-8.7799E-03
-1.4518E-03
5.3010E-03
8.5892E-03
7.5150E-03
3.2337E-03
-2.3075E-03
-7.8880E-03
-1.2858E-02
-1.5916E-02
-1.5002E-02
-9.2823E-03
-4.2963E-04
8.4487E-03
1.4887E-02
1.8023E-02
1.8216E-02
1.6424E-02
1.3209E-02
8.3631E-03
1.6645E-03
-5.7101E-03
-1.1079E-02
-1.2092E-02
-8.5005E-03
-2.0455E-03
5.0957E-03
1.1054E-02
1.4234E-02
1.4128E-02
1.1144E-02
6.3854E-03
1.5863E-03
-1.1601E-03
-9.1471E-05
4.7362E-03
1.0823E-02
1.5834E-02
1.9387E-02
2.1743E-02
2.2687E-02
2.2658E-02
2.3453E-02
2.6360E-02
3.0907E-02
3.5637E-02
3.9267E-02
4.1234E-02
4.1553E-02
4.0698E-02
3.9609E-02
3.9327E-02
4.0067E-02
4.1098E-02
4.1202E-02
3.9638E-02
3.6297E-02
3.2025E-02
2.7954E-02
2.4072E-02
1.9739E-02
1.4959E-02
1.0453E-02
6.7011E-03
2.9577E-03
-2.5212E-03
-1.0631E-02
-2.0370E-02
-3.0071E-02
-3.8777E-02
-4.6328E-02
-5.2355E-02
-5.5929E-02
-5.6487E-02
-5.3872E-02
-4.8340E-02
-4.0479E-02
-3.1266E-02
-2.1763E-02
-1.2914E-02
-5.5103E-03
-3.5025E-04
1.6848E-03
3.4147E-04
-3.3111E-03
-7.2373E-03
-9.8932E-03
-1.1223E-02
-1.2482E-02
-1.4956E-02
-1.9113E-02
-2.4147E-02
-2.8258E-02
-3.0112E-02
-2.9688E-02
-2.8252E-02
-2.7042E-02
-2.6123E-02
-2.4401E-02
-2.0605E-02
-1.3750E-02
-3.0134E-03
1.1740E-02
2.8806E-02
4.4701E-02
5.6263E-02
6.2314E-02
6.3275E-02
5.9487E-02
5.0991E-02
3.9371E-02
2.8163E-02
2.0649E-02
1.7821E-02
1.7104E-02
1.4208E-02
7.3268E-03
-1.5091E-03
-9.0616E-03
-1.4326E-02
-1.8232E-02
-2.1778E-02
-2.4783E-02
-2.5340E-02
-2.1007E-02
-1.1414E-02
6.3835E-04
1.1242E-02
1.8674E-02
2.4185E-02
2.9345E-02
3.3826E-02
3.5887E-02
3.4503E-02
3.0251E-02
2.4238E-02
1.6769E-02
7.7722E-03
-1.6390E-03
-9.3866E-03
-1.4301E-02
-1.7288E-02
-2.0249E-02
-2.3981E-02
-2.7132E-02
-2.7666E-02
-2.5505E-02
-2.2510E-02
-1.9550E-02
-1.4865E-02
-5.7879E-03
8.3622E-03
2.4932E-02
3.9461E-02
4.8133E-02
4.9268E-02
4.3055E-02
3.1288E-02
1.7205E-02
4.4890E-03
-3.9861E-03
-7.7501E-03
-8.5469E-03
-8.0927E-03
-7.4934E-03
-8.0467E-03
-1.0966E-02
-1.6226E-02
-2.2162E-02
-2.6073E-02
-2.5788E-02
-2.1489E-02
-1.6395E-02
-1.4678E-02
-1.7747E-02
-2.2877E-02
-2.5846E-02
-2.3517E-02
-1.5978E-02
-7.4494E-03
-3.4693E-03
-6.7224E-03
-1.4786E-02
-2.1830E-02
-2.3512E-02
-2.0200E-02
-1.5615E-02
-1.2412E-02
-1.0307E-02
-8.0919E-03
-6.0662E-03
-5.6008E-03
-7.7196E-03
-1.2105E-02
-1.6924E-02
-1.9530E-02
-1.7567E-02
-9.9598E-03
3.1067E-03
1.9909E-02
3.6735E-02
4.8959E-02
5.3627E-02
5.0697E-02
4.2017E-02
3.0185E-02
1.7680E-02
5.8803E-03
-4.7345E-03
-1.3367E-02
-1.9571E-02
-2.4732E-02
-3.1105E-02
-3.8802E-02
-4.5455E-02
-4.8627E-02
-4.7455E-02
-4.2571E-02
-3.5895E-02
-2.9552E-02
-2.4692E-02
-2.0887E-02
-1.6668E-02
-1.0822E-02
-3.0757E-03
5.6745E-03
1.2694E-02
1.3621E-02
5.0497E-03
-1.1966E-02
-3.0857E-02
-4.3359E-02
-4.5904E-02
-4.1768E-02
-3.6692E-02
-3.4276E-02
-3.5493E-02
-3.9668E-02
-4.4997E-02
-4.9798E-02
-5.3929E-02
-5.9012E-02
-6.6035E-02
-7.3666E-02
-7.9670E-02
-8.3166E-02
-8.5089E-02
-8.6156E-02
-8.4885E-02
-7.8794E-02
-6.7589E-02
-5.4524E-02
-4.4337E-02
-3.9456E-02
-3.8521E-02
-3.9133E-02
-4.0515E-02
-4.3165E-02
-4.7192E-02
-5.1066E-02
-5.2241E-02
-4.9599E-02
-4.4750E-02
-4.0294E-02
-3.7755E-02
-3.7817E-02
-4.1088E-02
-4.6776E-02
-5.1773E-02
-5.3521E-02
-5.2978E-02
-5.2954E-02
-5.4096E-02
-5.4779E-02
-5.4332E-02
-5.4360E-02
-5.6577E-02
-6.0141E-02
-6.2635E-02
-6.3234E-02
-6.3014E-02
-6.3003E-02
-6.2986E-02
-6.2644E-02
-6.2238E-02
-6.1581E-02
-5.9842E-02
-5.7063E-02
-5.4842E-02
-5.4430E-02
-5.4373E-02
-5.2572E-02
-5.0085E-02
-5.0369E-02
-5.4301E-02
-5.8349E-02
-5.8732E-02
-5.6145E-02
-5.4837E-02
-5.7839E-02
-6.4390E-02
-7.1136E-02
-7.5180E-02
-7.6100E-02
-7.5081E-02
-7.3431E-02
-7.2274E-02
-7.1898E-02
-7.0953E-02
-6.6974E-02
-5.9216E-02
-5.0457E-02
-4.4456E-02
-4.1278E-02
-3.6766E-02
-2.7451E-02
-1.5366E-02
-6.1401E-03
-2.3298E-03
-8.7383E-04
2.1236E-03
6.3009E-03
7.9644E-03
4.5830E-03
-2.9640E-03
-1.1980E-02
-2.0742E-02
-2.8312E-02
-3.3245E-02
-3.4675E-02
-3.4007E-02
-3.3971E-02
-3.6060E-02
-3.9370E-02
-4.1166E-02
-3.9316E-02
-3.4566E-02
-3.0109E-02
-2.8208E-02
-2.8296E-02
-2.8079E-02
-2.6152E-02
-2.2559E-02
-1.7602E-02
-1.1574E-02
-4.7584E-03
2.4316E-03
9.3423E-03
1.5464E-02
2.0985E-02
2.7153E-02
3.5730E-02
4.7273E-02
6.0367E-02
7.3146E-02
8.4518E-02
9.4670E-02
1.0452E-01
1.1414E-01
1.2205E-01
1.2620E-01
1.2451E-01
1.1573E-01
1.0044E-01
8.0968E-02
6.0671E-02
4.3041E-02
3.0537E-02
2.3938E-02
2.2776E-02
2.5983E-02
3.2090E-02
3.9274E-02
4.5447E-02
4.8523E-02
4.6898E-02
4.0176E-02
3.0887E-02
2.3502E-02
2.1012E-02
2.3477E-02
2.9608E-02
3.8117E-02
4.7879E-02
5.7645E-02
6.5586E-02
7.0492E-02
7.2728E-02
7.3009E-02
7.1298E-02
6.7480E-02
6.2236E-02
5.6834E-02
5.2749E-02
5.1647E-02
5.4849E-02
6.2069E-02
7.1675E-02
8.1502E-02
8.9203E-02
9.3147E-02
9.3385E-02
9.1284E-02
8.8799E-02
8.7622E-02
8.8617E-02
9.1389E-02
9.4356E-02
9.5245E-02
9.2251E-02
8.4954E-02
7.5082E-02
6.5695E-02
5.8512E-02
5.2969E-02
4.7160E-02
4.0107E-02
3.2999E-02
2.7749E-02
2.5650E-02
2.7234E-02
3.1597E-02
3.6348E-02
3.9544E-02
4.1362E-02
4.3458E-02
4.6691E-02
5.0084E-02
5.1978E-02
5.1868E-02
5.0966E-02
5.0308E-02
4.9405E-02
4.6695E-02
4.1445E-02
3.4092E-02
2.4847E-02
1.4223E-02
4.8243E-03
1.1885E-03
6.0951E-03
1.6888E-02
2.7097E-02
3.2505E-02
3.4477E-02
3.6972E-02
4.1724E-02
4.7524E-02
5.2955E-02
5.7868E-02
6.3060E-02
6.9570E-02
7.7457E-02
8.5528E-02
9.2209E-02
9.6762E-02
9.8988E-02
9.8375E-02
9.4421E-02
8.7316E-02
7.7917E-02
6.7723E-02
5.9070E-02
5.4361E-02
5.4130E-02
5.6253E-02
5.8900E-02
6.3202E-02
7.0048E-02
7.6003E-02
7.5948E-02
6.9605E-02
6.2822E-02
6.1271E-02
6.5463E-02
7.2512E-02
7.9850E-02
8.5981E-02
8.8856E-02
8.5404E-02
7.3831E-02
5.5627E-02
3.4689E-02
1.4513E-02
-3.2201E-03
-1.7448E-02
-2.6092E-02
-2.8141E-02
-2.6358E-02
-2.5125E-02
-2.5132E-02
-2.3075E-02
-1.7998E-02
-1.3882E-02
-1.4364E-02
-1.8579E-02
-2.3401E-02
-2.6811E-02
-2.8149E-02
-2.7049E-02
-2.3373E-02
-1.8254E-02
-1.5138E-02
-1.7771E-02
-2.6209E-02
-3.6164E-02
-4.3356E-02
-4.7275E-02
-5.0238E-02
-5.3400E-02
-5.5980E-02
-5.7405E-02
-5.7884E-02
-5.6905E-02
-5.2978E-02
-4.5613E-02
-3.6554E-02
-2.8950E-02
-2.5963E-02
-2.9047E-02
-3.6697E-02
-4.5845E-02
-5.4289E-02
-6.1531E-02
-6.8133E-02
-7.5315E-02
-8.3763E-02
-9.3055E-02
-1.0290E-01
-1.1374E-01
-1.2537E-01
-1.3522E-01
-1.4021E-01
-1.4002E-01
-1.3636E-01
-1.3065E-01
-1.2314E-01
-1.1401E-01
-1.0434E-01
-9.5158E-02
-8.6379E-02
-7.7558E-02
-6.8920E-02
-6.1023E-02
-5.4461E-02
-5.0035E-02
-4.8501E-02
-4.9507E-02
-5.1429E-02
-5.3001E-02
-5.4009E-02
-5.4498E-02
-5.4481E-02
-5.3637E-02
-5.1276E-02
-4.7332E-02
-4.3170E-02
-4.0645E-02
-4.0452E-02
-4.2314E-02
-4.6186E-02
-5.2043E-02
-5.8754E-02
-6.4319E-02
-6.7214E-02
-6.7481E-02
-6.6210E-02
-6.3725E-02
-5.8779E-02
-4.9456E-02
-3.4305E-02
-1.3037E-02
1.3434E-02
4.3043E-02
7.3491E-02
1.0247E-01
1.2760E-01
1.4801E-01
1.6455E-01
1.7779E-01
1.8701E-01
1.9156E-01
1.9248E-01
1.9222E-01
1.9245E-01
1.9311E-01
1.9362E-01
1.9400E-01
1.9426E-01
1.9447E-01
1.9571E-01
1.9922E-01
2.0440E-01
2.0919E-01
2.1252E-01
2.1524E-01
2.1857E-01
2.2286E-01
2.2865E-01
2.3732E-01
2.5018E-01
2.6679E-01
2.8451E-01
3.0012E-01
3.1243E-01
3.2239E-01
3.3102E-01
3.3774E-01
3.4108E-01
3.3988E-01
3.3409E-01
3.2445E-01
3.1227E-01
2.9890E-01
2.8471E-01
2.6895E-01
2.5046E-01
2.2946E-01
2.0730E-01
1.8561E-01
1.6609E-01
1.4980E-01
1.3679E-01
1.2668E-01
1.1958E-01
1.1517E-01
1.1131E-01
1.0514E-01
9.5327E-02
8.1938E-02
6.4866E-02
4.4395E-02
2.2963E-02
4.2702E-03
-9.2937E-03
-1.7801E-02
-2.2969E-02
-2.6162E-02
-2.7723E-02
-2.7925E-02
-2.7462E-02
-2.7753E-02
-3.0886E-02
-3.8897E-02
-5.2802E-02
-7.1754E-02
-9.2654E-02
-1.1129E-01
-1.2567E-01
-1.3851E-01
-1.5450E-01
-1.7368E-01
-1.8939E-01
-1.9464E-01
-1.9034E-01
-1.8529E-01
-1.8653E-01
-1.9203E-01
-1.9556E-01
-1.9583E-01
-1.9673E-01
-2.0081E-01
-2.0567E-01
-2.0622E-01
-1.9815E-01
-1.7932E-01
-1.5197E-01
-1.2346E-01
-1.0182E-01
-8.9476E-02
-8.1583E-02
-7.0227E-02
-5.0465E-02
-2.4228E-02
1.2366E-03
1.9514E-02
3.0700E-02
4.0514E-02
5.3123E-02
6.7286E-02
8.0735E-02
9.4266E-02
1.0779E-01
1.1694E-01
1.1837E-01
1.1411E-01
1.0736E-01
9.9756E-02
9.3007E-02
8.8882E-02
8.7834E-02
9.0808E-02
1.0050E-01
1.1776E-01
1.3763E-01
1.5108E-01
1.5297E-01
1.4775E-01
1.4471E-01
1.4781E-01
1.5167E-01
1.4777E-01
1.3284E-01
1.1121E-01
9.0401E-02
7.3650E-02
5.5914E-02
3.0478E-02
1.9310E-03
-1.1842E-02
3.0874E-03
3.8225E-02
6.7445E-02
7.3767E-02
6.5707E-02
6.2825E-02
6.9795E-02
7.2910E-02
6.1188E-02
4.0893E-02
2.5332E-02
1.7950E-02
1.3387E-02
9.7818E-03
1.1585E-02
2.0468E-02
2.9339E-02
2.9980E-02
2.3267E-02
1.6357E-02
1.2669E-02
1.0880E-02
1.2289E-02
2.1719E-02
4.0368E-02
6.2631E-02
8.1756E-02
9.5552E-02
1.0558E-01
1.1354E-01
1.1976E-01
1.2337E-01
1.2235E-01
1.1427E-01
9.7494E-02
7.2650E-02
4.4730E-02
2.3314E-02
1.7591E-02
2.8467E-02
4.5423E-02
5.3603E-02
4.5355E-02
2.5724E-02
5.2869E-03
-1.2277E-02
-3.1409E-02
-5.3729E-02
-7.5304E-02
-9.5338E-02
-1.1521E-01
-1.2597E-01
-1.1241E-01
-7.6894E-02
-4.3385E-02
-2.8625E-02
-2.3378E-02
-1.1879E-02
4.0242E-03
1.2806E-02
1.4906E-02
2.1828E-02
3.7973E-02
5.5496E-02
6.6107E-02
6.9502E-02
6.8728E-02
6.4547E-02
5.7043E-02
4.9597E-02
4.7874E-02
5.3529E-02
6.0843E-02
6.3226E-02
6.0568E-02
5.6317E-02
5.0029E-02
3.9271E-02
2.7797E-02
2.3243E-02
2.5957E-02
2.7820E-02
2.5012E-02
2.4265E-02
3.2191E-02
4.4730E-02
5.1615E-02
4.7428E-02
3.4958E-02
2.0594E-02
1.0043E-02
5.9759E-03
6.5993E-03
7.6984E-03
8.3148E-03
1.2482E-02
2.2897E-02
3.6010E-02
4.6040E-02
4.9837E-02
4.2126E-02
1.2666E-02
-3.7149E-02
-7.9595E-02
-8.4877E-02
-6.2671E-02
-5.7181E-02
-9.1464E-02
-1.3785E-01
-1.5577E-01
-1.4156E-01
-1.2535E-01
-1.2975E-01
-1.4977E-01
-1.7066E-01
-1.8786E-01
-2.0329E-01
-2.1389E-01
-2.1553E-01
-2.1411E-01
-2.2052E-01
-2.3481E-01
-2.4563E-01
-2.4661E-01
-2.4357E-01
-2.4382E-01
-2.4632E-01
-2.4465E-01
-2.3218E-01
-2.0426E-01
-1.6303E-01
-1.2024E-01
-9.0162E-02
-7.8653E-02
-7.9730E-02
-8.0733E-02
-7.0661E-02
-4.7129E-02
-1.7561E-02
8.0308E-03
2.7462E-02
4.7881E-02
7.4011E-02
1.0013E-01
1.1806E-01
1.2650E-01
1.2760E-01
1.2263E-01
1.1552E-01
1.1346E-01
1.1977E-01
1.2989E-01
1.3577E-01
1.3237E-01
1.2178E-01
1.1353E-01
1.1913E-01
1.4238E-01
1.7534E-01
2.0584E-01
2.2648E-01
2.3539E-01
2.3199E-01
2.1505E-01
1.8475E-01
1.4661E-01
1.1284E-01
9.4299E-02
8.8147E-02
7.8004E-02
5.0563E-02
9.9592E-03
-2.7226E-02
-4.9272E-02
-5.7313E-02
-5.8768E-02
-5.7956E-02
-5.4757E-02
-4.8797E-02
-4.2424E-02
-4.0494E-02
-4.9619E-02
-7.4308E-02
-1.1033E-01
-1.4429E-01
-1.6379E-01
-1.6797E-01
-1.6528E-01
-1.6273E-01
-1.5868E-01
-1.4516E-01
-1.1782E-01
-8.2894E-02
-5.2452E-02
-3.2997E-02
-2.1498E-02
-1.2543E-02
-3.9990E-03
4.9714E-03
1.6901E-02
3.3473E-02
5.2072E-02
6.8992E-02
8.4761E-02
1.0089E-01
1.1322E-01
1.1425E-01
1.0316E-01
8.8924E-02
8.2107E-02
8.6437E-02
9.7259E-02
1.0634E-01
1.0702E-01
9.6285E-02
7.5192E-02
4.8743E-02
2.3789E-02
4.9962E-03
-7.8642E-03
-1.8839E-02
-3.1175E-02
-4.3434E-02
-5.0858E-02
-5.0873E-02
-4.7214E-02
-4.8302E-02
-5.8481E-02
-7.0562E-02
-7.2191E-02
-6.1115E-02
-4.8057E-02
-4.3196E-02
-4.5652E-02
-4.8174E-02
-4.7420E-02
-4.5246E-02
-4.3677E-02
-4.2765E-02
-4.2056E-02
-4.1939E-02
-4.3590E-02
-4.8033E-02
-5.4419E-02
-6.0240E-02
-6.4634E-02
-7.0163E-02
-7.9476E-02
-9.0672E-02
-9.7953E-02
-9.8783E-02
-9.8748E-02
-1.0519E-01
-1.1615E-01
-1.2050E-01
-1.1070E-01
-9.1162E-02
-7.0719E-02
-5.1150E-02
-2.8873E-02
-5.4139E-03
1.1881E-02
2.0478E-02
2.7028E-02
3.8642E-02
5.4153E-02
6.7173E-02
7.5569E-02
8.2596E-02
9.0465E-02
9.8392E-02
1.0681E-01
1.1842E-01
1.3396E-01
1.4990E-01
1.6044E-01
1.6094E-01
1.5138E-01
1.3727E-01
1.2723E-01
1.2811E-01
1.4028E-01
1.5703E-01
1.6876E-01
1.6861E-01
1.5518E-01
1.3061E-01
9.7237E-02
6.0583E-02
3.6068E-02
4.2208E-02
7.7080E-02
1.0803E-01
1.0126E-01
6.1490E-02
2.7831E-02
2.8252E-02
5.0787E-02
6.5690E-02
6.4202E-02
6.3213E-02
7.6194E-02
9.4909E-02
1.0341E-01
9.8649E-02
9.0241E-02
8.4139E-02
7.3940E-02
5.0837E-02
1.8818E-02
-4.6627E-03
-7.2743E-03
2.9245E-03
7.0579E-03
-2.4581E-03
-1.6776E-02
-2.6879E-02
-3.4912E-02
-4.6911E-02
-6.2009E-02
-7.3267E-02
-7.6437E-02
-7.4159E-02
-7.2483E-02
-7.6382E-02
-8.7284E-02
-1.0138E-01
-1.1131E-01
-1.1274E-01
-1.0852E-01
-1.0431E-01
-1.0243E-01
-1.0243E-01
-1.0438E-01
-1.0896E-01
-1.1455E-01
-1.1700E-01
-1.1311E-01
-1.0316E-01
-8.9890E-02
-7.6442E-02
-6.5492E-02
-5.8931E-02
-5.7252E-02
-6.0126E-02
-6.7609E-02
-7.8351E-02
-8.7166E-02
-8.7777E-02
-7.8889E-02
-6.5023E-02
-5.0396E-02
-3.6081E-02
-2.3919E-02
-1.7995E-02
-1.9369E-02
-2.1462E-02
-1.4958E-02
2.2705E-03
2.3080E-02
3.9609E-02
5.1007E-02
6.1654E-02
7.3658E-02
8.3054E-02
8.2932E-02
6.8749E-02
4.1871E-02
9.8142E-03
-1.5898E-02
-2.6858E-02
-2.5460E-02
-2.2164E-02
-2.4237E-02
-3.0127E-02
-3.4841E-02
-3.6696E-02
-3.7796E-02
-4.0932E-02
-4.7758E-02
-5.8143E-02
-6.9754E-02
-7.9306E-02
-8.5205E-02
-8.8565E-02
-9.1419E-02
-9.4920E-02
-9.9073E-02
-1.0236E-01
-1.0131E-01
-9.2229E-02
-7.5363E-02
-5.6257E-02
-4.1621E-02
-3.3774E-02
-2.9233E-02
-2.2141E-02
-1.0172E-02
2.7077E-03
1.0815E-02
1.2492E-02
9.7185E-03
4.2295E-03
-3.3761E-03
-1.1549E-02
-1.7339E-02
-1.9123E-02
-1.8281E-02
-1.7656E-02
-1.8297E-02
-1.8296E-02
-1.5364E-02
-1.0014E-02
-4.8977E-03
-4.5328E-04
7.5125E-03
2.3008E-02
4.3318E-02
6.1014E-02
7.2446E-02
8.1014E-02
9.0977E-02
1.0053E-01
1.0262E-01
9.2618E-02
7.4391E-02
5.6425E-02
4.3054E-02
3.2214E-02
2.0943E-02
9.7846E-03
1.0951E-03
-4.2845E-03
-7.2516E-03
-9.7810E-03
-1.4417E-02
-2.3211E-02
-3.6553E-02
-5.3373E-02
-7.1930E-02
-8.9887E-02
-1.0425E-01
-1.1275E-01
-1.1526E-01
-1.1309E-01
-1.0769E-01
-1.0065E-01
-9.3299E-02
-8.5777E-02
-7.8227E-02
-7.2162E-02
-6.9277E-02
-7.0040E-02
-7.3682E-02
-7.8672E-02
-8.2866E-02
-8.4305E-02
-8.3058E-02
-8.1876E-02
-8.3646E-02
-8.8077E-02
-9.2196E-02
-9.4336E-02
-9.5430E-02
-9.6709E-02
-9.8106E-02
-9.9246E-02
-9.9879E-02
-9.9502E-02
-9.7560E-02
-9.3468E-02
-8.7134E-02
-8.0079E-02
-7.5040E-02
-7.3306E-02
-7.3381E-02
-7.3587E-02
-7.4505E-02
-7.7488E-02
-8.1810E-02
-8.4684E-02
-8.3975E-02
-7.9924E-02
-7.3880E-02
-6.6581E-02
-5.8100E-02
-4.8470E-02
-3.8536E-02
-3.0381E-02
-2.6596E-02
-2.6946E-02
-2.6874E-02
-2.1453E-02
-1.0605E-02
1.1441E-03
1.0737E-02
1.9446E-02
2.9621E-02
4.1038E-02
5.0919E-02
5.6809E-02
5.8501E-02
5.7371E-02
5.4460E-02
4.9948E-02
4.4020E-02
3.7621E-02
3.1359E-02
2.4617E-02
1.6189E-02
5.8344E-03
-5.4145E-03
-1.6841E-02
-2.8422E-02
-3.9507E-02
-4.8626E-02
-5.4900E-02
-5.9048E-02
-6.3161E-02
-6.9152E-02
-7.6526E-02
-8.2445E-02
-8.4452E-02
-8.2986E-02
-8.0424E-02
-7.8901E-02
-7.9743E-02
-8.3403E-02
-8.9633E-02
-9.8194E-02
-1.0892E-01
-1.2078E-01
-1.3148E-01
-1.3938E-01
-1.4513E-01
-1.5032E-01
-1.5541E-01
-1.5944E-01
-1.6129E-01
-1.6112E-01
-1.6048E-01
-1.6073E-01
-1.6172E-01
-1.6219E-01
-1.6158E-01
-1.6052E-01
-1.5964E-01
-1.5815E-01
-1.5461E-01
-1.4890E-01
-1.4250E-01
-1.3746E-01
-1.3512E-01
-1.3552E-01
-1.3783E-01
-1.4090E-01
-1.4314E-01
-1.4320E-01
-1.4090E-01
-1.3764E-01
-1.3442E-01
-1.3014E-01
-1.2350E-01
-1.1510E-01
-1.0660E-01
-9.8830E-02
-9.2140E-02
-8.7436E-02
-8.5253E-02
-8.4402E-02
-8.2537E-02
-7.8241E-02
-7.1592E-02
-6.2900E-02
-5.2399E-02
-4.0884E-02
-2.9095E-02
-1.6296E-02
-1.3298E-03
1.4626E-02
2.8457E-02
3.7970E-02
4.2722E-02
4.3004E-02
3.8836E-02
3.0037E-02
1.7027E-02
1.0265E-03
-1.6384E-02
-3.3202E-02
-4.7091E-02
-5.7291E-02
-6.5742E-02
-7.5005E-02
-8.5506E-02
-9.5358E-02
-1.0270E-01
-1.0748E-01
-1.1115E-01
-1.1522E-01
-1.1982E-01
-1.2361E-01
-1.2540E-01
-1.2579E-01
-1.2658E-01
-1.2884E-01
-1.3175E-01
-1.3362E-01
-1.3415E-01
-1.3404E-01
-1.3319E-01
-1.3048E-01
-1.2481E-01
-1.1620E-01
-1.0654E-01
-9.8646E-02
-9.4707E-02
-9.4928E-02
-9.7448E-02
-1.0023E-01
-1.0295E-01
-1.0674E-01
-1.1228E-01
-1.1846E-01
-1.2347E-01
-1.2659E-01
-1.2852E-01
-1.3017E-01
-1.3161E-01
-1.3288E-01
-1.3491E-01
-1.3893E-01
-1.4493E-01
-1.5165E-01
-1.5783E-01
-1.6267E-01
-1.6547E-01
-1.6542E-01
-1.6295E-01
-1.5998E-01
-1.5781E-01
-1.5601E-01
-1.5313E-01
-1.4815E-01
-1.4119E-01
-1.3323E-01
-1.2531E-01
-1.1718E-01
-1.0802E-01
-9.8375E-02
-8.9671E-02
-8.2288E-02
-7.4986E-02
-6.6386E-02
-5.6627E-02
-4.7334E-02
-4.0073E-02
-3.5655E-02
-3.3910E-02
-3.4049E-02
-3.5021E-02
-3.6016E-02
-3.6976E-02
-3.8655E-02
-4.1501E-02
-4.4749E-02
-4.7277E-02
-4.8384E-02
-4.8039E-02
-4.6962E-02
-4.5367E-02
-4.2619E-02
-3.8533E-02
-3.3777E-02
-2.8960E-02
-2.4160E-02
-1.9265E-02
-1.4549E-02
-1.0743E-02
-8.3173E-03
-6.7471E-03
-5.5322E-03
-4.3451E-03
-2.1330E-03
2.3614E-03
8.6391E-03
1.4491E-02
1.8532E-02
2.1253E-02
2.3342E-02
2.4659E-02
2.4648E-02
2.3531E-02
2.1882E-02
1.9747E-02
1.6914E-02
1.3877E-02
1.2025E-02
1.2194E-02
1.3047E-02
1.2552E-02
1.0518E-02
8.1096E-03
5.6188E-03
2.4129E-03
-1.3219E-03
-4.6679E-03
-7.3847E-03
-9.9929E-03
-1.2690E-02
-1.5187E-02
-1.7727E-02
-2.1056E-02
-2.5205E-02
-2.9267E-02
-3.2752E-02
-3.6490E-02
-4.1363E-02
-4.6976E-02
-5.2772E-02
-5.8800E-02
-6.5341E-02
-7.1726E-02
-7.6585E-02
-7.9422E-02
-8.1242E-02
-8.3103E-02
-8.5104E-02
-8.7348E-02
-8.9793E-02
-9.1562E-02
-9.1506E-02
-8.9355E-02
-8.5907E-02
-8.1911E-02
-7.7214E-02
-7.1561E-02
-6.4875E-02
-5.7536E-02
-5.0640E-02
-4.5307E-02
-4.1500E-02
-3.8435E-02
-3.5324E-02
-3.1614E-02
-2.7322E-02
-2.3213E-02
-2.0240E-02
-1.8524E-02
-1.7090E-02
-1.4812E-02
-1.1325E-02
-6.9339E-03
-1.7311E-03
4.1606E-03
1.0273E-02
1.6565E-02
2.3002E-02
2.9420E-02
3.5879E-02
4.2344E-02
4.8773E-02
5.5183E-02
6.1643E-02
6.8278E-02
7.4719E-02
8.0279E-02
8.5218E-02
9.0464E-02
9.6460E-02
1.0359E-01
1.1262E-01
1.2388E-01
1.3679E-01
1.5064E-01
1.6529E-01
1.8068E-01
1.9594E-01
2.0956E-01
2.2055E-01
2.2835E-01
2.3212E-01
2.3031E-01
2.2173E-01
2.0674E-01
1.8709E-01
1.6573E-01
1.4645E-01
1.3224E-01
1.2367E-01
1.1930E-01
1.1779E-01
1.1868E-01
1.2186E-01
1.2651E-01
1.3147E-01
1.3579E-01
1.3871E-01
1.3933E-01
1.3607E-01
1.2764E-01
1.1487E-01
1.0038E-01
8.6865E-02
7.5776E-02
6.7228E-02
6.0529E-02
5.4937E-02
4.9901E-02
4.5495E-02
4.2102E-02
3.9108E-02
3.5145E-02
2.9610E-02
2.2786E-02
1.4748E-02
5.1578E-03
-5.7889E-03
-1.7123E-02
-2.7548E-02
-3.5808E-02
-4.0455E-02
-4.0410E-02
-3.5643E-02
-2.6973E-02
-1.6211E-02
-5.5160E-03
3.5214E-03
9.8490E-03
1.3086E-02
1.3971E-02
1.4924E-02
1.9407E-02
2.9297E-02
4.2871E-02
5.6610E-02
6.8196E-02
7.7786E-02
8.6553E-02
9.4585E-02
1.0099E-01
1.0537E-01
1.0819E-01
1.1003E-01
1.1123E-01
1.1238E-01
1.1445E-01
1.1752E-01
1.2087E-01
1.2432E-01
1.2824E-01
1.3267E-01
1.3682E-01
1.3989E-01
1.4154E-01
1.4196E-01
1.4128E-01
1.3915E-01
1.3582E-01
1.3267E-01
1.3109E-01
1.3092E-01
1.3073E-01
1.3008E-01
1.3029E-01
1.3312E-01
1.3846E-01
1.4364E-01
1.4489E-01
1.4001E-01
1.3058E-01
1.2077E-01
1.1313E-01
1.0680E-01
9.9419E-02
8.9979E-02
7.9720E-02
7.0457E-02
6.2341E-02
5.4287E-02
4.5140E-02
3.4499E-02
2.2807E-02
1.0732E-02
-8.6118E-04
-1.1329E-02
-2.0820E-02
-2.9686E-02
-3.7788E-02
-4.4385E-02
-4.8583E-02
-4.9944E-02
-4.8370E-02
-4.3907E-02
-3.6894E-02
-2.8171E-02
-1.9035E-02
-1.0649E-02
-3.7704E-03
1.2032E-03
4.7410E-03
7.8771E-03
1.1534E-02
1.6732E-02
2.4237E-02
3.3472E-02
4.2766E-02
5.1188E-02
5.9068E-02
6.6899E-02
7.4756E-02
8.2596E-02
9.0037E-02
9.6179E-02
1.0035E-01
1.0281E-01
1.0437E-01
1.0529E-01
1.0490E-01
1.0258E-01
9.8367E-02
9.3011E-02
8.7382E-02
8.1868E-02
7.6548E-02
7.1447E-02
6.6449E-02
6.1172E-02
5.4839E-02
4.7456E-02
4.0577E-02
3.6266E-02
3.5656E-02
3.8730E-02
4.4743E-02
5.2585E-02
6.0842E-02
6.8456E-02
7.5351E-02
8.1408E-02
8.6060E-02
8.8959E-02
9.0790E-02
9.2753E-02
9.5908E-02
1.0053E-01
1.0599E-01
1.1102E-01
1.1474E-01
1.1756E-01
1.2018E-01
1.2231E-01
1.2306E-01
1.2226E-01
1.2055E-01
1.1814E-01
1.1423E-01
1.0816E-01
9.9679E-02
8.8256E-02
7.3692E-02
5.6920E-02
3.9224E-02
2.1436E-02
4.0223E-03
-1.2899E-02
-3.0185E-02
-4.9006E-02
-6.9133E-02
-8.9054E-02
-1.0756E-01
-1.2426E-01
-1.3863E-01
-1.4936E-01
-1.5493E-01
-1.5490E-01
-1.4979E-01
-1.4003E-01
-1.2623E-01
-1.1014E-01
-9.4327E-02
-8.0637E-02
-6.9209E-02
-5.8930E-02
-4.8613E-02
-3.7725E-02
-2.6229E-02
-1.4242E-02
-2.2597E-03
8.5965E-03
1.7374E-02
2.3374E-02
2.5471E-02
2.2396E-02
1.4960E-02
6.9784E-03
2.4436E-03
2.3492E-03
4.9649E-03
9.2241E-03
1.5822E-02
2.5078E-02
3.5560E-02
4.5146E-02
5.2412E-02
5.6125E-02
5.4400E-02
4.6491E-02
3.3968E-02
1.9638E-02
6.2118E-03
-4.3311E-03
-1.0860E-02
-1.3613E-02
-1.3725E-02
-1.1998E-02
-8.5882E-03
-3.4768E-03
2.9498E-03
9.7601E-03
1.5508E-02
1.8200E-02
1.6476E-02
1.1004E-02
4.2632E-03
-5.4292E-04
-1.1744E-03
2.5621E-03
8.9044E-03
1.5757E-02
2.1808E-02
2.6512E-02
2.9555E-02
3.1287E-02
3.2734E-02
3.4529E-02
3.7036E-02
4.1263E-02
4.8226E-02
5.7083E-02
6.4876E-02
6.9048E-02
6.8774E-02
6.4183E-02
5.5534E-02
4.3654E-02
3.0770E-02
1.9965E-02
1.3210E-02
9.9349E-03
8.6402E-03
9.2479E-03
1.2339E-02
1.6905E-02
2.0457E-02
2.1110E-02
1.9053E-02
1.5796E-02
1.2242E-02
8.0621E-03
2.7422E-03
-3.8807E-03
-1.1551E-02
-1.9676E-02
-2.7542E-02
-3.4569E-02
-4.0324E-02
-4.3788E-02
-4.3935E-02
-4.0677E-02
-3.4435E-02
-2.5776E-02
-1.5711E-02
-6.4684E-03
-1.6299E-03
-3.3530E-03
-9.7320E-03
-1.5637E-02
-1.6506E-02
-1.1576E-02
-3.5578E-03
4.3969E-03
1.1266E-02
1.8093E-02
2.5992E-02
3.4169E-02
4.0247E-02
4.2105E-02
4.0033E-02
3.6994E-02
3.6316E-02
3.9309E-02
4.4574E-02
4.9762E-02
5.3162E-02
5.3355E-02
4.8817E-02
3.9285E-02
2.6869E-02
1.4629E-02
4.9082E-03
-9.5392E-04
-2.6316E-03
-7.1544E-04
3.7990E-03
9.9954E-03
1.6621E-02
2.2323E-02
2.6557E-02
3.0070E-02
3.3348E-02
3.5666E-02
3.6390E-02
3.6180E-02
3.6480E-02
3.8635E-02
4.2889E-02
4.7938E-02
5.1513E-02
5.1427E-02
4.7573E-02
4.2701E-02
3.9903E-02
3.9503E-02
3.9663E-02
3.9004E-02
3.8280E-02
3.9529E-02
4.3868E-02
5.0811E-02
5.9289E-02
6.8397E-02
7.7131E-02
8.4382E-02
8.9833E-02
9.4122E-02
9.7185E-02
9.7047E-02
9.1337E-02
7.9064E-02
6.1355E-02
4.1463E-02
2.2968E-02
7.8546E-03
-3.3119E-03
-9.7269E-03
-1.0383E-02
-6.9389E-03
-3.7084E-03
-3.5484E-03
-5.3049E-03
-6.6462E-03
-7.8316E-03
-1.0911E-02
-1.6310E-02
-2.1686E-02
-2.3986E-02
-2.1902E-02
-1.6365E-02
-8.9785E-03
-8.3236E-04
6.9859E-03
1.2647E-02
1.5428E-02
1.6542E-02
1.7105E-02
1.6674E-02
1.4528E-02
1.1016E-02
6.9196E-03
2.8905E-03
-5.0926E-05
-8.8655E-04
1.2533E-04
1.6264E-03
3.3819E-03
6.9117E-03
1.2657E-02
1.8828E-02
2.3303E-02
2.5934E-02
2.8309E-02
3.1623E-02
3.5825E-02
4.0460E-02
4.5279E-02
4.9831E-02
5.4429E-02
6.0085E-02
6.7478E-02
7.6477E-02
8.6334E-02
9.6167E-02
1.0530E-01
1.1319E-01
1.1929E-01
1.2300E-01
1.2376E-01
1.2102E-01
1.1452E-01
1.0470E-01
9.3219E-02
8.2457E-02
7.4117E-02
6.8908E-02
6.6742E-02
6.7031E-02
6.8521E-02
6.9475E-02
6.8919E-02
6.6977E-02
6.4159E-02
6.0874E-02
5.7241E-02
5.3587E-02
5.0427E-02
4.7779E-02
4.5554E-02
4.3945E-02
4.2841E-02
4.1094E-02
3.7317E-02
3.1208E-02
2.3762E-02
1.6409E-02
1.0426E-02
6.5319E-03
4.8068E-03
4.8737E-03
6.1728E-03
7.8822E-03
9.1576E-03
9.6082E-03
9.2341E-03
8.5099E-03
7.9209E-03
7.8874E-03
8.4136E-03
8.4837E-03
7.4276E-03
5.7189E-03
4.2798E-03
3.6845E-03
4.0949E-03
5.2260E-03
6.1569E-03
6.2577E-03
6.1849E-03
7.4311E-03
1.1080E-02
1.6819E-02
2.3360E-02
2.9952E-02
3.6929E-02
4.3472E-02
4.6305E-02
4.2176E-02
3.0771E-02
1.4494E-02
-3.5702E-03
-2.0428E-02
-3.3602E-02
-4.2782E-02
-5.0010E-02
-5.7461E-02
-6.5194E-02
-7.1945E-02
-7.6869E-02
-8.0908E-02
-8.6119E-02
-9.3393E-02
-1.0162E-01
-1.0903E-01
-1.1484E-01
-1.1934E-01
-1.2289E-01
-1.2560E-01
-1.2714E-01
-1.2680E-01
-1.2435E-01
-1.2021E-01
-1.1528E-01
-1.0979E-01
-1.0329E-01
-9.5580E-02
-8.6516E-02
-7.6597E-02
-6.6864E-02
-5.7589E-02
-4.8491E-02
-3.9704E-02
-3.1711E-02
-2.4286E-02
-1.6666E-02
-9.1091E-03
-2.9278E-03
1.1208E-03
3.7113E-03
6.0937E-03
8.9007E-03
1.1779E-02
1.3794E-02
1.3363E-02
9.0450E-03
9.5221E-04
-8.8661E-03
-1.7896E-02
-2.4813E-02
-3.0029E-02
-3.4584E-02
-3.9049E-02
-4.3244E-02
-4.6870E-02
-4.9915E-02
-5.1966E-02
-5.2356E-02
-5.1268E-02
-4.9423E-02
-4.6733E-02
-4.2308E-02
-3.5998E-02
-2.9092E-02
-2.2924E-02
-1.8037E-02
-1.4899E-02
-1.4600E-02
-1.8011E-02
-2.4368E-02
-3.1960E-02
-3.9874E-02
-4.8279E-02
-5.7832E-02
-6.8760E-02
-7.9804E-02
-8.8096E-02
-9.1124E-02
-8.8127E-02
-7.9707E-02
-6.7041E-02
-5.1920E-02
-3.6514E-02
-2.2565E-02
-1.0030E-02
2.4384E-03
1.6068E-02
3.1357E-02
4.7750E-02
6.3910E-02
7.7676E-02
8.6901E-02
9.1529E-02
9.3537E-02
9.4779E-02
9.5605E-02
9.5741E-02
9.5013E-02
9.2680E-02
8.7802E-02
8.0439E-02
7.1822E-02
6.3113E-02
5.4681E-02
4.7132E-02
4.1933E-02
4.0357E-02
4.2863E-02
4.8921E-02
5.7140E-02
6.5302E-02
7.0709E-02
7.1452E-02
6.7388E-02
5.9953E-02
5.1237E-02
4.3127E-02
3.6443E-02
3.1055E-02
2.6968E-02
2.4591E-02
2.4003E-02
2.4470E-02
2.5120E-02
2.5846E-02
2.6394E-02
2.5320E-02
2.0996E-02
1.3483E-02
5.0091E-03
-1.8678E-03
-5.7721E-03
-6.7382E-03
-5.8628E-03
-4.1443E-03
-1.6180E-03
2.1639E-03
6.9948E-03
1.0966E-02
1.0729E-02
4.4699E-03
-5.3678E-03
-1.3392E-02
-1.5372E-02
-1.1661E-02
-5.8570E-03
-9.5678E-04
1.7081E-03
1.3978E-03
-1.9663E-03
-7.2202E-03
-1.2852E-02
-1.8371E-02
-2.4271E-02
-3.0240E-02
-3.4757E-02
-3.6653E-02
-3.6250E-02
-3.4828E-02
-3.3004E-02
-3.0194E-02
-2.5709E-02
-1.9492E-02
-1.1409E-02
-1.4214E-03
8.8600E-03
1.7322E-02
2.3761E-02
2.9662E-02
3.5225E-02
3.8117E-02
3.6243E-02
3.0073E-02
2.1206E-02
9.5850E-03
-6.2543E-03
-2.6462E-02
-4.8487E-02
-6.8433E-02
-8.3348E-02
-9.2726E-02
-9.7555E-02
-9.9166E-02
-9.9068E-02
-9.8268E-02
-9.7062E-02
-9.5873E-02
-9.5946E-02
-9.8143E-02
-1.0121E-01
-1.0271E-01
-1.0152E-01
-9.9005E-02
-9.7601E-02
-9.8341E-02
-1.0110E-01
-1.0615E-01
-1.1378E-01
-1.2267E-01
-1.2997E-01
-1.3394E-01
-1.3542E-01
-1.3592E-01
-1.3538E-01
-1.3314E-01
-1.2983E-01
-1.2628E-01
-1.2222E-01
-1.1743E-01
-1.1209E-01
-1.0645E-01
-1.0071E-01
-9.4995E-02
-8.9612E-02
-8.4851E-02
-8.0845E-02
-7.7465E-02
-7.4154E-02
-7.0180E-02
-6.5201E-02
-5.9464E-02
-5.3279E-02
-4.6757E-02
-3.9961E-02
-3.2779E-02
-2.5311E-02
-1.8381E-02
-1.3534E-02
-1.1156E-02
-9.5170E-03
-7.0739E-03
-4.3475E-03
-3.3743E-03
-5.5109E-03
-1.0622E-02
-1.8188E-02
-2.7504E-02
-3.6596E-02
-4.2868E-02
-4.5245E-02
-4.4205E-02
-4.0838E-02
-3.5902E-02
-3.0131E-02
-2.4800E-02
-2.1010E-02
-1.9098E-02
-1.9144E-02
-2.1119E-02
-2.4322E-02
-2.7533E-02
-3.0317E-02
-3.3557E-02
-3.8265E-02
-4.3859E-02
-4.7874E-02
-4.8300E-02
-4.5967E-02
-4.3674E-02
-4.2557E-02
-4.0839E-02
-3.6518E-02
-2.9646E-02
-2.1493E-02
-1.3507E-02
-6.6127E-03
-5.1120E-04
6.1544E-03
1.4158E-02
2.2775E-02
3.0832E-02
3.8176E-02
4.4967E-02
5.0293E-02
5.2786E-02
5.2166E-02
4.9248E-02
4.4756E-02
3.9075E-02
3.2874E-02
2.7454E-02
2.4290E-02
2.4227E-02
2.7127E-02
3.2217E-02
3.8505E-02
4.4846E-02
4.9843E-02
5.2857E-02
5.4340E-02
5.5229E-02
5.5985E-02
5.6607E-02
5.7322E-02
5.8295E-02
5.8945E-02
5.8675E-02
5.7919E-02
5.7797E-02
5.8830E-02
6.1082E-02
6.4452E-02
6.8328E-02
7.1543E-02
7.3084E-02
7.2963E-02
7.2025E-02
7.0853E-02
6.8921E-02
6.5850E-02
6.2340E-02
5.9729E-02
5.9015E-02
5.9916E-02
6.0697E-02
5.9751E-02
5.7053E-02
5.3407E-02
4.9827E-02
4.6977E-02
4.4720E-02
4.1825E-02
3.6657E-02
2.8896E-02
1.9866E-02
1.0916E-02
2.7056E-03
-4.7740E-03
-1.1709E-02
-1.8097E-02
-2.3711E-02
-2.8164E-02
-3.1347E-02
-3.3440E-02
-3.4669E-02
-3.5687E-02
-3.7310E-02
-3.9896E-02
-4.2863E-02
-4.5218E-02
-4.6603E-02
-4.7171E-02
-4.7217E-02
-4.6815E-02
-4.5879E-02
-4.4455E-02
-4.2488E-02
-3.9842E-02
-3.6367E-02
-3.2099E-02
-2.6988E-02
-2.1043E-02
-1.4501E-02
-7.9587E-03
-2.1225E-03
2.6187E-03
6.2056E-03
8.4029E-03
9.2513E-03
9.8526E-03
1.1910E-02
1.5906E-02
2.0412E-02
2.4233E-02
2.7979E-02
3.2461E-02
3.7239E-02
4.1146E-02
4.3271E-02
4.4095E-02
4.5007E-02
4.6627E-02
4.8824E-02
5.1169E-02
5.3416E-02
5.5444E-02
5.7165E-02
5.8608E-02
5.9251E-02
5.8087E-02
5.4467E-02
4.8298E-02
3.9941E-02
3.0568E-02
2.1625E-02
1.4333E-02
9.4839E-03
7.2953E-03
7.6215E-03
9.7555E-03
1.2835E-02
1.6238E-02
1.9746E-02
2.3627E-02
2.8052E-02
3.2294E-02
3.4995E-02
3.6222E-02
3.7854E-02
4.1485E-02
4.6680E-02
5.2012E-02
5.7360E-02
6.4010E-02
7.2797E-02
8.3331E-02
9.4815E-02
1.0655E-01
1.1780E-01
1.2821E-01
1.3791E-01
1.4668E-01
1.5376E-01
1.5882E-01
1.6203E-01
1.6340E-01
1.6269E-01
1.5922E-01
1.5226E-01
1.4123E-01
1.2612E-01
1.0818E-01
8.9656E-02
7.2741E-02
5.8460E-02
4.6818E-02
3.7384E-02
2.9525E-02
2.2443E-02
1.5736E-02
9.5373E-03
3.8412E-03
-1.7488E-03
-7.4547E-03
-1.3140E-02
-1.8417E-02
-2.2946E-02
-2.6647E-02
-2.9474E-02
-3.1151E-02
-3.1161E-02
-2.9311E-02
-2.5928E-02
-2.1240E-02
-1.4705E-02
-5.7624E-03
3.9812E-03
1.1227E-02
1.4486E-02
1.5515E-02
1.7202E-02
2.1363E-02
2.8484E-02
3.8016E-02
4.8593E-02
5.8582E-02
6.6571E-02
7.1948E-02
7.5227E-02
7.7426E-02
7.9218E-02
8.0480E-02
8.0358E-02
7.7741E-02
7.2326E-02
6.5176E-02
5.7949E-02
5.1619E-02
4.5797E-02
3.9833E-02
3.3594E-02
2.7151E-02
2.0625E-02
1.4163E-02
7.5459E-03
6.2485E-04
-5.8367E-03
-1.0363E-02
-1.2002E-02
-1.0654E-02
-6.5346E-03
-1.1292E-04
7.7027E-03
1.5750E-02
2.3031E-02
2.8810E-02
3.2445E-02
3.3049E-02
3.0331E-02
2.5368E-02
1.9882E-02
1.5215E-02
1.2259E-02
1.0647E-02
8.3869E-03
3.8596E-03
-2.6162E-03
-9.5233E-03
-1.5880E-02
-2.2041E-02
-2.7975E-02
-3.2894E-02
-3.6196E-02
-3.7395E-02
-3.5843E-02
-3.1584E-02
-2.6217E-02
-2.2069E-02
-1.9892E-02
-1.7724E-02
-1.3285E-02
-7.3643E-03
-2.5372E-03
-9.0454E-05
6.4622E-04
8.7012E-04
1.2879E-03
2.2964E-03
4.0150E-03
6.3587E-03
8.9642E-03
1.1382E-02
1.3200E-02
1.3904E-02
1.3297E-02
1.1598E-02
9.0301E-03
6.2023E-03
4.3679E-03
4.4533E-03
6.2443E-03
8.8180E-03
1.1558E-02
1.4393E-02
1.7095E-02
1.8860E-02
1.9251E-02
1.8881E-02
1.8158E-02
1.6686E-02
1.3970E-02
9.7396E-03
4.0602E-03
-2.9615E-03
-1.0899E-02
-1.8955E-02
-2.6776E-02
-3.4389E-02
-4.1368E-02
-4.6807E-02
-4.9991E-02
-5.1829E-02
-5.4437E-02
-5.8568E-02
-6.3060E-02
-6.6412E-02
-6.8209E-02
-6.8584E-02
-6.7398E-02
-6.5127E-02
-6.3285E-02
-6.2990E-02
-6.3392E-02
-6.2405E-02
-5.9188E-02
-5.5279E-02
-5.3006E-02
-5.3676E-02
-5.6686E-02
-5.9620E-02
-5.9787E-02
-5.5911E-02
-4.8948E-02
-4.0907E-02
-3.2876E-02
-2.4261E-02
-1.4034E-02
-2.6550E-03
7.9989E-03
1.6455E-02
2.2884E-02
2.8514E-02
3.4137E-02
3.9827E-02
4.4734E-02
4.7202E-02
4.6421E-02
4.2844E-02
3.7164E-02
2.9949E-02
2.1413E-02
1.1983E-02
2.1486E-03
-7.6571E-03
-1.6779E-02
-2.4482E-02
-2.9824E-02
-3.2073E-02
-3.1293E-02
-2.8555E-02
-2.5454E-02
-2.3545E-02
-2.3953E-02
-2.6925E-02
-3.2037E-02
-3.8563E-02
-4.5485E-02
-5.1984E-02
-5.8133E-02
-6.4437E-02
-7.1052E-02
-7.7741E-02
-8.4182E-02
-8.9895E-02
-9.4360E-02
-9.7250E-02
-9.8734E-02
-9.9358E-02
-9.9616E-02
-1.0008E-01
-1.0147E-01
-1.0439E-01
-1.0865E-01
-1.1320E-01
-1.1678E-01
-1.1890E-01
-1.1946E-01
-1.1817E-01
-1.1426E-01
-1.0684E-01
-9.6388E-02
-8.4373E-02
-7.1739E-02
-5.8335E-02
-4.3747E-02
-2.7766E-02
-1.0630E-02
6.9436E-03
2.4158E-02
4.0229E-02
5.4356E-02
6.5338E-02
7.1775E-02
7.3290E-02
7.1503E-02
6.9009E-02
6.7430E-02
6.7360E-02
6.8997E-02
7.2199E-02
7.5954E-02
7.8923E-02
8.1231E-02
8.4137E-02
8.7740E-02
9.0629E-02
9.1108E-02
8.8160E-02
8.1423E-02
7.0976E-02
5.7033E-02
4.0129E-02
2.1850E-02
4.0771E-03
-1.2864E-02
-2.9980E-02
-4.7900E-02
-6.6053E-02
-8.2796E-02
-9.6178E-02
-1.0524E-01
-1.1038E-01
-1.1240E-01
-1.1183E-01
-1.0936E-01
-1.0605E-01
-1.0198E-01
-9.6056E-02
-8.7117E-02
-7.4954E-02
-6.0689E-02
-4.6302E-02
-3.3757E-02
-2.4483E-02
-1.9216E-02
-1.7831E-02
-1.9113E-02
-2.1099E-02
-2.2038E-02
-2.1207E-02
-1.8882E-02
-1.5749E-02
-1.2546E-02
-1.0124E-02
-9.0234E-03
-8.9779E-03
-8.7711E-03
-6.7629E-03
-2.1421E-03
4.5699E-03
1.2584E-02
2.1849E-02
3.3127E-02
4.6707E-02
6.1736E-02
7.7155E-02
9.2733E-02
1.0878E-01
1.2469E-01
1.3869E-01
1.4902E-01
1.5467E-01
1.5606E-01
1.5440E-01
1.5026E-01
1.4280E-01
1.3058E-01
1.1323E-01
9.3017E-02
7.3824E-02
5.7136E-02
4.1155E-02
2.4372E-02
8.5583E-03
-2.7012E-03
-7.8265E-03
-7.6625E-03
-3.6267E-03
2.9394E-03
1.1126E-02
2.0563E-02
3.0970E-02
4.1489E-02
5.0372E-02
5.6437E-02
6.0665E-02
6.5913E-02
7.4418E-02
8.4931E-02
9.3046E-02
9.4965E-02
9.0812E-02
8.3753E-02
7.6571E-02
6.9753E-02
6.2440E-02
5.4213E-02
4.5343E-02
3.6032E-02
2.6593E-02
1.8182E-02
1.2654E-02
1.0857E-02
1.1692E-02
1.3240E-02
1.4220E-02
1.4633E-02
1.5098E-02
1.5980E-02
1.6387E-02
1.3868E-02
6.4231E-03
-4.7112E-03
-1.6201E-02
-2.6400E-02
-3.6951E-02
-5.0468E-02
-6.8152E-02
-8.8811E-02
-1.0903E-01
-1.2503E-01
-1.3553E-01
-1.4239E-01
-1.4813E-01
-1.5300E-01
-1.5510E-01
-1.5312E-01
-1.4752E-01
-1.3992E-01
-1.3193E-01
-1.2373E-01
-1.1393E-01
-1.0146E-01
-8.7206E-02
-7.3001E-02
-5.9619E-02
-4.6882E-02
-3.5618E-02
-2.8120E-02
-2.6047E-02
-2.8461E-02
-3.2182E-02
-3.4031E-02
-3.3172E-02
-3.1510E-02
-3.1852E-02
-3.5385E-02
-4.0990E-02
-4.6623E-02
-5.1041E-02
-5.4409E-02
-5.7644E-02
-6.1796E-02
-6.7482E-02
-7.4721E-02
-8.3571E-02
-9.4530E-02
-1.0743E-01
-1.1993E-01
-1.2765E-01
-1.2711E-01
-1.1884E-01
-1.0730E-01
-9.7292E-02
-9.0499E-02
-8.4774E-02
-7.6684E-02
-6.4998E-02
-5.1318E-02
-3.7779E-02
-2.4733E-02
-1.0784E-02
4.4617E-03
1.8923E-02
3.0473E-02
3.8277E-02
4.2630E-02
4.4592E-02
4.5381E-02
4.5872E-02
4.5916E-02
4.4350E-02
4.0870E-02
3.6758E-02
3.3680E-02
3.3059E-02
3.6048E-02
4.3020E-02
5.2916E-02
6.3797E-02
7.4126E-02
8.3217E-02
9.1644E-02
1.0041E-01
1.0950E-01
1.1780E-01
1.2415E-01
1.2760E-01
1.2685E-01
1.2109E-01
1.1171E-01
1.0123E-01
9.1141E-02
8.1537E-02
7.2148E-02
6.2982E-02
5.4757E-02
4.9215E-02
4.8127E-02
5.1602E-02
5.7581E-02
6.3246E-02
6.6833E-02
6.7768E-02
6.5601E-02
6.0236E-02
5.3179E-02
4.6924E-02
4.2651E-02
3.9183E-02
3.4369E-02
2.7480E-02
1.9516E-02
1.1239E-02
2.3240E-03
-7.4632E-03
-1.7732E-02
-2.8166E-02
-3.8354E-02
-4.7061E-02
-5.2606E-02
-5.4412E-02
-5.3307E-02
-5.1067E-02
-4.9529E-02
-4.9682E-02
-5.0901E-02
-5.1717E-02
-5.1859E-02
-5.2361E-02
-5.3640E-02
-5.4634E-02
-5.4012E-02
-5.1756E-02
-4.9109E-02
-4.7775E-02
-4.9447E-02
-5.4895E-02
-6.3011E-02
-7.1606E-02
-7.8576E-02
-8.3106E-02
-8.5551E-02
-8.5268E-02
-7.9649E-02
-6.5669E-02
-4.2922E-02
-1.5100E-02
1.1449E-02
3.1672E-02
4.4749E-02
5.3369E-02
6.0424E-02
6.6729E-02
7.1440E-02
7.3600E-02
7.3101E-02
7.0004E-02
6.4427E-02
5.7614E-02
5.1473E-02
4.6702E-02
4.2216E-02
3.6459E-02
2.9209E-02
2.1580E-02
1.5135E-02
1.1045E-02
9.9229E-03
1.2130E-02
1.7668E-02
2.5506E-02
3.4074E-02
4.2210E-02
4.9521E-02
5.5647E-02
5.9356E-02
5.9253E-02
5.5532E-02
5.0227E-02
4.5347E-02
4.1864E-02
4.0105E-02
4.0010E-02
4.0789E-02
4.1775E-02
4.2878E-02
4.3819E-02
4.3881E-02
4.2314E-02
3.8575E-02
3.2181E-02
2.3489E-02
1.3585E-02
3.4749E-03
-6.2354E-03
-1.4829E-02
-2.0731E-02
-2.2188E-02
-1.8963E-02
-1.2636E-02
-5.1335E-03
1.9011E-03
7.1553E-03
9.9474E-03
1.1016E-02
1.1721E-02
1.2385E-02
1.1720E-02
8.2408E-03
1.9609E-03
-5.3951E-03
-1.1602E-02
-1.5910E-02
-1.9080E-02
-2.1640E-02
-2.3402E-02
-2.4113E-02
-2.3974E-02
-2.3513E-02
-2.2970E-02
-2.2170E-02
-2.0831E-02
-1.8609E-02
-1.5437E-02
-1.1737E-02
-8.0302E-03
-4.6495E-03
-1.8375E-03
6.2566E-04
3.3411E-03
6.4750E-03
9.4977E-03
1.1795E-02
1.3337E-02
1.4393E-02
1.5136E-02
1.5655E-02
1.5926E-02
1.5898E-02
1.5889E-02
1.6516E-02
1.8437E-02
2.2149E-02
2.7739E-02
3.4628E-02
4.1428E-02
4.5476E-02
4.3229E-02
3.2520E-02
1.4491E-02
-6.2228E-03
-2.4335E-02
-3.7796E-02
-4.8088E-02
-5.7457E-02
-6.6451E-02
-7.4876E-02
-8.3294E-02
-9.1803E-02
-9.8995E-02
-1.0370E-01
-1.0699E-01
-1.1126E-01
-1.1791E-01
-1.2642E-01
-1.3477E-01
-1.4041E-01
-1.4230E-01
-1.4118E-01
-1.3833E-01
-1.3468E-01
-1.3042E-01
-1.2578E-01
-1.2172E-01
-1.1967E-01
-1.2079E-01
-1.2483E-01
-1.2967E-01
-1.3272E-01
-1.3261E-01
-1.2960E-01
-1.2470E-01
-1.1832E-01
-1.0988E-01
-9.8836E-02
-8.5546E-02
-7.1001E-02
-5.6245E-02
-4.2318E-02
-2.9843E-02
-1.9006E-02
-9.5391E-03
-8.8387E-04
6.5872E-03
1.1268E-02
1.1862E-02
8.5453E-03
2.9817E-03
-2.3043E-03
-5.4871E-03
-6.3212E-03
-6.1874E-03
-7.1638E-03
-1.0784E-02
-1.6981E-02
-2.4581E-02
-3.2459E-02
-3.9454E-02
-4.4323E-02
-4.6744E-02
-4.7480E-02
-4.7174E-02
-4.5382E-02
-4.1220E-02
-3.5002E-02
-2.8186E-02
-2.1674E-02
-1.4973E-02
-7.7372E-03
-7.5454E-04
4.8355E-03
8.1877E-03
9.1092E-03
8.3400E-03
7.2358E-03
7.1435E-03
8.5666E-03
1.0474E-02
1.1568E-02
1.0921E-02
8.1567E-03
3.5729E-03
-2.0486E-03
-8.3144E-03
-1.4883E-02
-2.1017E-02
-2.6424E-02
-3.1084E-02
-3.4326E-02
-3.5531E-02
-3.5391E-02
-3.5537E-02
-3.6822E-02
-3.8528E-02
-3.9623E-02
-4.0014E-02
-4.0341E-02
-4.1105E-02
-4.2300E-02
-4.3977E-02
-4.5949E-02
-4.7494E-02
-4.7760E-02
-4.6425E-02
-4.3610E-02
-3.9450E-02
-3.4150E-02
-2.8761E-02
-2.4886E-02
-2.3043E-02
-2.1940E-02
-2.0141E-02
-1.7369E-02
-1.3999E-02
-1.0453E-02
-7.0548E-03
-3.7508E-03
-1.1976E-05
4.5235E-03
9.7429E-03
1.5273E-02
2.0552E-02
2.4757E-02
2.7274E-02
2.8339E-02
2.8209E-02
2.6536E-02
2.3168E-02
1.8799E-02
1.4660E-02
1.1514E-02
9.5724E-03
9.0310E-03
9.5742E-03
9.9506E-03
9.0114E-03
6.5730E-03
2.8722E-03
-1.7237E-03
-6.5224E-03
-1.0500E-02
-1.2744E-02
-1.3473E-02
-1.3799E-02
-1.4259E-02
-1.3916E-02
-1.1473E-02
-7.2114E-03
-2.8745E-03
6.6517E-04
4.3335E-03
8.9417E-03
1.3689E-02
1.6979E-02
1.8119E-02
1.7561E-02
1.5755E-02
1.3384E-02
1.1211E-02
9.0901E-03
6.1528E-03
2.1786E-03
-2.1687E-03
-6.7493E-03
-1.2773E-02
-2.1331E-02
-3.1409E-02
-4.0469E-02
-4.6579E-02
-4.9761E-02
-5.1654E-02
-5.4112E-02
-5.7667E-02
-6.1567E-02
-6.4592E-02
-6.5717E-02
-6.4788E-02
-6.2996E-02
-6.2069E-02
-6.1858E-02
-6.0057E-02
-5.4966E-02
-4.7757E-02
-4.0616E-02
-3.3565E-02
-2.5136E-02
-1.4701E-02
-3.3127E-03
7.2844E-03
1.6289E-02
2.3638E-02
2.9024E-02
3.2165E-02
3.3369E-02
3.3532E-02
3.3455E-02
3.3374E-02
3.2825E-02
3.1161E-02
2.7917E-02
2.2802E-02
1.5951E-02
7.8083E-03
-1.6850E-03
-1.2925E-02
-2.5377E-02
-3.7073E-02
-4.5987E-02
-5.2142E-02
-5.7101E-02
-6.1692E-02
-6.4524E-02
-6.2901E-02
-5.5880E-02
-4.5280E-02
-3.4098E-02
-2.4848E-02
-1.8936E-02
-1.5548E-02
-1.1789E-02
-5.4241E-03
2.5488E-03
9.0548E-03
1.2293E-02
1.3338E-02
1.4348E-02
1.6012E-02
1.7281E-02
1.7492E-02
1.6548E-02
1.3752E-02
8.0786E-03
-8.8398E-04
-1.2522E-02
-2.5002E-02
-3.5489E-02
-4.1636E-02
-4.3027E-02
-4.1345E-02
-3.9407E-02
-3.9444E-02
-4.2626E-02
-4.8765E-02
-5.6031E-02
-6.1697E-02
-6.3622E-02
-6.1858E-02
-5.8082E-02
-5.2870E-02
-4.5005E-02
-3.4117E-02
-2.2523E-02
-1.3677E-02
-9.1011E-03
-7.7350E-03
-7.8203E-03
-8.6322E-03
-1.0550E-02
-1.3331E-02
-1.4969E-02
-1.2888E-02
-6.4127E-03
2.5037E-03
1.1017E-02
1.7453E-02
2.1605E-02
2.3862E-02
2.4221E-02
2.2787E-02
2.1101E-02
2.0871E-02
2.2453E-02
2.5063E-02
2.7709E-02
2.9770E-02
3.1497E-02
3.3813E-02
3.7433E-02
4.1825E-02
4.4853E-02
4.4716E-02
4.1996E-02
3.8534E-02
3.5585E-02
3.2779E-02
2.8638E-02
2.2637E-02
1.6070E-02
1.0576E-02
6.8238E-03
4.1534E-03
1.2894E-03
-2.9054E-03
-8.9434E-03
-1.6834E-02
-2.6495E-02
-3.7119E-02
-4.6992E-02
-5.4122E-02
-5.7784E-02
-5.9384E-02
-6.1029E-02
-6.3441E-02
-6.5668E-02
-6.7236E-02
-6.8915E-02
-7.1123E-02
-7.2987E-02
-7.3532E-02
-7.2996E-02
-7.2344E-02
-7.2075E-02
-7.1919E-02
-7.1324E-02
-6.9782E-02
-6.7282E-02
-6.4297E-02
-6.1017E-02
-5.7203E-02
-5.2281E-02
-4.5868E-02
-3.7871E-02
-2.8284E-02
-1.7792E-02
-7.1098E-03
3.1383E-03
1.1592E-02
1.6447E-02
1.6906E-02
1.3299E-02
6.5396E-03
-2.2725E-03
-1.2473E-02
-2.3250E-02
-3.2555E-02
-3.8064E-02
-3.9287E-02
-3.8847E-02
-3.9641E-02
-4.1116E-02
-3.9370E-02
-3.1069E-02
-1.6343E-02
1.9998E-03
2.0718E-02
3.7765E-02
5.3138E-02
6.8293E-02
8.4005E-02
9.9029E-02
1.1077E-01
1.1678E-01
1.1620E-01
1.1024E-01
1.0159E-01
9.2945E-02
8.5434E-02
7.8413E-02
7.0438E-02
6.0786E-02
5.0623E-02
4.2657E-02
3.9035E-02
3.9399E-02
4.1412E-02
4.2999E-02
4.3763E-02
4.4091E-02
4.4101E-02
4.3825E-02
4.3471E-02
4.3317E-02
4.3087E-02
4.1917E-02
3.9026E-02
3.4384E-02
2.8440E-02
2.1354E-02
1.2978E-02
3.2825E-03
-7.4786E-03
-1.8327E-02
-2.8084E-02
-3.5863E-02
-4.1489E-02
-4.5533E-02
-4.8396E-02
-4.9187E-02
-4.6124E-02
-3.8229E-02
-2.6722E-02
-1.4198E-02
-3.0790E-03
4.6725E-03
7.6599E-03
5.6190E-03
-4.0441E-04
-9.4144E-03
-2.0896E-02
-3.3859E-02
-4.6429E-02
-5.6753E-02
-6.4195E-02
-6.9990E-02
-7.5364E-02
-7.9961E-02
-8.2714E-02
-8.3575E-02
-8.4194E-02
-8.6038E-02
-8.8705E-02
-9.0885E-02
-9.2077E-02
-9.2414E-02
-9.1331E-02
-8.7236E-02
-7.9097E-02
-6.7750E-02
-5.5227E-02
-4.3491E-02
-3.4032E-02
-2.7674E-02
-2.3487E-02
-1.9086E-02
-1.2615E-02
-4.7933E-03
1.8474E-03
5.5719E-03
7.1107E-03
8.1408E-03
8.1796E-03
5.0380E-03
-2.5456E-03
-1.3322E-02
-2.4682E-02
-3.4935E-02
-4.4039E-02
-5.2886E-02
-6.1469E-02
-6.8228E-02
-7.1487E-02
-7.1205E-02
-6.8228E-02
-6.2566E-02
-5.3279E-02
-4.0213E-02
-2.5058E-02
-1.0020E-02
3.9734E-03
1.6927E-02
2.8664E-02
3.8875E-02
4.7491E-02
5.4802E-02
6.0575E-02
6.3999E-02
6.5124E-02
6.5414E-02
6.6659E-02
6.9079E-02
7.1362E-02
7.1447E-02
6.7964E-02
6.0866E-02
5.0857E-02
3.9767E-02
3.0319E-02
2.4754E-02
2.3514E-02
2.5331E-02
2.8343E-02
3.1063E-02
3.2448E-02
3.2211E-02
3.0764E-02
2.8555E-02
2.5421E-02
2.0557E-02
1.3722E-02
5.4711E-03
-3.5960E-03
-1.3286E-02
-2.3509E-02
-3.3897E-02
-4.4028E-02
-5.3363E-02
-6.1149E-02
-6.7030E-02
-7.1377E-02
-7.4151E-02
-7.4840E-02
-7.3700E-02
-7.1367E-02
-6.7772E-02
-6.2375E-02
-5.5251E-02
-4.7537E-02
-4.0418E-02
-3.3958E-02
-2.8104E-02
-2.3523E-02
-2.1129E-02
-2.1419E-02
-2.4051E-02
-2.8306E-02
-3.3769E-02
-4.0734E-02
-4.9668E-02
-6.0137E-02
-7.0918E-02
-8.0922E-02
-8.9662E-02
-9.7085E-02
-1.0313E-01
-1.0787E-01
-1.1127E-01
-1.1322E-01
-1.1407E-01
-1.1432E-01
-1.1382E-01
-1.1200E-01
-1.0924E-01
-1.0680E-01
-1.0550E-01
-1.0502E-01
-1.0484E-01
-1.0481E-01
-1.0505E-01
-1.0588E-01
-1.0765E-01
-1.1033E-01
-1.1349E-01
-1.1641E-01
-1.1869E-01
-1.2027E-01
-1.2133E-01
-1.2223E-01
-1.2340E-01
-1.2471E-01
-1.2568E-01
-1.2632E-01
-1.2669E-01
-1.2674E-01
-1.2650E-01
-1.2604E-01
-1.2514E-01
-1.2329E-01
-1.1977E-01
-1.1442E-01
-1.0817E-01
-1.0192E-01
-9.5759E-02
-8.9347E-02
-8.2587E-02
-7.5626E-02
-6.8523E-02
-6.1697E-02
-5.5956E-02
-5.1626E-02
-4.8300E-02
-4.5309E-02
-4.2166E-02
-3.8873E-02
-3.5460E-02
-3.1577E-02
-2.7383E-02
-2.3720E-02
-2.1106E-02
-1.9203E-02
-1.7618E-02
-1.6342E-02
-1.5247E-02
-1.3968E-02
-1.2299E-02
-1.0377E-02
-8.4857E-03
-6.5960E-03
-4.4837E-03
-1.5314E-03
2.8348E-03
8.6627E-03
1.5830E-02
2.4476E-02
3.4756E-02
4.6370E-02
5.8613E-02
7.0749E-02
8.2458E-02
9.3660E-02
1.0448E-01
1.1509E-01
1.2550E-01
1.3569E-01
1.4575E-01
1.5550E-01
1.6455E-01
1.7262E-01
1.7912E-01
1.8371E-01
1.8677E-01
1.8846E-01
1.8867E-01
1.8726E-01
1.8386E-01
1.7817E-01
1.7000E-01
1.5898E-01
1.4503E-01
1.2928E-01
1.1438E-01
1.0327E-01
9.7258E-02
9.5698E-02
9.6057E-02
9.5594E-02
9.3613E-02
9.1664E-02
9.1116E-02
9.1354E-02
9.0538E-02
8.7108E-02
8.0872E-02
7.2793E-02
6.5116E-02
6.0883E-02
6.1645E-02
6.5973E-02
7.0840E-02
7.4049E-02
7.4710E-02
7.1946E-02
6.4433E-02
5.1705E-02
3.6116E-02
2.2402E-02
1.4323E-02
1.1361E-02
8.6342E-03
1.1706E-03
-1.1818E-02
-2.7051E-02
-4.0580E-02
-5.0273E-02
-5.5769E-02
-5.7386E-02
-5.5338E-02
-4.9659E-02
-4.1313E-02
-3.2580E-02
-2.5880E-02
-2.2308E-02
-2.0673E-02
-1.7574E-02
-8.9389E-03
7.1457E-03
2.8101E-02
4.8668E-02
6.5186E-02
7.7452E-02
8.7227E-02
9.5777E-02
1.0414E-01
1.1335E-01
1.2367E-01
1.3425E-01
1.4395E-01
1.5214E-01
1.5890E-01
1.6475E-01
1.7035E-01
1.7612E-01
1.8268E-01
1.9072E-01
2.0054E-01
2.1136E-01
2.2106E-01
2.2727E-01
2.2801E-01
2.2272E-01
2.1377E-01
2.0779E-01
2.1349E-01
2.3545E-01
2.7110E-01
3.1365E-01
3.5453E-01
3.8272E-01
3.8774E-01
3.6933E-01
3.4311E-01
3.3059E-01
3.3837E-01
3.4851E-01
3.3539E-01
2.9224E-01
2.3729E-01
1.9349E-01
1.6774E-01
1.5223E-01
1.3928E-01
1.2768E-01
1.1798E-01
1.0806E-01
9.4616E-02
7.6177E-02
5.2513E-02
2.2240E-02
-1.6810E-02
-6.3663E-02
-1.1157E-01
-1.5019E-01
-1.7188E-01
-1.7636E-01
-1.6977E-01
-1.6124E-01
-1.5858E-01
-1.6427E-01
-1.7326E-01
-1.7781E-01
-1.7719E-01
-1.7802E-01
-1.8404E-01
-1.9055E-01
-1.9060E-01
-1.8256E-01
-1.6997E-01
-1.5785E-01
-1.5000E-01
-1.4626E-01
-1.4218E-01
-1.3455E-01
-1.2603E-01
-1.2135E-01
-1.2135E-01
-1.2424E-01
-1.2919E-01
-1.3432E-01
-1.3568E-01
-1.3149E-01
-1.2490E-01
-1.2084E-01
-1.2134E-01
-1.2496E-01
-1.3003E-01
-1.3617E-01
-1.4358E-01
-1.5196E-01
-1.6086E-01
-1.6987E-01
-1.7681E-01
-1.7851E-01
-1.7463E-01
-1.6936E-01
-1.6825E-01
-1.7289E-01
-1.8019E-01
-1.8660E-01
-1.9088E-01
-1.9291E-01
-1.9224E-01
-1.8864E-01
-1.8255E-01
-1.7473E-01
-1.6606E-01
-1.5738E-01
-1.4938E-01
-1.4293E-01
-1.3853E-01
-1.3556E-01
-1.3198E-01
-1.2594E-01
-1.1820E-01
-1.1232E-01
-1.1096E-01
-1.1259E-01
-1.1402E-01
-1.1484E-01
-1.1684E-01
-1.1956E-01
-1.2026E-01
-1.1733E-01
-1.1240E-01
-1.0829E-01
-1.0563E-01
-1.0177E-01
-9.3119E-02
-7.8160E-02
-5.8665E-02
-3.7890E-02
-1.7419E-02
3.6253E-03
2.6390E-02
5.0241E-02
7.3538E-02
9.5471E-02
1.1573E-01
1.3298E-01
1.4561E-01
1.5393E-01
1.5970E-01
1.6376E-01
1.6665E-01
1.7007E-01
1.7539E-01
1.8216E-01
1.8928E-01
1.9614E-01
2.0155E-01
2.0313E-01
1.9877E-01
1.8767E-01
1.7120E-01
1.5267E-01
1.3564E-01
1.2179E-01
1.1021E-01
9.9356E-02
8.8510E-02
7.7900E-02
6.9969E-02
7.0310E-02
8.4506E-02
1.1143E-01
1.4197E-01
1.6568E-01
1.7527E-01
1.6685E-01
1.4307E-01
1.1788E-01
1.1089E-01
1.2897E-01
1.5490E-01
1.6173E-01
1.3986E-01
1.0404E-01
7.4546E-02
5.8851E-02
5.1793E-02
4.6140E-02
3.8182E-02
2.8704E-02
2.2200E-02
2.2295E-02
2.8338E-02
3.7290E-02
4.5334E-02
4.7259E-02
3.8325E-02
2.0326E-02
4.5957E-03
5.1594E-03
2.6267E-02
5.6631E-02
7.7955E-02
7.9778E-02
6.6568E-02
5.3089E-02
5.2751E-02
6.7432E-02
8.6867E-02
9.9685E-02
1.0427E-01
1.0722E-01
1.1311E-01
1.2020E-01
1.2504E-01
1.2568E-01
1.2071E-01
1.0990E-01
9.6565E-02
8.5736E-02
7.9417E-02
7.5775E-02
7.2117E-02
6.7263E-02
6.1594E-02
5.6370E-02
5.3436E-02
5.4742E-02
6.1485E-02
7.2700E-02
8.4934E-02
9.4422E-02
9.8886E-02
9.7180E-02
8.9649E-02
7.9430E-02
7.1761E-02
7.0960E-02
7.6902E-02
8.3566E-02
8.1852E-02
6.5298E-02
3.5271E-02
1.6225E-03
-2.2519E-02
-2.9053E-02
-2.0771E-02
-9.2145E-03
-5.7316E-03
-1.2694E-02
-2.2420E-02
-2.6207E-02
-2.3158E-02
-1.8484E-02
-1.4869E-02
-9.7636E-03
-2.2227E-04
1.3178E-02
2.7496E-02
3.9535E-02
4.6812E-02
4.8169E-02
4.3810E-02
3.5520E-02
2.6968E-02
2.2039E-02
2.0976E-02
1.9182E-02
1.1518E-02
-2.4483E-03
-1.8769E-02
-3.3294E-02
-4.4003E-02
-5.0803E-02
-5.4438E-02
-5.5696E-02
-5.4430E-02
-5.0291E-02
-4.4326E-02
-3.8485E-02
-3.3963E-02
-3.0893E-02
-2.9351E-02
-2.8944E-02
-2.7267E-02
-2.0791E-02
-8.1879E-03
7.9842E-03
2.3743E-02
3.5830E-02
4.2362E-02
4.3274E-02
4.0213E-02
3.5485E-02
3.0345E-02
2.4909E-02
1.9735E-02
1.7172E-02
2.0586E-02
3.0774E-02
4.3571E-02
5.3263E-02
5.7310E-02
5.6198E-02
5.1400E-02
4.5735E-02
4.4065E-02
4.9559E-02
5.9175E-02
6.5810E-02
6.5678E-02
6.1400E-02
5.7323E-02
5.3930E-02
4.7688E-02
3.5545E-02
1.8314E-02
-1.8718E-04
-1.6242E-02
-2.8616E-02
-3.7822E-02
-4.4872E-02
-5.1540E-02
-5.9228E-02
-6.7656E-02
-7.4973E-02
-7.9569E-02
-8.0608E-02
-7.7624E-02
-7.1274E-02
-6.3226E-02
-5.5166E-02
-4.8370E-02
-4.3268E-02
-3.9480E-02
-3.6517E-02
-3.4539E-02
-3.4190E-02
-3.5513E-02
-3.7739E-02
-4.0606E-02
-4.4567E-02
-4.9072E-02
-5.2151E-02
-5.2690E-02
-5.1549E-02
-4.9389E-02
-4.5308E-02
-3.9131E-02
-3.3213E-02
-2.9899E-02
-2.9131E-02
-3.0204E-02
-3.3361E-02
-3.8251E-02
-4.3315E-02
-4.7896E-02
-5.2552E-02
-5.6869E-02
-5.8761E-02
-5.6360E-02
-4.9604E-02
-3.9267E-02
-2.6089E-02
-1.1497E-02
2.8194E-03
1.6302E-02
2.9769E-02
4.3910E-02
5.7555E-02
6.8619E-02
7.6148E-02
8.1147E-02
8.5153E-02
8.7605E-02
8.6909E-02
8.3199E-02
7.8304E-02
7.3486E-02
6.8728E-02
6.4207E-02
6.0213E-02
5.5909E-02
5.0534E-02
4.4775E-02
3.9733E-02
3.5808E-02
3.3331E-02
3.2299E-02
3.2138E-02
3.2664E-02
3.4218E-02
3.6283E-02
3.7139E-02
3.6476E-02
3.6469E-02
3.8451E-02
4.1373E-02
4.3502E-02
4.4218E-02
4.3507E-02
4.0947E-02
3.6404E-02
3.0937E-02
2.5789E-02
2.0800E-02
1.5063E-02
8.9727E-03
4.2604E-03
2.0811E-03
1.9083E-03
2.0467E-03
1.5469E-03
1.1336E-03
2.0960E-03
4.9368E-03
8.7397E-03
1.2259E-02
1.5150E-02
1.7984E-02
2.1710E-02
2.6687E-02
3.2365E-02
3.7920E-02
4.2997E-02
4.7435E-02
5.0808E-02
5.2831E-02
5.3878E-02
5.4774E-02
5.6115E-02
5.8104E-02
6.0829E-02
6.4489E-02
6.9300E-02
7.5046E-02
8.1205E-02
8.7056E-02
9.2323E-02
9.7035E-02
1.0129E-01
1.0527E-01
1.0892E-01
1.1211E-01
1.1509E-01
1.1828E-01
1.2182E-01
1.2524E-01
1.2793E-01
1.2936E-01
1.2962E-01
1.2938E-01
1.2933E-01
1.2965E-01
1.2998E-01
1.2985E-01
1.2917E-01
1.2845E-01
1.2814E-01
1.2774E-01
1.2622E-01
1.2307E-01
1.1845E-01
1.1229E-01
1.0446E-01
9.5528E-02
8.6494E-02
7.8151E-02
7.0423E-02
6.2286E-02
5.3318E-02
4.4520E-02
3.7142E-02
3.1718E-02
2.8112E-02
2.6083E-02
2.5620E-02
2.7336E-02
3.1315E-02
3.6054E-02
3.9196E-02
3.9381E-02
3.6818E-02
3.2377E-02
2.6866E-02
2.0824E-02
1.4874E-02
9.9686E-03
7.0455E-03
6.1424E-03
5.9475E-03
4.9045E-03
1.9067E-03
-3.2359E-03
-9.4673E-03
-1.4965E-02
-1.8802E-02
-2.1739E-02
-2.5009E-02
-2.9223E-02
-3.4121E-02
-3.8956E-02
-4.3351E-02
-4.7187E-02
-5.0340E-02
-5.2953E-02
-5.4951E-02
-5.5611E-02
-5.4038E-02
-5.0170E-02
-4.4737E-02
-3.8682E-02
-3.2390E-02
-2.5647E-02
-1.8562E-02
-1.2356E-02
-8.5385E-03
-7.1019E-03
-6.4722E-03
-5.3832E-03
-3.5916E-03
-1.1271E-03
1.9430E-03
5.6405E-03
9.5754E-03
1.2850E-02
1.4452E-02
1.3602E-02
9.8944E-03
3.7944E-03
-3.1443E-03
-9.8654E-03
-1.6848E-02
-2.5183E-02
-3.4703E-02
-4.3596E-02
-5.0020E-02
-5.4100E-02
-5.7697E-02
-6.2452E-02
-6.7489E-02
-7.0193E-02
-6.9635E-02
-6.7863E-02
-6.6950E-02
-6.6429E-02
-6.4755E-02
-6.1414E-02
-5.7305E-02
-5.4043E-02
-5.2226E-02
-5.0360E-02
-4.6107E-02
-3.8245E-02
-2.8060E-02
-1.8361E-02
-1.1188E-02
-6.9863E-03
-4.8098E-03
-3.1772E-03
-1.2661E-03
4.5784E-04
1.0673E-03
3.4829E-04
-1.5113E-03
-4.6133E-03
-8.8198E-03
-1.3269E-02
-1.6898E-02
-1.9400E-02
-2.1254E-02
-2.2894E-02
-2.4569E-02
-2.6625E-02
-2.9193E-02
-3.1415E-02
-3.2093E-02
-3.1177E-02
-2.9341E-02
-2.6586E-02
-2.2483E-02
-1.7032E-02
-1.0960E-02
-4.8821E-03
1.3614E-03
7.8742E-03
1.3846E-02
1.8475E-02
2.2098E-02
2.5520E-02
2.8557E-02
3.0058E-02
2.9368E-02
2.6803E-02
2.3215E-02
1.9445E-02
1.6396E-02
1.4574E-02
1.3370E-02
1.1608E-02
8.5896E-03
4.9992E-03
2.1179E-03
6.3360E-04
-2.2961E-05
-9.6696E-04
-2.3208E-03
-3.3840E-03
-3.4736E-03
-2.4226E-03
-8.7898E-04
5.0236E-04
1.7826E-03
3.5712E-03
6.0024E-03
8.3170E-03
9.6506E-03
1.0194E-02
1.0931E-02
1.1904E-02
1.1816E-02
9.7993E-03
6.3355E-03
2.5849E-03
-4.4883E-04
-1.8920E-03
-1.3909E-03
4.0509E-04
2.3643E-03
4.0349E-03
5.5746E-03
6.8666E-03
7.5004E-03
7.0653E-03
5.1672E-03
1.5536E-03
-3.2187E-03
-8.0333E-03
-1.2024E-02
-1.4632E-02
-1.5477E-02
-1.4857E-02
-1.3893E-02
-1.3644E-02
-1.4481E-02
-1.6222E-02
-1.8543E-02
-2.0837E-02
-2.2130E-02
-2.1329E-02
-1.8045E-02
-1.3587E-02
-9.9116E-03
-7.5005E-03
-5.3016E-03
-2.8718E-03
-1.4565E-03
-1.9618E-03
-3.5932E-03
-5.3284E-03
-7.2375E-03
-9.4626E-03
-1.1506E-02
-1.3183E-02
-1.4722E-02
-1.6172E-02
-1.7308E-02
-1.8157E-02
-1.9275E-02
-2.1251E-02
-2.4470E-02
-2.8879E-02
-3.3750E-02
-3.8209E-02
-4.1822E-02
-4.4588E-02
-4.6443E-02
-4.7177E-02
-4.6879E-02
-4.5851E-02
-4.4068E-02
-4.1286E-02
-3.7632E-02
-3.3566E-02
-2.9392E-02
-2.5638E-02
-2.2667E-02
-2.0128E-02
-1.7781E-02
-1.5911E-02
-1.4993E-02
-1.5072E-02
-1.5804E-02
-1.7230E-02
-1.9937E-02
-2.3979E-02
-2.8474E-02
-3.2240E-02
-3.4499E-02
-3.5432E-02
-3.5973E-02
-3.7040E-02
-3.8661E-02
-4.0074E-02
-4.0519E-02
-3.9701E-02
-3.7615E-02
-3.4009E-02
-2.9172E-02
-2.4355E-02
-2.0042E-02
-1.5493E-02
-1.0179E-02
-4.6580E-03
2.2782E-04
4.6005E-03
9.3356E-03
1.4512E-02
1.8714E-02
2.0676E-02
2.0807E-02
2.1265E-02
2.3783E-02
2.7666E-02
3.0708E-02
3.0841E-02
2.7142E-02
2.0573E-02
1.3401E-02
7.1605E-03
1.8442E-03
-3.2718E-03
-8.2050E-03
-1.2198E-02
-1.4783E-02
-1.6003E-02
-1.5930E-02
-1.4625E-02
-1.2692E-02
-1.1062E-02
-9.8837E-03
-8.3088E-03
-5.6186E-03
-1.9723E-03
2.0549E-03
5.8240E-03
8.3441E-03
9.2639E-03
9.2422E-03
8.5025E-03
6.6357E-03
3.4233E-03
-9.2703E-04
-5.7563E-03
-1.0410E-02
-1.4524E-02
-1.7841E-02
-2.0101E-02
-2.0927E-02
-2.0144E-02
-1.7888E-02
-1.4718E-02
-1.1568E-02
-9.4001E-03
-8.5276E-03
-8.5084E-03
-8.7056E-03
-8.5021E-03
-7.8541E-03
-7.4765E-03
-8.0297E-03
-9.2171E-03
-1.0360E-02
-1.1483E-02
-1.2888E-02
-1.4570E-02
-1.5933E-02
-1.6511E-02
-1.6493E-02
-1.6099E-02
-1.5349E-02
-1.3905E-02
-1.1485E-02
-8.1002E-03
-3.9971E-03
1.0369E-04
3.1173E-03
4.8117E-03
5.7015E-03
5.7731E-03
4.6441E-03
2.1529E-03
-1.3969E-03
-5.4507E-03
-9.4048E-03
-1.3108E-02
-1.7160E-02
-2.2057E-02
-2.7897E-02
-3.4332E-02
-4.0882E-02
-4.7484E-02
-5.4087E-02
-6.0269E-02
-6.5424E-02
-6.9490E-02
-7.2758E-02
-7.5200E-02
-7.6833E-02
-7.7971E-02
-7.8671E-02
-7.8649E-02
-7.8015E-02
-7.7308E-02
-7.6939E-02
-7.6682E-02
-7.5806E-02
-7.4246E-02
-7.2411E-02
-7.0460E-02
-6.8421E-02
-6.6134E-02
-6.3445E-02
-6.0282E-02
-5.6950E-02
-5.4195E-02
-5.2497E-02
-5.1546E-02
-5.0612E-02
-4.9347E-02
-4.7568E-02
-4.5026E-02
-4.2043E-02
-3.9427E-02
-3.8160E-02
-3.8564E-02
-3.9976E-02
-4.1818E-02
-4.4152E-02
-4.7127E-02
-5.0316E-02
-5.2960E-02
-5.4514E-02
-5.4658E-02
-5.3060E-02
-4.9898E-02
-4.6141E-02
-4.2614E-02
-3.9573E-02
-3.6689E-02
-3.3605E-02
-3.0179E-02
-2.6407E-02
-2.2510E-02
-1.8910E-02
-1.5926E-02
-1.3921E-02
-1.3489E-02
-1.4562E-02
-1.6551E-02
-1.9253E-02
-2.3188E-02
-2.8628E-02
-3.4759E-02
-3.9961E-02
-4.3203E-02
-4.4352E-02
-4.3702E-02
-4.1961E-02
-3.9625E-02
-3.6736E-02
-3.3071E-02
-2.8794E-02
-2.4813E-02
-2.1701E-02
-1.9354E-02
-1.7670E-02
-1.6636E-02
-1.5946E-02
-1.5200E-02
-1.4466E-02
-1.4371E-02
-1.5701E-02
-1.8454E-02
-2.1607E-02
-2.3839E-02
-2.4688E-02
-2.4988E-02
-2.5692E-02
-2.7045E-02
-2.8419E-02
-2.9145E-02
-2.9758E-02
-3.1306E-02
-3.4118E-02
-3.7862E-02
-4.1616E-02
-4.4464E-02
-4.5937E-02
-4.6363E-02
-4.6351E-02
-4.5988E-02
-4.4870E-02
-4.2842E-02
-4.0063E-02
-3.7119E-02
-3.5118E-02
-3.4660E-02
-3.5297E-02
-3.6467E-02
-3.7988E-02
-3.9734E-02
-4.1294E-02
-4.2248E-02
-4.2594E-02
-4.2860E-02
-4.3343E-02
-4.3834E-02
-4.3917E-02
-4.3455E-02
-4.2865E-02
-4.2408E-02
-4.1851E-02
-4.0947E-02
-3.9406E-02
-3.7087E-02
-3.4206E-02
-3.1169E-02
-2.8111E-02
-2.4903E-02
-2.1536E-02
-1.8416E-02
-1.6321E-02
-1.5496E-02
-1.5566E-02
-1.6271E-02
-1.7912E-02
-2.1083E-02
-2.6034E-02
-3.2129E-02
-3.8274E-02
-4.3421E-02
-4.7154E-02
-4.9801E-02
-5.1803E-02
-5.3125E-02
-5.3418E-02
-5.2220E-02
-4.9072E-02
-4.3890E-02
-3.7179E-02
-2.9740E-02
-2.2192E-02
-1.4809E-02
-7.7987E-03
-1.1864E-03
5.0893E-03
1.0965E-02
1.6334E-02
2.1048E-02
2.5024E-02
2.8393E-02
3.1017E-02
3.2503E-02
3.2965E-02
3.3154E-02
3.3701E-02
3.4973E-02
3.6941E-02
3.9238E-02
4.1410E-02
4.3021E-02
4.3991E-02
4.4368E-02
4.4079E-02
4.3276E-02
4.2261E-02
4.1009E-02
3.9369E-02
3.7346E-02
3.5153E-02
3.3056E-02
3.1108E-02
2.9051E-02
2.6509E-02
2.3264E-02
1.9534E-02
1.5766E-02
1.2444E-02
1.0093E-02
8.9708E-03
9.1402E-03
1.0162E-02
1.1135E-02
1.1500E-02
1.1203E-02
1.0593E-02
1.0109E-02
1.0119E-02
1.0827E-02
1.2286E-02
1.4202E-02
1.6055E-02
1.7626E-02
1.9076E-02
2.0317E-02
2.0991E-02
2.1144E-02
2.1261E-02
2.1451E-02
2.1586E-02
2.1919E-02
2.2981E-02
2.5299E-02
2.8944E-02
3.3699E-02
3.8983E-02
4.4032E-02
4.8524E-02
5.2198E-02
5.4687E-02
5.5726E-02
5.5364E-02
5.3919E-02
5.1465E-02
4.7859E-02
4.3053E-02
3.7501E-02
3.2287E-02
2.8174E-02
2.5095E-02
2.2642E-02
2.0377E-02
1.7827E-02
1.4670E-02
1.1136E-02
7.7503E-03
4.9100E-03
2.7746E-03
1.1390E-03
-2.6073E-04
-1.4537E-03
-2.4413E-03
-2.8272E-03
-1.9418E-03
2.0312E-04
2.7708E-03
4.8904E-03
6.4766E-03
7.6948E-03
8.9569E-03
1.0517E-02
1.2330E-02
1.4326E-02
1.6786E-02
2.0085E-02
2.4198E-02
2.8684E-02
3.3014E-02
3.6911E-02
4.0127E-02
4.2261E-02
4.3491E-02
4.4137E-02
4.4408E-02
4.4376E-02
4.3984E-02
4.3496E-02
4.3254E-02
4.3392E-02
4.3992E-02
4.4854E-02
4.5657E-02
4.6301E-02
4.6742E-02
4.7023E-02
4.7366E-02
4.7860E-02
4.8634E-02
4.9550E-02
5.0275E-02
5.0869E-02
5.1338E-02
5.1399E-02
5.0602E-02
4.8415E-02
4.4815E-02
4.0298E-02
3.5617E-02
3.1397E-02
2.7825E-02
2.4934E-02
2.2801E-02
2.1698E-02
2.1771E-02
2.2502E-02
2.3130E-02
2.3421E-02
2.3387E-02
2.2749E-02
2.1104E-02
1.8437E-02
1.5343E-02
1.2630E-02
1.0642E-02
9.1832E-03
8.1168E-03
7.4895E-03
7.0412E-03
6.0731E-03
4.1427E-03
1.5905E-03
-1.2598E-03
-4.3000E-03
-7.0730E-03
-9.2607E-03
-1.1071E-02
-1.2821E-02
-1.4336E-02
-1.5374E-02
-1.6235E-02
-1.6998E-02
-1.7631E-02
-1.8417E-02
-1.9563E-02
-2.1073E-02
-2.3260E-02
-2.6468E-02
-3.0428E-02
-3.4459E-02
-3.7931E-02
-4.0530E-02
-4.2215E-02
-4.3029E-02
-4.3096E-02
-4.2386E-02
-4.0692E-02
-3.8304E-02
-3.5508E-02
-3.2102E-02
-2.8228E-02
-2.4604E-02
-2.1770E-02
-1.9843E-02
-1.8563E-02
-1.7581E-02
-1.6542E-02
-1.5271E-02
-1.3941E-02
-1.3101E-02
-1.3112E-02
-1.3816E-02
-1.4936E-02
-1.6049E-02
-1.6753E-02
-1.6893E-02
-1.6530E-02
-1.5698E-02
-1.4542E-02
-1.3450E-02
-1.2517E-02
-1.1316E-02
-9.2250E-03
-6.1132E-03
-2.5081E-03
6.2435E-04
2.5265E-03
3.0193E-03
2.2073E-03
-4.2305E-05
-3.9684E-03
-9.1123E-03
-1.4148E-02
-1.7533E-02
-1.8497E-02
-1.7950E-02
-1.7295E-02
-1.7024E-02
-1.6352E-02
-1.4165E-02
-1.0759E-02
-7.9011E-03
-7.0568E-03
-8.0949E-03
-9.6143E-03
-1.0380E-02
-1.0278E-02
-9.7677E-03
-9.3880E-03
-9.2203E-03
-8.8565E-03
-7.6835E-03
-5.5455E-03
-2.8763E-03
-2.5415E-04
1.9454E-03
3.8730E-03
5.7858E-03
7.7327E-03
9.6380E-03
1.1180E-02
1.2226E-02
1.3268E-02
1.4813E-02
1.6891E-02
1.8974E-02
2.0290E-02
2.0393E-02
1.9135E-02
1.6689E-02
1.3399E-02
9.5865E-03
5.5176E-03
1.3743E-03
-2.1058E-03
-3.4230E-03
-1.7743E-03
2.0189E-03
6.6667E-03
1.1024E-02
1.4252E-02
1.6186E-02
1.7189E-02
1.7587E-02
1.6976E-02
1.5070E-02
1.2405E-02
1.0066E-02
8.6634E-03
7.7981E-03
6.5448E-03
4.3662E-03
1.1141E-03
-3.0809E-03
-7.6966E-03
-1.2449E-02
-1.7439E-02
-2.2489E-02
-2.7204E-02
-3.1132E-02
-3.3765E-02
-3.4922E-02
-3.5190E-02
-3.5585E-02
-3.6551E-02
-3.7661E-02
-3.8208E-02
-3.8093E-02
-3.7873E-02
-3.8091E-02
-3.8338E-02
-3.7695E-02
-3.5676E-02
-3.2211E-02
-2.7670E-02
-2.2788E-02
-1.8131E-02
-1.3661E-02
-9.3671E-03
-5.6820E-03
-3.2766E-03
-2.3132E-03
-2.1819E-03
-2.2099E-03
-2.4748E-03
-3.3561E-03
-4.8991E-03
-6.8629E-03
-8.9399E-03
-1.0795E-02
-1.2153E-02
-1.2921E-02
-1.3338E-02
-1.3776E-02
-1.4271E-02
-1.4913E-02
-1.5954E-02
-1.7243E-02
-1.8519E-02
-1.9658E-02
-2.0508E-02
-2.1092E-02
-2.1584E-02
-2.1819E-02
-2.1497E-02
-2.0638E-02
-1.9360E-02
-1.7443E-02
-1.4315E-02
-9.9999E-03
-5.2321E-03
-3.5435E-04
4.5018E-03
8.7799E-03
1.1611E-02
1.2896E-02
1.3506E-02
1.4155E-02
1.4814E-02
1.5221E-02
1.5580E-02
1.6138E-02
1.6553E-02
1.6353E-02
1.5506E-02
1.4085E-02
1.2144E-02
9.9774E-03
7.5647E-03
4.6843E-03
1.3391E-03
-2.0755E-03
-5.0702E-03
-7.4887E-03
-9.6236E-03
-1.1911E-02
-1.4509E-02
-1.7045E-02
-1.9085E-02
-2.0540E-02
-2.1317E-02
-2.1129E-02
-2.0068E-02
-1.8680E-02
-1.7512E-02
-1.6639E-02
-1.5942E-02
-1.5598E-02
-1.6135E-02
-1.7696E-02
-1.9582E-02
-2.1047E-02
-2.1971E-02
-2.2471E-02
-2.2654E-02
-2.2713E-02
-2.2632E-02
-2.2446E-02
-2.2303E-02
-2.2271E-02
-2.2436E-02
-2.2730E-02
-2.3150E-02
-2.3743E-02
-2.4378E-02
-2.4942E-02
-2.5527E-02
-2.6295E-02
-2.7362E-02
-2.8983E-02
-3.1273E-02
-3.3744E-02
-3.5752E-02
-3.6691E-02
-3.6073E-02
-3.3862E-02
-3.0733E-02
-2.7465E-02
-2.4222E-02
-2.1225E-02
-1.9061E-02
-1.7814E-02
-1.6951E-02
-1.6382E-02
-1.6569E-02
-1.7752E-02
-1.9575E-02
-2.1279E-02
-2.2381E-02
-2.2756E-02
-2.2356E-02
-2.1244E-02
-1.9817E-02
-1.8554E-02
-1.7380E-02
-1.5704E-02
-1.3408E-02
-1.1277E-02
-9.4889E-03
-7.3593E-03
-4.5526E-03
-1.2353E-03
2.0726E-03
4.9864E-03
7.4813E-03
9.5076E-03
1.0768E-02
1.1224E-02
1.0923E-02
9.6606E-03
7.5130E-03
4.9937E-03
2.5953E-03
4.5494E-04
-1.5310E-03
-3.2517E-03
-4.5649E-03
-5.5439E-03
-6.4987E-03
-7.6273E-03
-8.8522E-03
-9.9094E-03
-1.0755E-02
-1.1822E-02
-1.3225E-02
-1.4527E-02
-1.5674E-02
-1.6993E-02
-1.8368E-02
-1.9297E-02
-1.9321E-02
-1.8475E-02
-1.7000E-02
-1.4872E-02
-1.2107E-02
-9.0938E-03
-6.6846E-03
-5.6180E-03
-5.5369E-03
-5.4989E-03
-5.1664E-03
-4.8065E-03
-4.5409E-03
-4.2355E-03
-3.9853E-03
-4.0904E-03
-4.5650E-03
-5.0261E-03
-5.7468E-03
-7.4227E-03
-1.0089E-02
-1.3101E-02
-1.5975E-02
-1.8771E-02
-2.1476E-02
-2.3916E-02
-2.5621E-02
-2.6169E-02
-2.5765E-02
-2.5028E-02
-2.4289E-02
-2.3509E-02
-2.2662E-02
-2.1770E-02
-2.1065E-02
-2.0894E-02
-2.1562E-02
-2.2636E-02
-2.3184E-02
-2.3208E-02
-2.3192E-02
-2.3257E-02
-2.3442E-02
-2.3471E-02
-2.3141E-02
-2.2730E-02
-2.2587E-02
-2.2777E-02
-2.2787E-02
-2.2051E-02
-2.0560E-02
-1.8785E-02
-1.7279E-02
-1.6453E-02
-1.6286E-02
-1.6653E-02
-1.7594E-02
-1.9049E-02
-2.0578E-02
-2.1596E-02
-2.1907E-02
-2.1741E-02
-2.1376E-02
-2.0865E-02
-1.9924E-02
-1.8479E-02
-1.6991E-02
-1.5846E-02
-1.4755E-02
-1.3081E-02
-1.0474E-02
-7.6466E-03
-5.5022E-03
-3.9258E-03
-2.6102E-03
-1.8606E-03
-2.2245E-03
-3.5318E-03
-4.9467E-03
-6.0318E-03
-6.9772E-03
-7.7496E-03
-8.1831E-03
-8.4693E-03
-8.5169E-03
-7.8470E-03
-6.3378E-03
-4.4824E-03
-2.9745E-03
-1.6775E-03
-2.3834E-04
1.3820E-03
2.8307E-03
3.7486E-03
4.0731E-03
3.9698E-03
3.5584E-03
2.3381E-03
2.4377E-04
-1.9209E-03
-3.2383E-03
-3.6825E-03
-3.9510E-03
-4.6346E-03
-5.4423E-03
-5.7746E-03
-5.9714E-03
-6.7687E-03
-8.2610E-03
-9.9612E-03
-1.1472E-02
-1.2550E-02
-1.2956E-02
-1.2670E-02
-1.1930E-02
-1.1383E-02
-1.1537E-02
-1.1948E-02
-1.1728E-02
-1.0728E-02
-9.5354E-03
-8.2352E-03
-6.0996E-03
-2.8295E-03
5.8500E-04
3.0449E-03
4.5223E-03
5.4178E-03
5.7706E-03
5.9244E-03
6.8353E-03
8.7192E-03
1.0717E-02
1.2461E-02
1.4544E-02
1.7320E-02
2.0150E-02
2.2500E-02
2.4430E-02
2.6019E-02
2.7252E-02
2.8302E-02
2.9308E-02
3.0428E-02
3.1415E-02
3.1811E-02
3.1514E-02
3.0819E-02
2.9967E-02
2.8732E-02
2.6645E-02
2.3733E-02
2.0755E-02
1.8375E-02
1.6993E-02
1.6371E-02
1.6019E-02
1.5546E-02
1.4791E-02
1.3691E-02
1.2396E-02
1.1267E-02
1.0363E-02
9.6543E-03
9.2624E-03
9.2772E-03
9.7872E-03
1.1133E-02
1.3323E-02
1.5861E-02
1.8384E-02
2.1202E-02
2.4722E-02
2.8405E-02
3.1184E-02
3.2389E-02
3.2091E-02
3.1029E-02
3.0058E-02
2.9410E-02
2.9097E-02
2.9113E-02
2.9525E-02
3.0250E-02
3.1136E-02
3.2220E-02
3.3531E-02
3.4688E-02
3.5383E-02
3.6049E-02
3.6999E-02
3.8053E-02
3.9035E-02
3.9969E-02
4.0852E-02
4.1281E-02
4.0656E-02
3.8980E-02
3.6615E-02
3.3561E-02
2.9853E-02
2.5889E-02
2.2123E-02
1.8740E-02
1.6120E-02
1.4677E-02
1.4159E-02
1.3654E-02
1.2826E-02
1.1720E-02
1.0252E-02
8.4349E-03
6.4835E-03
4.8039E-03
3.5946E-03
2.6854E-03
1.9519E-03
1.8217E-03
2.6483E-03
4.4786E-03
7.3720E-03
1.1220E-02
1.5562E-02
1.9608E-02
2.2584E-02
2.4236E-02
2.4593E-02
2.3551E-02
2.0889E-02
1.6841E-02
1.2368E-02
8.1590E-03
4.3718E-03
1.0591E-03
-1.3733E-03
-2.3878E-03
-1.5083E-03
1.2625E-03
5.2751E-03
9.5843E-03
1.3561E-02
1.7252E-02
2.1026E-02
2.4885E-02
2.8721E-02
3.2694E-02
3.6864E-02
4.1219E-02
4.5524E-02
4.9359E-02
5.2625E-02
5.5677E-02
5.8923E-02
6.2189E-02
6.5164E-02
6.7609E-02
6.9462E-02
7.0713E-02
7.0899E-02
6.9173E-02
6.5264E-02
5.9870E-02
5.4039E-02
4.8367E-02
4.2898E-02
3.7326E-02
3.0749E-02
2.2535E-02
1.2767E-02
2.1921E-03
-7.8348E-03
-1.5841E-02
-2.0833E-02
-2.2803E-02
-2.2372E-02
-2.0159E-02
-1.7144E-02
-1.4099E-02
-1.1392E-02
-9.3356E-03
-8.3925E-03
-9.1105E-03
-1.1721E-02
-1.5825E-02
-2.0285E-02
-2.4004E-02
-2.6668E-02
-2.8592E-02
-2.9706E-02
-2.9719E-02
-2.8877E-02
-2.7786E-02
-2.7045E-02
-2.6954E-02
-2.7358E-02
-2.8304E-02
-2.9824E-02
-3.1263E-02
-3.1724E-02
-3.0750E-02
-2.8480E-02
-2.5008E-02
-2.0255E-02
-1.4258E-02
-7.3003E-03
3.4326E-04
8.7936E-03
1.8088E-02
2.7570E-02
3.6343E-02
4.4373E-02
5.2029E-02
5.8803E-02
6.3921E-02
6.7153E-02
6.8502E-02
6.7968E-02
6.5784E-02
6.2251E-02
5.7458E-02
5.0950E-02
4.2046E-02
3.0934E-02
1.8730E-02
6.4978E-03
-4.9727E-03
-1.4945E-02
-2.2661E-02
-2.7692E-02
-3.0140E-02
-3.0167E-02
-2.7835E-02
-2.3581E-02
-1.8510E-02
-1.3523E-02
-8.9595E-03
-5.2033E-03
-2.0928E-03
1.3632E-03
5.5102E-03
9.6304E-03
1.3008E-02
1.5947E-02
1.9249E-02
2.3128E-02
2.7071E-02
3.0506E-02
3.2977E-02
3.3706E-02
3.1696E-02
2.6662E-02
1.9658E-02
1.2311E-02
5.9433E-03
1.5727E-03
-5.0046E-04
-1.0119E-03
-2.7160E-04
2.1636E-03
6.4473E-03
1.1804E-02
1.7191E-02
2.2020E-02
2.6475E-02
3.1230E-02
3.6104E-02
4.0143E-02
4.2754E-02
4.4049E-02
4.4573E-02
4.4388E-02
4.2595E-02
3.8798E-02
3.3808E-02
2.8892E-02
2.4596E-02
2.0637E-02
1.7027E-02
1.4305E-02
1.2639E-02
1.1466E-02
9.9180E-03
8.0048E-03
6.7695E-03
7.2257E-03
9.2200E-03
1.1881E-02
1.4716E-02
1.7767E-02
2.1055E-02
2.4491E-02
2.7780E-02
3.0031E-02
3.0567E-02
2.9438E-02
2.7051E-02
2.3595E-02
1.9381E-02
1.5269E-02
1.2085E-02
1.0360E-02
9.8587E-03
9.7560E-03
9.3567E-03
9.1296E-03
9.8072E-03
1.1009E-02
1.1641E-02
1.1292E-02
1.0706E-02
1.0352E-02
9.5502E-03
7.6951E-03
5.4799E-03
4.0057E-03
3.2722E-03
2.1712E-03
-2.1858E-04
-3.4864E-03
-6.4234E-03
-7.7661E-03
-7.1504E-03
-5.0433E-03
-2.0234E-03
1.3345E-03
3.9910E-03
4.6212E-03
2.9967E-03
-4.7437E-05
-3.3117E-03
-5.6773E-03
-6.6440E-03
-6.4977E-03
-6.3162E-03
-6.7083E-03
-7.0478E-03
-6.5712E-03
-5.0432E-03
-2.3178E-03
1.4322E-03
5.2617E-03
8.2281E-03
1.0597E-02
1.3373E-02
1.6709E-02
1.9405E-02
1.9901E-02
1.7818E-02
1.4114E-02
9.8528E-03
5.7029E-03
1.6283E-03
-2.7622E-03
-7.5754E-03
-1.2436E-02
-1.6624E-02
-1.9786E-02
-2.2007E-02
-2.3587E-02
-2.4499E-02
-2.4398E-02
-2.2966E-02
-2.0268E-02
-1.7001E-02
-1.3830E-02
-1.1044E-02
-8.7672E-03
-7.2845E-03
-6.5851E-03
-5.7441E-03
-4.1538E-03
-2.4094E-03
-1.6360E-03
-2.2012E-03
-3.6171E-03
-5.6198E-03
-8.6767E-03
-1.2774E-02
-1.6908E-02
-2.0159E-02
-2.1986E-02
-2.2301E-02
-2.1939E-02
-2.1755E-02
-2.1817E-02
-2.1347E-02
-1.9396E-02
-1.5925E-02
-1.1762E-02
-7.7983E-03
-4.3544E-03
-1.1548E-03
1.8745E-03
4.1098E-03
4.6769E-03
3.3042E-03
4.1665E-04
-3.2588E-03
-6.8380E-03
-9.8094E-03
-1.2313E-02
-1.4502E-02
-1.5684E-02
-1.4826E-02
-1.1847E-02
-8.2609E-03
-5.7589E-03
-4.3105E-03
-2.7192E-03
-8.3982E-04
4.3224E-04
7.3652E-04
6.5702E-04
6.8240E-04
6.6539E-04
2.5126E-04
-4.0705E-04
-6.9951E-04
-5.4845E-04
-4.8729E-04
-6.0013E-04
-6.0181E-04
-4.2076E-04
-2.8813E-04
-3.1098E-04
-2.4507E-04
-3.4863E-05
-1.8719E-04
-1.4298E-03
-3.9973E-03
-7.5590E-03
-1.1671E-02
-1.6085E-02
-2.0591E-02
-2.4696E-02
-2.8023E-02
-3.1073E-02
-3.4012E-02
-3.6069E-02
-3.6829E-02
-3.6479E-02
-3.5790E-02
-3.5518E-02
-3.5576E-02
-3.5214E-02
-3.4003E-02
-3.2166E-02
-2.9943E-02
-2.7704E-02
-2.5563E-02
-2.3175E-02
-2.0202E-02
-1.7025E-02
-1.4184E-02
-1.1431E-02
-8.5720E-03
-5.5394E-03
-1.8982E-03
2.8789E-03
8.4404E-03
1.3718E-02
1.7939E-02
2.0941E-02
2.2598E-02
2.2739E-02
2.1587E-02
1.9529E-02
1.6719E-02
1.3256E-02
9.5784E-03
6.4235E-03
3.9943E-03
1.7741E-03
-5.6907E-04
-2.8900E-03
-4.8487E-03
-6.0057E-03
-5.9429E-03
-4.6848E-03
-2.7357E-03
-4.3609E-04
1.9904E-03
4.0343E-03
5.1804E-03
5.2393E-03
4.5680E-03
3.6354E-03
2.7817E-03
2.0586E-03
1.3901E-03
8.8743E-04
8.5450E-04
1.4052E-03
2.2753E-03
2.9218E-03
2.9150E-03
2.3520E-03
1.5310E-03
3.5471E-04
-1.9771E-03
-5.9276E-03
-1.1244E-02
-1.7578E-02
-2.4171E-02
-3.0059E-02
-3.4528E-02
-3.7552E-02
-3.9510E-02
-4.0426E-02
-4.0083E-02
-3.8705E-02
-3.7056E-02
-3.5779E-02
-3.5300E-02
-3.5582E-02
-3.6010E-02
-3.5700E-02
-3.3995E-02
-3.0777E-02
-2.6572E-02
-2.2039E-02
-1.7343E-02
-1.2692E-02
-8.8434E-03
-6.4806E-03
-5.8196E-03
-6.5207E-03
-8.3859E-03
-1.1160E-02
-1.3986E-02
-1.6027E-02
-1.7007E-02
-1.7125E-02
-1.6418E-02
-1.4664E-02
-1.2137E-02
-9.4792E-03
-6.7104E-03
-3.8167E-03
-1.1825E-03
8.1850E-04
2.0518E-03
2.4411E-03
2.0053E-03
1.0046E-03
-2.0758E-04
-1.7242E-03
-3.9083E-03
-6.7167E-03
-9.6930E-03
-1.2594E-02
-1.5520E-02
-1.8414E-02
-2.1123E-02
-2.3379E-02
-2.5234E-02
-2.7198E-02
-2.9361E-02
-3.1338E-02
-3.2708E-02
-3.3449E-02
-3.3847E-02
-3.4212E-02
-3.5032E-02
-3.6601E-02
-3.8609E-02
-4.0410E-02
-4.1456E-02
-4.1300E-02
-3.9802E-02
-3.7141E-02
-3.3795E-02
-3.0325E-02
-2.7348E-02
-2.4812E-02
-2.2035E-02
-1.8650E-02
-1.5074E-02
-1.2370E-02
-1.1459E-02
-1.2004E-02
-1.2935E-02
-1.3920E-02
-1.5348E-02
-1.7688E-02
-2.0797E-02
-2.4074E-02
-2.7221E-02
-2.9891E-02
-3.1645E-02
-3.2635E-02
-3.3240E-02
-3.3337E-02
-3.2313E-02
-3.0056E-02
-2.7266E-02
-2.4730E-02
-2.2791E-02
-2.1109E-02
-1.9119E-02
-1.6401E-02
-1.2893E-02
-9.0582E-03
-5.3541E-03
-1.7683E-03
1.3107E-03
2.9695E-03
2.6077E-03
4.5574E-04
-2.7146E-03
-6.1763E-03
-9.4073E-03
-1.2135E-02
-1.4496E-02
-1.6953E-02
-1.9612E-02
-2.2225E-02
-2.4477E-02
-2.6111E-02
-2.7186E-02
-2.8008E-02
-2.8820E-02
-2.9702E-02
-3.0430E-02
-3.0717E-02
-3.0587E-02
-3.0393E-02
-3.0430E-02
-3.0477E-02
-3.0144E-02
-2.9395E-02
-2.8539E-02
-2.8238E-02
-2.8841E-02
-2.9633E-02
-2.9840E-02
-2.9829E-02
-2.9956E-02
-2.9695E-02
-2.8559E-02
-2.6446E-02
-2.3350E-02
-1.9551E-02
-1.5687E-02
-1.1934E-02
-8.1450E-03
-4.5220E-03
-1.6026E-03
5.8013E-04
2.6657E-03
4.7682E-03
6.2370E-03
6.6951E-03
6.3850E-03
5.5539E-03
4.2879E-03
2.9131E-03
1.9863E-03
1.4435E-03
6.2363E-04
-3.7784E-04
-7.1718E-04
-1.2540E-04
9.6956E-04
2.0153E-03
2.8162E-03
3.3735E-03
3.4508E-03
3.0819E-03
2.7021E-03
2.7308E-03
3.1917E-03
3.7292E-03
4.2278E-03
5.0861E-03
6.4291E-03
7.7261E-03
8.3461E-03
8.2409E-03
7.3808E-03
5.4767E-03
2.6419E-03
-3.0229E-04
-2.7345E-03
-4.6027E-03
-5.7087E-03
-5.7246E-03
-4.3885E-03
-1.9982E-03
7.0580E-04
2.9792E-03
4.3928E-03
4.6156E-03
3.4980E-03
1.2089E-03
-1.7495E-03
-5.0992E-03
-8.4197E-03
-1.1097E-02
-1.2883E-02
-1.3871E-02
-1.4098E-02
-1.3629E-02
-1.2883E-02
-1.2545E-02
-1.3189E-02
-1.4633E-02
-1.6083E-02
-1.6827E-02
-1.6799E-02
-1.6214E-02
-1.5185E-02
-1.3697E-02
-1.1737E-02
-9.5180E-03
-7.2679E-03
-5.3491E-03
-4.1561E-03
-3.8008E-03
-4.0620E-03
-4.6404E-03
-5.5227E-03
-6.8023E-03
-8.1125E-03
-9.0455E-03
-9.5993E-03
-9.6710E-03
-8.9650E-03
-7.5089E-03
-5.7222E-03
-4.2343E-03
-3.3942E-03
-2.9592E-03
-2.4735E-03
-1.9310E-03
-1.4190E-03
-7.1847E-04
6.8139E-04
3.0042E-03
5.6181E-03
7.8393E-03
9.6414E-03
1.0899E-02
1.1007E-02
9.3091E-03
5.9183E-03
1.7914E-03
-1.9961E-03
-4.9334E-03
-7.0137E-03
-7.9486E-03
-7.2114E-03
-4.7486E-03
-1.1888E-03
2.4749E-03
5.5356E-03
7.6508E-03
8.7038E-03
8.6389E-03
7.5292E-03
5.9713E-03
4.8179E-03
4.4234E-03
4.6493E-03
5.2697E-03
6.0278E-03
6.5584E-03
6.4317E-03
5.5021E-03
4.0736E-03
2.5968E-03
1.5804E-03
1.4654E-03
2.4480E-03
4.5758E-03
7.4906E-03
1.0380E-02
1.2668E-02
1.4316E-02
1.5213E-02
1.5345E-02
1.4638E-02
1.2982E-02
1.0594E-02
8.0595E-03
5.8084E-03
4.1814E-03
3.3060E-03
3.0155E-03
3.2111E-03
3.5586E-03
3.8545E-03
4.3246E-03
5.3474E-03
6.8568E-03
8.4364E-03
9.8681E-03
1.1445E-02
1.3487E-02
1.5918E-02
1.8515E-02
2.1158E-02
2.3853E-02
2.6416E-02
2.8548E-02
3.0055E-02
3.0897E-02
3.1096E-02
3.0609E-02
2.9527E-02
2.7786E-02
2.5288E-02
2.2212E-02
1.9057E-02
1.6455E-02
1.4276E-02
1.1949E-02
9.7330E-03
8.3593E-03
8.2229E-03
9.0877E-03
1.0540E-02
1.2271E-02
1.4256E-02
1.6570E-02
1.9240E-02
2.2082E-02
2.4315E-02
2.5191E-02
2.4936E-02
2.4309E-02
2.3767E-02
2.3298E-02
2.3020E-02
2.3172E-02
2.3749E-02
2.4032E-02
2.3576E-02
2.2891E-02
2.2415E-02
2.2083E-02
2.1710E-02
2.1093E-02
2.0042E-02
1.8320E-02
1.5869E-02
1.2747E-02
9.1409E-03
5.4888E-03
2.5638E-03
8.2975E-04
8.8845E-05
-1.1458E-04
-1.7739E-04
-9.8518E-05
4.6124E-04
1.4750E-03
2.4608E-03
3.1179E-03
3.5335E-03
3.8573E-03
3.8745E-03
3.4821E-03
2.8842E-03
2.1857E-03
1.2865E-03
8.8727E-05
-1.2828E-03
-2.7693E-03
-4.3714E-03
-5.8827E-03
-7.1512E-03
-7.9346E-03
-7.7848E-03
-6.5561E-03
-4.5713E-03
-2.5324E-03
-8.6591E-04
3.3035E-04
9.5059E-04
9.9786E-04
4.3161E-04
-7.0848E-04
-2.1727E-03
-3.2939E-03
-3.7722E-03
-3.9032E-03
-3.9531E-03
-3.9277E-03
-3.5012E-03
-2.5560E-03
-1.2697E-03
1.8711E-04
1.6642E-03
3.0437E-03
4.1003E-03
4.7020E-03
4.9439E-03
5.0472E-03
5.1313E-03
5.1594E-03
4.9340E-03
4.3784E-03
3.7267E-03
3.2752E-03
2.8278E-03
2.0062E-03
5.4609E-04
-1.4035E-03
-3.1707E-03
-4.3021E-03
-4.9346E-03
-5.1653E-03
-4.9163E-03
-4.3171E-03
-3.3322E-03
-1.7518E-03
1.9338E-04
1.9627E-03
3.0307E-03
3.3998E-03
3.5300E-03
3.6270E-03
3.5798E-03
3.3875E-03
3.2640E-03
3.1570E-03
2.7038E-03
1.6810E-03
2.8863E-04
-1.0923E-03
-2.3061E-03
-3.3245E-03
-4.2105E-03
-4.9990E-03
-5.6702E-03
-6.3622E-03
-7.0750E-03
-7.7125E-03
-8.3814E-03
-9.3435E-03
-1.0649E-02
-1.2189E-02
-1.4057E-02
-1.6131E-02
-1.8042E-02
-1.9545E-02
-2.0449E-02
-2.0421E-02
-1.9355E-02
-1.7232E-02
-1.4167E-02
-1.0536E-02
-6.8683E-03
-3.7334E-03
-1.5360E-03
-5.2712E-04
-5.3270E-04
-1.0739E-03
-1.7880E-03
-2.3566E-03
-2.5107E-03
-2.3277E-03
-2.2219E-03
-2.2257E-03
-2.1388E-03
-2.0408E-03
-2.3149E-03
-3.1625E-03
-4.3965E-03
-5.9275E-03
-7.7473E-03
-9.6548E-03
-1.1081E-02
-1.1700E-02
-1.1567E-02
-1.0919E-02
-9.8593E-03
-8.7012E-03
-7.9776E-03
-7.6361E-03
-7.2098E-03
-6.7513E-03
-6.6158E-03
-6.8528E-03
-7.1216E-03
-7.0654E-03
-6.7707E-03
-6.5588E-03
-6.7794E-03
-7.4528E-03
-8.3460E-03
-9.4018E-03
-1.0453E-02
-1.1356E-02
-1.2366E-02
-1.3734E-02
-1.4949E-02
-1.5228E-02
-1.4557E-02
-1.3474E-02
-1.2517E-02
-1.1829E-02
-1.1363E-02
-1.1017E-02
-1.0861E-02
-1.0939E-02
-1.0874E-02
-1.0287E-02
-9.5163E-03
-8.8023E-03
-7.8620E-03
-6.5601E-03
-5.0916E-03
-3.5710E-03
-2.1292E-03
-7.8040E-04
5.5995E-04
2.0135E-03
3.6153E-03
5.1317E-03
6.4580E-03
7.8636E-03
9.4741E-03
1.0895E-02
1.1692E-02
1.1868E-02
1.1592E-02
1.0898E-02
9.8634E-03
8.8212E-03
8.0496E-03
7.5325E-03
7.0937E-03
6.8721E-03