4.5010E+03
1.0000E-02
-5.4800E-02
2.3823E-02
-1.5484E-02
1.0757E-02
-8.9054E-03
6.8574E-03
-6.2574E-03
5.0154E-03
-4.8223E-03
3.9537E-03
-3.9223E-03
3.2689E-03
-3.2958E-03
2.7926E-03
-2.8350E-03
2.4489E-03
-2.4774E-03
2.1890E-03
-2.1931E-03
1.9907E-03
-1.9560E-03
1.8265E-03
-1.7552E-03
1.7099E-03
-1.5854E-03
1.5971E-03
-1.4347E-03
1.5172E-03
-1.3038E-03
1.4512E-03
-1.1728E-03
1.3906E-03
-1.0771E-03
1.3562E-03
-9.8601E-04
1.2999E-03
-8.7758E-04
1.2764E-03
-8.1577E-04
1.2577E-03
-7.3855E-04
1.2281E-03
-6.3743E-04
1.1917E-03
-5.7128E-04
1.2119E-03
-5.3560E-04
1.1810E-03
-4.6122E-04
1.1917E-03
-4.3597E-04
1.1700E-03
-3.4681E-04
1.1659E-03
-2.7300E-04
1.1521E-03
-2.6337E-04
1.1818E-03
-2.1517E-04
1.2107E-03
-1.8856E-04
1.1781E-03
-7.2814E-05
1.2027E-03
-8.7063E-05
1.1527E-03
2.5467E-05
1.2225E-03
-5.3541E-05
1.2077E-03
8.9526E-05
1.1555E-03
1.2039E-04
1.2492E-03
7.1699E-05
1.2441E-03
1.3320E-04
1.2759E-03
1.7205E-04
1.2432E-03
2.2122E-04
1.2408E-03
2.6297E-04
1.2258E-03
3.5560E-04
1.1844E-03
3.4613E-04
1.2391E-03
2.4949E-04
1.3214E-03
4.4417E-04
1.2777E-03
3.3673E-04
1.3284E-03
3.5397E-04
1.3050E-03
4.9328E-04
1.2927E-03
4.6321E-04
1.3338E-03
4.2632E-04
1.3225E-03
5.6546E-04
1.3278E-03
4.7068E-04
1.3482E-03
5.5385E-04
1.3242E-03
6.0596E-04
1.2545E-03
6.2915E-04
1.3235E-03
6.3494E-04
1.3067E-03
5.0540E-04
1.3674E-03
7.0166E-04
1.3988E-03
6.8493E-04
1.2559E-03
7.4443E-04
1.2588E-03
6.9920E-04
1.4570E-03
6.2945E-04
1.2797E-03
8.0923E-04
1.4303E-03
7.0058E-04
1.4202E-03
8.8557E-04
1.4188E-03
7.4790E-04
1.3631E-03
8.1526E-04
1.5271E-03
8.2220E-04
1.3820E-03
7.2586E-04
1.2613E-03
9.3022E-04
1.3377E-03
7.9237E-04
1.4317E-03
6.2964E-04
1.5662E-03
6.7252E-04
1.2924E-03
8.7166E-04
1.2481E-03
7.9816E-04
1.1997E-03
1.0124E-03
1.2412E-03
6.3644E-04
1.3766E-03
9.1455E-04
1.3861E-03
6.0143E-04
1.2838E-03
8.7690E-04
1.1905E-03
8.8079E-04
1.6492E-03
4.9878E-04
1.2718E-03
9.4042E-04
1.3468E-03
1.0253E-03
1.3963E-03
7.5319E-04
1.4312E-03
8.8090E-04
1.3697E-03
9.2739E-04
1.2613E-03
7.8954E-04
1.3678E-03
9.5813E-04
1.1025E-03
7.6018E-04
1.5552E-03
7.2876E-04
1.1642E-03
6.7037E-04
1.2490E-03
8.2965E-04
1.0433E-03
8.2974E-04
1.2101E-03
6.6083E-04
1.0874E-03
7.0203E-04
1.0124E-03
8.1657E-04
1.1290E-03
7.2565E-04
1.2641E-03
7.8504E-04
8.7133E-04
9.8660E-04
1.0208E-03
7.0522E-04
1.2466E-03
6.6555E-04
1.0838E-03
6.7147E-04
1.1508E-03
8.8834E-04
7.9114E-04
7.5585E-04
9.9375E-04
6.5048E-04
1.0514E-03
4.8058E-04
9.3619E-04
4.3309E-04
1.1072E-03
8.9054E-04
9.2901E-04
4.1503E-04
9.8993E-04
5.8609E-04
7.9928E-04
4.1400E-04
9.2549E-04
6.0843E-04
1.1592E-03
6.4846E-04
7.0241E-04
3.6942E-04
8.7604E-04
5.1679E-04
6.6361E-04
4.1345E-04
1.1246E-03
5.7200E-04
5.9389E-04
3.9457E-04
1.0503E-03
6.5863E-04
7.4042E-04
1.7228E-04
8.4547E-04
1.9967E-04
5.2468E-04
5.5656E-04
6.9393E-04
1.1101E-04
7.3964E-04
2.8043E-04
5.9641E-04
-1.1424E-04
7.8807E-04
9.1435E-05
3.9313E-04
5.2217E-04
4.1536E-04
4.4729E-04
5.3390E-04
8.5598E-06
6.0049E-04
1.0147E-04
6.9297E-04
1.7691E-04
2.3237E-04
3.3570E-04
6.4274E-04
-1.4423E-04
5.6054E-04
4.9432E-04
2.3885E-04
3.3557E-04
5.2462E-04
1.1607E-04
3.9911E-04
1.8096E-04
3.1424E-04
4.1447E-04
2.0315E-04
-3.4300E-06
5.2446E-04
-5.3112E-05
3.5560E-04
5.9399E-06
3.2805E-04
5.9329E-05
7.7372E-04
-2.8581E-04
3.2479E-04
3.7409E-04
3.4859E-04
2.2658E-04
2.5357E-04
1.0687E-04
7.8020E-04
2.3245E-04
4.3394E-04
7.8411E-05
1.2927E-04
7.9067E-05
4.3373E-04
2.4423E-04
1.8170E-04
3.6353E-04
6.2378E-04
-5.2312E-05
3.8205E-04
2.3788E-05
3.5260E-04
5.7544E-05
2.6110E-04
-2.3137E-04
7.3953E-04
2.2706E-04
5.0008E-04
-2.2948E-05
-1.8849E-04
-4.3792E-04
1.2088E-04
-4.6612E-04
-8.4532E-05
2.4010E-04
1.2986E-04
2.0741E-05
6.6066E-04
-3.4827E-04
1.8181E-04
-1.3589E-04
-6.6612E-05
-1.0468E-04
8.0405E-05
-2.1986E-05
8.5199E-04
-3.1748E-04
4.9341E-04
6.1771E-04
8.9711E-05
4.3675E-04
1.1107E-03
-4.4784E-04
6.9764E-04
-1.1637E-06
-1.0176E-03
-1.2203E-03
-1.1116E-03
3.1629E-04
1.5368E-03
-6.6522E-05
1.9725E-04
-1.0845E-03
-9.5004E-04
7.9265E-04
-2.5388E-04
-2.3100E-03
-1.7809E-03
-1.7769E-03
-8.4947E-04
-1.1659E-04
3.4817E-04
-4.4852E-04
-1.4640E-03
-1.1197E-03
8.4407E-04
7.9639E-05
-1.2015E-04
1.5933E-03
1.7570E-03
1.4975E-03
1.9753E-03
2.3199E-04
-5.2690E-04
-2.2857E-04
-7.2149E-04
-1.4956E-03
-1.0393E-03
1.4377E-03
4.8079E-05
-2.7214E-03
1.6905E-03
1.2782E-03
-1.5962E-03
-5.7117E-04
7.7149E-04
-2.5643E-03
-1.9990E-03
4.6308E-04
1.8304E-03
5.5260E-04
-2.2491E-03
5.8282E-04
2.9622E-03
-2.6651E-03
4.6522E-03
9.1532E-03
5.8098E-04
3.6251E-04
3.4273E-03
-9.6965E-06
-1.8320E-03
-1.4720E-03
4.2483E-03
8.0443E-03
-1.4409E-04
1.5520E-03
4.7834E-03
-3.7557E-03
4.6239E-03
6.1187E-03
-7.3188E-04
-2.9972E-03
-3.7258E-03
3.7115E-03
5.0995E-03
-2.0592E-03
2.1017E-04
-3.6171E-03
-1.1060E-02
-1.4808E-03
5.3961E-03
2.8016E-04
-1.0430E-03
-4.1059E-03
-6.5142E-03
-6.2866E-03
-1.4838E-03
8.4771E-04
5.1919E-04
9.7125E-05
3.6785E-03
2.0136E-03
-2.8638E-03
2.4772E-03
9.5414E-04
-2.6108E-04
-2.5901E-04
7.0685E-04
1.1527E-05
1.3301E-03
2.8916E-03
2.4000E-03
2.1968E-03
-2.8452E-03
-9.2645E-04
-8.1958E-04
-3.6921E-03
-4.4259E-03
-7.3273E-03
-8.2693E-03
-5.0288E-03
-6.2357E-03
-1.1043E-03
1.1387E-03
-4.8076E-03
-2.5373E-03
1.7391E-03
-6.2971E-03
-9.5084E-03
-9.2702E-03
-6.0787E-03
-3.8046E-03
-6.3537E-03
-1.4677E-03
1.0815E-02
9.6886E-03
-5.8963E-04
9.1421E-05
-6.2364E-03
-9.3247E-03
1.8264E-05
2.4370E-03
-2.8343E-03
-1.5250E-02
-1.1542E-02
-3.3608E-03
-8.6406E-03
-6.2206E-03
-4.8929E-03
-8.6922E-03
-1.1502E-02
-2.3102E-03
7.7877E-04
-1.3384E-02
-9.4201E-03
-1.0646E-02
-1.4010E-02
2.8467E-03
1.4280E-02
7.5775E-03
-3.2747E-04
7.5196E-03
1.1595E-02
1.0404E-02
-5.3057E-03
-1.1634E-02
-1.5031E-03
-7.1733E-03
7.2859E-03
1.0127E-02
-1.1028E-02
-7.0273E-03
-2.7948E-04
-3.4023E-03
-1.2910E-02
-1.3167E-02
-1.3988E-03
-8.6579E-03
-2.3479E-02
-2.2600E-02
-2.0652E-02
-2.6177E-02
-2.0227E-02
-2.2455E-02
-2.4825E-02
-2.5986E-02
-1.8148E-02
-9.8118E-03
-1.2033E-02
-1.6258E-02
-1.3935E-02
-1.4311E-02
-1.0431E-02
6.8545E-03
1.2632E-02
8.9561E-03
1.6900E-02
1.1989E-02
1.1700E-02
1.6509E-02
1.8479E-02
2.0005E-02
1.8023E-02
1.9378E-02
2.6177E-02
2.4704E-02
1.9780E-02
2.9670E-02
2.3518E-02
9.4113E-03
1.6005E-02
1.1667E-02
1.8030E-02
2.6528E-02
4.7801E-03
5.3209E-03
1.4336E-02
1.2302E-02
3.1739E-02
2.5518E-02
1.1975E-02
1.2162E-02
-1.2547E-03
-1.6868E-03
7.8950E-03
7.0551E-03
8.4410E-03
1.1423E-02
3.6603E-03
1.5980E-02
2.6090E-02
2.2192E-02
2.6563E-02
1.3640E-02
-2.2940E-03
5.2377E-03
7.8132E-03
1.4550E-02
2.5315E-02
1.2263E-02
-1.3640E-02
-2.4536E-02
-2.4090E-02
-1.7945E-02
-9.7330E-03
-2.3378E-02
-4.1988E-02
-4.6561E-02
-4.3631E-02
-3.5646E-02
-3.4190E-02
-4.1005E-02
-3.3403E-02
-3.1172E-02
-2.2321E-02
-1.2246E-02
-2.1421E-02
-2.4296E-02
-1.6077E-02
-1.0382E-02
-4.6601E-03
-8.5299E-03
-1.0968E-02
5.8294E-03
1.4503E-02
1.2564E-02
5.7955E-03
-1.5069E-02
-2.3907E-02
-2.2755E-02
-1.5454E-02
-1.6558E-02
-2.9680E-02
-2.6595E-02
-2.2344E-02
-2.1738E-02
-1.6083E-02
-2.0114E-02
-3.9230E-02
-3.6343E-02
-2.6091E-02
-3.8449E-02
-5.1972E-02
-5.1447E-02
-3.3352E-02
-9.5947E-03
-1.2677E-02
-3.7426E-02
-2.2196E-02
1.7229E-03
1.7512E-02
1.7000E-02
-1.5679E-02
-3.3767E-02
-3.9898E-02
-1.8227E-02
-1.5389E-03
-1.7615E-02
-3.7171E-02
-2.7761E-02
-4.6734E-03
-1.3318E-02
-1.8499E-02
-1.8235E-02
-2.9115E-02
-4.5514E-02
-3.2518E-02
1.3888E-03
8.5083E-03
2.8821E-02
6.1944E-02
6.7553E-02
5.7199E-02
7.9564E-02
1.0123E-01
9.3979E-02
9.7996E-02
1.2096E-01
1.0872E-01
8.4098E-02
1.1279E-01
1.3250E-01
1.0609E-01
9.8547E-02
1.0159E-01
8.1150E-02
7.1593E-02
5.7901E-02
3.1580E-02
5.3647E-03
-6.0364E-03
1.7010E-03
5.2109E-03
-2.0779E-02
-2.6408E-02
9.3060E-03
8.6866E-03
-2.4013E-02
-4.7479E-02
-5.6835E-02
-4.1743E-02
-3.4771E-02
-3.4179E-02
-1.9997E-02
3.3165E-03
1.3074E-02
2.0036E-02
2.0456E-02
1.7866E-02
3.0671E-02
3.7032E-02
1.3636E-02
-3.0527E-03
1.0894E-02
2.9967E-02
1.3783E-02
4.7938E-03
1.1102E-02
1.1337E-02
1.4166E-02
-5.7806E-04
-1.9389E-02
-3.1622E-02
-4.9560E-02
-5.3599E-02
-6.3330E-02
-8.3178E-02
-4.9332E-02
-3.2707E-03
-3.1281E-03
-1.5648E-02
-3.3354E-02
-1.9270E-02
1.0135E-03
-4.9626E-03
-1.8396E-02
-1.9948E-02
-2.0142E-02
-1.6106E-02
-2.5923E-03
8.8797E-03
3.0847E-02
5.3414E-02
4.1170E-02
1.9833E-02
2.2189E-02
2.4755E-02
1.8553E-02
2.3179E-02
4.9122E-03
-8.0822E-03
1.6764E-02
3.7062E-02
4.6397E-02
6.6349E-02
4.1294E-02
-1.0917E-02
-1.5190E-02
-2.5809E-02
-3.9348E-02
-2.6578E-02
-3.4095E-02
-5.2213E-02
-5.1864E-02
-5.5096E-02
-4.0332E-02
-1.5629E-02
-3.9177E-02
-3.3335E-02
-1.7416E-02
-4.9326E-02
-3.7356E-02
-1.5340E-02
-2.0915E-02
-3.5450E-02
-3.0701E-02
-1.9382E-02
-3.4957E-03
2.7378E-02
2.7871E-02
1.1413E-02
-2.6673E-02
-4.8644E-02
-3.0184E-02
-2.8140E-02
-2.3654E-02
-1.0844E-02
-1.8729E-02
-3.3100E-02
-2.6774E-02
-2.2032E-02
-2.9137E-02
-3.6696E-02
-4.9042E-02
-5.1595E-02
-5.0782E-02
-5.2174E-02
-5.3463E-02
-5.0331E-02
-5.1693E-02
-5.3406E-02
-5.1861E-02
-5.6174E-02
-2.9994E-02
-1.3278E-03
-8.4942E-03
-8.2894E-03
-2.2524E-02
-4.1450E-02
-1.8713E-02
-7.6063E-03
-7.1089E-03
3.1067E-03
-6.6752E-03
1.3498E-02
2.8929E-02
7.1686E-03
-1.2505E-03
-3.6590E-03
-5.7378E-03
-1.1019E-02
-1.7663E-02
2.5580E-03
5.7106E-03
-7.7401E-03
2.4488E-03
1.9986E-02
2.4330E-02
4.2730E-02
3.7874E-02
2.4257E-02
2.3788E-02
3.0699E-02
4.6742E-02
3.5716E-02
1.2980E-02
4.4387E-02
6.4069E-02
8.1236E-02
1.0103E-01
6.2120E-02
4.8715E-02
6.4599E-02
4.0745E-02
4.1892E-02
6.2920E-02
4.3250E-02
5.4279E-02
6.1769E-02
5.7573E-02
8.5297E-02
9.5463E-02
7.9622E-02
4.8936E-02
2.5648E-02
3.2752E-02
5.3894E-02
3.1947E-02
1.0025E-02
1.1827E-02
-7.8735E-03
4.8425E-03
2.0421E-02
-5.2052E-03
-2.4232E-02
-2.1395E-02
-4.5466E-02
-8.5379E-02
-9.1947E-02
-9.1484E-02
-6.5557E-02
-7.1257E-02
-7.7352E-02
-5.8473E-02
-7.6342E-02
-7.1270E-02
-5.2356E-02
-5.8434E-02
-6.5925E-02
-6.5817E-02
-5.8441E-02
-7.5232E-02
-6.0714E-02
1.5567E-03
2.6738E-02
1.8823E-02
8.4123E-03
-1.6557E-02
-9.7084E-03
3.0229E-03
-2.4442E-02
-2.3255E-02
-1.6505E-02
-1.9510E-02
1.7658E-02
2.0866E-02
2.0261E-02
4.1145E-02
4.0184E-02
2.9067E-02
1.4197E-02
1.6586E-02
1.1861E-02
2.9712E-02
-6.1196E-03
-4.4888E-02
-6.9054E-03
3.7559E-03
3.0165E-02
5.8862E-02
1.1497E-02
-1.2945E-02
-9.9079E-04
-2.9701E-02
-5.5474E-02
-5.3803E-02
-7.0221E-02
-8.2686E-02
-6.6462E-02
-7.3782E-02
-9.1445E-02
-7.3606E-02
-7.3140E-02
-1.0322E-01
-1.1937E-01
-1.1498E-01
-9.1252E-02
-7.3311E-02
-5.8627E-02
-4.0643E-02
-5.3971E-02
-5.2805E-02
-1.9420E-02
-2.3136E-02
-4.8671E-02
-4.0087E-02
-3.6592E-02
-4.3449E-02
-3.1402E-02
-2.1474E-02
-3.4255E-02
-5.1103E-02
-6.2543E-02
-4.4684E-02
-5.6334E-02
-8.1548E-02
-6.2723E-02
-7.3603E-02
-9.6006E-02
-9.6977E-02
-1.0185E-01
-1.1866E-01
-1.1977E-01
-1.1988E-01
-1.1632E-01
-9.6580E-02
-8.6465E-02
-5.8144E-02
-5.1784E-02
-4.5344E-02
-1.6817E-02
-4.4719E-02
-8.9900E-02
-4.7755E-02
-2.5501E-02
-1.2531E-02
1.1161E-02
-1.0485E-03
2.2929E-02
3.9231E-02
6.7505E-02
1.0085E-01
7.3175E-02
6.0567E-02
7.2888E-02
7.6700E-02
1.0148E-01
1.3168E-01
1.3789E-01
1.2215E-01
1.0744E-01
1.2422E-01
1.4501E-01
1.5598E-01
1.7432E-01
1.4848E-01
1.0680E-01
1.0647E-01
1.2410E-01
1.0893E-01
1.1264E-01
1.0150E-01
5.0981E-02
2.8531E-02
1.2933E-02
1.3881E-02
-1.0918E-02
-3.4786E-02
-3.9846E-02
-7.0480E-02
-8.2026E-02
-1.0922E-01
-1.2881E-01
-1.2216E-01
-1.2863E-01
-1.5526E-01
-1.3854E-01
-1.2492E-01
-1.2528E-01
-9.4367E-02
-9.8966E-02
-1.1908E-01
-1.1814E-01
-1.1677E-01
-1.1529E-01
-1.0270E-01
-5.3547E-02
-9.5549E-03
-1.5866E-02
-3.6125E-02
-1.7622E-02
-8.7513E-03
-1.9997E-02
-1.2797E-03
3.3605E-02
2.4922E-02
1.7737E-02
7.0604E-03
-3.5985E-02
-5.2253E-02
-6.0719E-02
-6.3503E-02
-3.1286E-02
-2.7893E-02
-1.4784E-02
3.7340E-02
6.6964E-02
9.9255E-02
1.2746E-01
1.0683E-01
1.1009E-01
1.5153E-01
1.3996E-01
9.6614E-02
1.3564E-01
1.9472E-01
1.8801E-01
1.8390E-01
1.6874E-01
1.4443E-01
1.3613E-01
1.2337E-01
1.3292E-01
1.5972E-01
1.7019E-01
1.8863E-01
2.0719E-01
1.9158E-01
1.6232E-01
1.6724E-01
1.8539E-01
1.9068E-01
2.1798E-01
2.3220E-01
1.6972E-01
1.9173E-01
2.6206E-01
2.2191E-01
2.3316E-01
3.0594E-01
3.1430E-01
3.1104E-01
2.9479E-01
3.2219E-01
3.4625E-01
2.7953E-01
3.1288E-01
3.5476E-01
2.8763E-01
2.4789E-01
2.8736E-01
2.7848E-01
2.2985E-01
2.3996E-01
2.6601E-01
1.9873E-01
8.5582E-02
6.7464E-02
8.3416E-02
2.4242E-02
-1.8552E-02
-1.1112E-03
-3.6244E-02
-9.3607E-02
-8.4744E-02
-9.8140E-02
-1.4868E-01
-1.9145E-01
-2.2476E-01
-2.2704E-01
-2.4832E-01
-2.8662E-01
-2.9945E-01
-3.3146E-01
-3.9070E-01
-4.0825E-01
-4.2094E-01
-4.3160E-01
-4.1888E-01
-4.3819E-01
-4.4410E-01
-3.6955E-01
-2.8447E-01
-2.5866E-01
-2.5322E-01
-2.2219E-01
-1.3865E-01
-8.1365E-02
-7.0454E-02
-5.0999E-02
-2.1089E-03
6.2040E-02
9.2710E-02
8.9333E-02
1.0774E-01
1.3371E-01
1.3879E-01
1.3477E-01
1.1343E-01
1.0195E-01
9.2313E-02
7.7556E-02
6.8363E-02
8.0987E-02
7.6467E-02
8.3808E-02
1.2006E-01
1.0647E-01
5.6522E-02
2.9501E-02
2.8287E-02
3.9245E-02
5.2875E-02
6.1156E-02
7.2603E-02
7.5438E-02
9.2898E-02
1.0271E-01
8.0514E-02
6.3111E-02
6.1384E-02
6.4522E-02
6.7081E-02
5.2060E-02
5.8031E-02
7.1535E-02
5.3621E-02
1.4382E-02
-1.9685E-02
-8.7059E-03
1.6218E-02
2.3026E-03
-5.2855E-02
-6.2810E-02
-5.6156E-02
-7.8470E-02
-9.3831E-02
-1.1607E-01
-1.3036E-01
-1.4961E-01
-1.6003E-01
-1.4411E-01
-1.6788E-01
-2.2117E-01
-2.3269E-01
-2.2856E-01
-2.5736E-01
-2.9753E-01
-3.2809E-01
-3.3951E-01
-3.5220E-01
-3.6880E-01
-3.8955E-01
-4.0950E-01
-4.1145E-01
-4.0023E-01
-4.1875E-01
-4.5861E-01
-4.6505E-01
-4.4691E-01
-4.5417E-01
-4.6045E-01
-4.5011E-01
-4.0854E-01
-3.8008E-01
-1.5657E-01
2.5432E-02
-7.0688E-03
7.7468E-03
-8.6815E-05
6.3268E-03
1.1710E-04
5.2577E-03
2.9198E-03
8.8306E-05
2.3815E-02
2.6195E-01
4.2413E-01
4.3810E-01
4.9314E-01
5.2734E-01
5.6524E-01
5.8314E-01
5.7946E-01
5.8200E-01
5.8834E-01
5.8586E-01
5.6633E-01
5.7028E-01
5.7152E-01
5.5752E-01
5.5029E-01
5.4876E-01
5.3047E-01
4.9834E-01
4.7033E-01
4.3898E-01
3.9516E-01
3.6105E-01
3.5004E-01
3.5517E-01
3.1800E-01
2.9212E-01
3.0137E-01
2.9062E-01
2.7751E-01
3.0040E-01
2.8636E-01
2.3285E-01
9.6798E-02
-6.0654E-03
-2.2968E-03
-2.5612E-03
-1.3100E-04
-1.5917E-03
-5.1399E-03
-7.3639E-03
1.2370E-03
1.0839E-03
-4.0679E-03
2.5992E-05
1.7409E-03
-4.3596E-03
-2.8934E-03
2.5998E-04
-2.8311E-03
-1.1703E-03
2.5950E-03
3.6420E-03
5.0287E-03
4.2685E-03
1.2007E-03
2.4054E-03
7.8732E-04
-1.2381E-03
3.5121E-04
3.3397E-03
8.3171E-04
-3.6764E-03
1.7304E-02
-4.3068E-02
-2.1803E-01
-1.9982E-01
-1.6815E-01
-2.2159E-01
-2.2811E-01
-2.6598E-01
-3.0159E-01
-3.3695E-01
-3.6200E-01
-3.9329E-01
-4.1867E-01
-4.4758E-01
-4.6476E-01
-4.6565E-01
-4.6276E-01
-4.6525E-01
-4.5026E-01
-4.0353E-01
-3.3146E-01
-2.7103E-01
-2.3008E-01
-1.6837E-01
-1.0093E-01
-7.0184E-02
-1.0698E-02
4.4949E-02
7.3583E-02
1.3001E-01
1.8191E-01
2.0961E-01
2.4499E-01
2.7819E-01
3.2428E-01
3.5184E-01
3.5364E-01
3.9274E-01
4.0975E-01
3.9598E-01
3.9926E-01
3.7915E-01
3.6218E-01
3.5964E-01
3.3862E-01
3.3272E-01
3.2424E-01
2.8517E-01
2.4990E-01
1.9062E-01
1.1066E-01
5.9611E-02
3.7531E-02
9.3407E-03
-1.2383E-02
-3.9390E-02
-8.8182E-02
-1.3408E-01
-1.8353E-01
-2.4165E-01
-2.9219E-01
-3.5352E-01
-3.9865E-01
-4.1796E-01
-4.5616E-01
-4.9945E-01
-5.1931E-01
-5.2840E-01
-5.2826E-01
-5.3275E-01
-5.4012E-01
-5.4989E-01
-5.6160E-01
-5.3217E-01
-4.5917E-01
-3.9876E-01
-3.4756E-01
-2.8860E-01
-2.4308E-01
-2.0442E-01
-1.6638E-01
-1.4616E-01
-1.3816E-01
-1.2091E-01
-1.0003E-01
-1.0250E-01
-9.5009E-02
-5.7444E-02
-2.3218E-02
-1.4017E-02
-2.7184E-02
-2.6611E-02
-3.5658E-02
-5.5067E-02
-7.3688E-02
-9.9647E-02
-1.2468E-01
-1.3055E-01
-1.2792E-01
-1.3520E-01
-1.5379E-01
-1.6158E-01
-1.4365E-01
-1.3102E-01
-1.3942E-01
-1.3511E-01
-1.2694E-01
-1.1463E-01
-1.0162E-01
-1.0748E-01
-1.0398E-01
-6.8186E-02
-5.4514E-02
-6.0134E-02
-3.0326E-02
-2.1399E-02
-1.9275E-02
2.1494E-02
2.7942E-02
-3.3833E-03
5.3626E-03
4.0269E-02
3.4461E-02
2.5613E-02
4.9400E-02
5.5781E-02
7.3392E-02
1.0619E-01
1.1700E-01
1.3139E-01
1.4937E-01
1.5707E-01
1.6769E-01
1.7210E-01
1.8202E-01
2.1892E-01
2.3240E-01
2.3467E-01
2.4097E-01
2.4240E-01
2.6839E-01
2.9657E-01
2.9233E-01
2.7908E-01
2.8002E-01
2.8098E-01
2.6815E-01
2.4393E-01
2.1957E-01
1.8714E-01
1.5514E-01
1.4270E-01
1.1986E-01
9.2911E-02
8.0360E-02
5.6441E-02
3.0873E-02
3.6722E-03
-2.9252E-02
-4.9350E-02
-7.6541E-02
-1.0958E-01
-1.3376E-01
-1.6276E-01
-1.9040E-01
-2.0869E-01
-2.2871E-01
-2.4388E-01
-2.5405E-01
-2.7149E-01
-2.9269E-01
-2.9557E-01
-2.9308E-01
-2.9699E-01
-2.9992E-01
-2.9310E-01
-2.7814E-01
-2.6286E-01
-2.3991E-01
-2.1615E-01
-2.0586E-01
-1.9668E-01
-1.7685E-01
-1.6277E-01
-1.5373E-01
-1.3506E-01
-1.1792E-01
-1.0410E-01
-8.4907E-02
-7.2369E-02
-6.5605E-02
-4.8809E-02
-2.9793E-02
-1.1182E-02
4.9141E-03
1.8346E-02
3.8176E-02
5.2334E-02
6.6653E-02
9.2266E-02
1.1419E-01
1.3068E-01
1.6252E-01
1.8639E-01
1.8314E-01
2.0548E-01
2.4787E-01
2.6885E-01
2.8965E-01
3.1597E-01
3.3122E-01
3.3969E-01
3.4468E-01
3.5212E-01
3.6036E-01
3.5125E-01
3.5100E-01
3.4477E-01
3.1169E-01
2.9379E-01
2.5445E-01
1.8870E-01
1.4989E-01
1.3978E-01
1.2785E-01
9.8945E-02
8.2325E-02
6.0538E-02
1.7478E-02
-9.8090E-03
-2.3183E-02
-4.1344E-02
-6.5878E-02
-9.2024E-02
-1.1056E-01
-1.2331E-01
-1.3842E-01
-1.4900E-01
-1.5659E-01
-1.6596E-01
-1.7565E-01
-1.8740E-01
-2.0123E-01
-2.1095E-01
-2.2545E-01
-2.4449E-01
-2.5719E-01
-2.7122E-01
-2.8409E-01
-2.9332E-01
-2.9184E-01
-2.7919E-01
-2.6939E-01
-2.4762E-01
-2.1238E-01
-1.8152E-01
-1.5761E-01
-1.3748E-01
-1.2024E-01
-1.1019E-01
-9.3736E-02
-6.8002E-02
-5.8591E-02
-5.1176E-02
-2.3967E-02
-1.4212E-03
7.7368E-03
1.8675E-02
2.9134E-02
3.4183E-02
4.3699E-02
4.6326E-02
4.6393E-02
4.9735E-02
4.7201E-02
5.0948E-02
5.5668E-02
5.5962E-02
7.0005E-02
8.1935E-02
8.8519E-02
1.0325E-01
1.1027E-01
1.1217E-01
1.2825E-01
1.3869E-01
1.4660E-01
1.5474E-01
1.5954E-01
1.7001E-01
1.6708E-01
1.6687E-01
1.8698E-01
1.8897E-01
1.8745E-01
2.0141E-01
1.9788E-01
1.9705E-01
2.0692E-01
2.0576E-01
1.9116E-01
1.7020E-01
1.6460E-01
1.5954E-01
1.4144E-01
1.3173E-01
1.2250E-01
1.1193E-01
1.0626E-01
9.6938E-02
8.7203E-02
7.8064E-02
6.9371E-02
6.8525E-02
5.9269E-02
5.1021E-02
5.2104E-02
4.6940E-02
4.9865E-02
5.1471E-02
4.4579E-02
4.0943E-02
3.1210E-02
2.3299E-02
2.3575E-02
1.9264E-02
9.1924E-03
4.9635E-05
-7.2461E-03
-1.4623E-02
-2.8028E-02
-4.8073E-02
-5.7744E-02
-6.3018E-02
-7.7169E-02
-9.5902E-02
-1.1219E-01
-1.2318E-01
-1.2899E-01
-1.3566E-01
-1.4860E-01
-1.6155E-01
-1.7321E-01
-1.8105E-01
-1.7843E-01
-1.7565E-01
-1.7484E-01
-1.5907E-01
-1.3764E-01
-1.2234E-01
-1.1726E-01
-1.1148E-01
-9.1976E-02
-8.8901E-02
-9.2149E-02
-7.6808E-02
-7.5533E-02
-7.5349E-02
-6.1619E-02
-5.8200E-02
-6.8758E-02
-8.1324E-02
-8.2193E-02
-8.4147E-02
-9.5960E-02
-1.0339E-01
-1.0698E-01
-1.1695E-01
-1.2494E-01
-1.2547E-01
-1.3050E-01
-1.4419E-01
-1.4628E-01
-1.3829E-01
-1.4266E-01
-1.4539E-01
-1.3639E-01
-1.2746E-01
-1.1646E-01
-1.0780E-01
-1.0389E-01
-1.0150E-01
-1.0443E-01
-9.6923E-02
-8.1546E-02
-8.5246E-02
-8.7626E-02
-7.8025E-02
-6.9019E-02
-6.8188E-02
-6.6372E-02
-5.8896E-02
-4.7791E-02
-4.0676E-02
-3.7004E-02
-3.0650E-02
-2.7067E-02
-2.1965E-02
-1.4228E-02
-1.1642E-02
-8.5256E-03
-6.3578E-03
-2.0985E-03
1.5778E-03
1.9975E-03
6.6772E-03
1.0269E-02
1.5091E-03
-4.4662E-03
-3.6927E-04
-8.8523E-06
-4.8615E-03
-5.6126E-03
-7.4110E-03
-1.0536E-02
-1.7381E-02
-2.2618E-02
-2.7868E-02
-2.7679E-02
-2.9753E-02
-3.6986E-02
-5.0189E-02
-2.7776E-02
9.4183E-05
-1.6122E-03
-9.4641E-04
-1.0366E-03
-8.7549E-04
-1.1379E-03
-9.8832E-04
-1.0715E-03
-1.1164E-03
-9.9317E-04
-1.2069E-03
-1.3578E-03
7.3009E-07
-4.1360E-03
9.9976E-03
8.2639E-02
1.1485E-01
1.1524E-01
1.3644E-01
1.4212E-01
1.5898E-01
1.6822E-01
1.7384E-01
1.8734E-01
2.0208E-01
2.0409E-01
2.0406E-01
2.1592E-01
2.2855E-01
2.2740E-01
2.2991E-01
2.3185E-01
2.2820E-01
2.3290E-01
2.4076E-01
2.3973E-01
2.3920E-01
2.2566E-01
2.1610E-01
2.2241E-01
2.1692E-01
1.9854E-01
1.9472E-01
1.8871E-01
1.8651E-01
1.7665E-01
1.5827E-01
1.5687E-01
1.5599E-01
1.4757E-01
1.4560E-01
1.4686E-01
1.5157E-01
1.5780E-01
1.5538E-01
1.6309E-01
1.7597E-01
1.7953E-01
1.9049E-01
1.9878E-01
2.0103E-01
2.0825E-01
2.0903E-01
2.0273E-01
2.1357E-01
2.2680E-01
2.1242E-01
1.9154E-01
1.8190E-01
1.6898E-01
1.4935E-01
1.2912E-01
1.2046E-01
1.1044E-01
9.6213E-02
8.1715E-02
7.0943E-02
5.9303E-02
3.9298E-02
2.6732E-02
2.3902E-02
1.1619E-02
3.4573E-03
7.7375E-03
-1.8451E-03
-1.6030E-02
-1.5630E-02
-1.3526E-02
-1.8354E-02
-3.0421E-02
-3.4953E-02
-4.3896E-02
-5.5363E-02
-5.3648E-02
-5.6514E-02
-6.9001E-02
-7.7867E-02
-8.8059E-02
-9.9859E-02
-1.1279E-01
-1.2243E-01
-1.3455E-01
-1.5111E-01
-1.6207E-01
-1.6794E-01
-1.7812E-01
-1.8874E-01
-1.9526E-01
-1.9604E-01
-1.9699E-01
-1.9566E-01
-1.8813E-01
-1.8030E-01
-1.7196E-01
-1.5936E-01
-1.4731E-01
-1.3268E-01
-1.0957E-01
-8.6671E-02
-7.5739E-02
-6.5115E-02
-5.0554E-02
-3.6483E-02
-2.6312E-02
-1.7778E-02
-1.1431E-02
-9.3822E-03
-3.1457E-03
5.9659E-03
6.1175E-03
-1.0894E-03
2.0023E-03
9.2554E-03
8.8893E-03
1.3291E-02
1.5895E-02
1.3047E-02
7.9365E-03
8.0213E-03
9.5987E-03
1.1037E-02
1.5674E-02
2.2188E-02
2.2090E-02
1.7727E-02
2.4698E-02
3.7126E-02
3.7823E-02
3.9671E-02
4.1930E-02
3.5972E-02
3.2455E-02
3.1079E-02
3.3848E-02
3.4409E-02
2.4201E-02
1.7365E-02
1.3662E-02
1.3067E-02
1.3184E-02
9.5380E-03
1.0464E-02
7.9966E-03
1.0611E-02
1.6361E-02
7.1308E-03
4.6371E-03
1.9286E-02
3.3415E-02
3.5380E-02
3.7412E-02
4.8022E-02
6.1540E-02
6.7959E-02
7.8285E-02
8.9014E-02
9.1606E-02
9.9727E-02
1.1161E-01
1.1815E-01
1.1987E-01
1.2137E-01
1.2950E-01
1.3138E-01
1.3140E-01
1.2902E-01
1.1674E-01
9.9564E-02
8.3115E-02
7.0858E-02
6.2930E-02
5.7498E-02
5.6210E-02
5.3290E-02
4.5468E-02
3.6677E-02
3.3477E-02
3.2251E-02
2.7819E-02
2.3924E-02
2.7447E-02
3.1207E-02
3.4552E-02
4.4547E-02
5.4893E-02
5.5973E-02
5.9248E-02
6.3728E-02
6.2639E-02
4.9421E-02
3.4984E-02
2.7291E-02
1.9696E-02
1.5866E-02
1.5468E-02
5.6836E-03
-7.7454E-04
-2.7471E-03
-1.2890E-02
-2.6556E-02
-3.9183E-02
-5.4952E-02
-7.3837E-02
-8.2843E-02
-8.1507E-02
-8.5235E-02
-9.7353E-02
-1.0909E-01
-1.0862E-01
-1.0373E-01
-1.0237E-01
-1.0812E-01
-1.1801E-01
-1.2550E-01
-1.2296E-01
-1.1794E-01
-1.1854E-01
-1.2819E-01
-1.2710E-01
-1.0916E-01
-9.5947E-02
-9.3567E-02
-8.5148E-02
-7.3281E-02
-6.3995E-02
-5.9183E-02
-6.5369E-02
-6.3963E-02
-4.5058E-02
-3.4298E-02
-3.1789E-02
-3.1842E-02
-3.2693E-02
-2.2194E-02
-1.4835E-02
-2.5631E-02
-3.4148E-02
-3.5606E-02
-3.5698E-02
-4.4367E-02
-5.8386E-02
-5.9815E-02
-6.2293E-02
-7.2522E-02
-8.1201E-02
-8.3509E-02
-8.4176E-02
-9.2056E-02
-9.2052E-02
-8.5782E-02
-8.9975E-02
-9.2821E-02
-7.7372E-02
-6.9279E-02
-7.7076E-02
-8.3256E-02
-7.4083E-02
-6.2403E-02
-6.5017E-02
-6.0894E-02
-4.3031E-02
-3.6305E-02
-3.5333E-02
-2.4774E-02
-2.4166E-02
-2.8255E-02
-2.8589E-02
-2.3652E-02
-1.5129E-02
-1.9474E-02
-2.1885E-02
-2.1000E-02
-2.9136E-02
-3.6479E-02
-3.6157E-02
-4.0081E-02
-4.6114E-02
-5.0497E-02
-5.6279E-02
-5.9233E-02
-6.4234E-02
-7.0620E-02
-7.0704E-02
-7.4092E-02
-7.6091E-02
-7.7136E-02
-7.8995E-02
-7.6784E-02
-7.3631E-02
-7.4467E-02
-7.6036E-02
-7.4380E-02
-6.9958E-02
-6.4954E-02
-6.1285E-02
-6.2346E-02
-6.4618E-02
-6.0394E-02
-5.4503E-02
-5.2173E-02
-4.9702E-02
-4.4442E-02
-3.7767E-02
-3.2901E-02
-2.8346E-02
-2.3114E-02
-1.8560E-02
-1.8527E-02
-1.9071E-02
-1.9286E-02
-1.8186E-02
-1.6097E-02
-1.6761E-02
-2.1268E-02
-2.5991E-02
-3.1720E-02
-3.6047E-02
-4.0820E-02
-4.4710E-02
-4.7746E-02
-5.4762E-02
-5.9685E-02
-5.9593E-02
-6.1568E-02
-6.1803E-02
-6.2583E-02
-6.6428E-02
-6.5619E-02
-6.3387E-02
-6.3236E-02
-6.1971E-02
-6.0737E-02
-5.9052E-02
-5.7355E-02
-5.4231E-02
-5.4226E-02
-5.3640E-02
-4.9315E-02
-4.4868E-02
-4.0017E-02
-3.5126E-02
-3.2214E-02
-2.8278E-02
-2.1374E-02
-1.3315E-02
-1.1291E-02
-1.1662E-02
-4.1122E-03
7.8803E-03
1.2052E-02
1.2978E-02
2.0568E-02
2.9693E-02
3.5826E-02
4.5507E-02
5.1279E-02
5.1102E-02
5.9576E-02
6.8268E-02
7.2041E-02
7.8893E-02
8.4764E-02
9.1667E-02
9.7026E-02
1.0503E-01
1.1313E-01
1.1609E-01
1.2289E-01
1.3090E-01
1.3385E-01
1.3499E-01
1.3738E-01
1.3825E-01
1.3305E-01
1.2916E-01
1.2528E-01
1.1175E-01
9.4155E-02
7.8040E-02
6.1963E-02
5.2088E-02
4.1331E-02
2.9345E-02
1.9368E-02
8.2376E-03
-1.1863E-03
-9.6416E-03
-2.0852E-02
-2.5168E-02
-2.8854E-02
-3.6353E-02
-3.7776E-02
-3.5606E-02
-2.9888E-02
-1.7821E-02
-6.6544E-03
5.8266E-04
7.4037E-03
1.6347E-02
2.7017E-02
3.5399E-02
3.8696E-02
4.2707E-02
4.6735E-02
5.3241E-02
6.4013E-02
6.9516E-02
6.8513E-02
6.9460E-02
6.8073E-02
6.2124E-02
5.9075E-02
5.5890E-02
4.5628E-02
3.6573E-02
3.1291E-02
2.5596E-02
2.1834E-02
1.7727E-02
1.1282E-02
4.0316E-03
-2.6662E-03
-2.9028E-03
-2.7869E-03
-8.6665E-03
-1.5189E-02
-1.7834E-02
-1.7901E-02
-1.8827E-02
-1.9288E-02
-1.9895E-02
-2.4517E-02
-2.5708E-02
-2.4857E-02
-3.0974E-02
-3.5664E-02
-3.8437E-02
-4.4098E-02
-4.8293E-02
-5.2981E-02
-5.8453E-02
-6.5101E-02
-6.8726E-02
-7.3148E-02
-8.0759E-02
-8.6993E-02
-8.9204E-02
-9.2202E-02
-9.5676E-02
-9.6389E-02
-9.4312E-02
-9.6288E-02
-9.5774E-02
-8.6213E-02
-7.7131E-02
-6.9214E-02
-6.1129E-02
-5.2106E-02
-4.2041E-02
-3.4334E-02
-2.6106E-02
-2.2700E-02
-1.8394E-02
-7.6762E-03
2.9075E-04
1.3965E-03
7.7248E-03
1.4343E-02
1.5570E-02
1.7031E-02
1.8656E-02
1.9022E-02
1.7381E-02
1.6083E-02
1.7288E-02
1.6302E-02
1.4196E-02
1.4625E-02
1.4027E-02
1.5082E-02
1.6871E-02
1.5269E-02
1.5158E-02
1.4299E-02
1.1839E-02
1.2823E-02
1.4725E-02
1.2203E-02
1.1514E-02
1.0558E-02
7.7833E-03
8.6620E-03
1.0703E-02
8.2954E-03
4.6161E-03
9.3984E-04
-3.2403E-03
-3.9577E-03
-4.7873E-03
-7.7458E-03
-6.5106E-03
-1.6338E-03
1.1302E-04
-4.6087E-03
-7.7521E-03
-8.3382E-03
-1.0103E-02
-1.3198E-02
-1.9229E-02
-2.6722E-02
-3.0278E-02
-3.0473E-02
-2.9504E-02
-3.1263E-02
-3.0597E-02
-2.6659E-02
-2.4659E-02
-2.4400E-02
-2.4951E-02
-2.4195E-02
-1.9044E-02
-1.5433E-02
-1.3126E-02
-9.1715E-03
-2.6205E-03
3.3736E-03
9.4620E-03
1.5493E-02
1.9136E-02
2.1560E-02
2.6643E-02
3.3559E-02
3.8698E-02
3.8555E-02
4.1268E-02
4.7896E-02
4.5001E-02
4.4056E-02
4.7199E-02
4.2906E-02
4.1773E-02
4.4565E-02
4.4589E-02
4.5309E-02
4.5896E-02
4.7498E-02
4.7428E-02
4.4930E-02
4.6944E-02
4.8706E-02
4.9034E-02
5.1104E-02
5.1503E-02
5.4327E-02
5.4382E-02
5.2242E-02
5.7477E-02
5.4672E-02
5.2603E-02
5.1097E-02
4.1305E-02
3.8438E-02
3.8429E-02
3.2200E-02
2.7318E-02
2.2543E-02
2.1295E-02
2.0512E-02
1.4594E-02
1.0799E-02
6.1475E-03
2.1888E-03
1.4678E-03
-4.2943E-03
-1.1041E-02
-1.0706E-02
-1.0729E-02
-1.7730E-02
-2.5164E-02
-2.4050E-02
-2.0550E-02
-2.2920E-02
-2.6285E-02
-2.7934E-02
-2.7322E-02
-2.4138E-02
-2.2520E-02
-2.4498E-02
-2.5242E-02
-1.9830E-02
-1.1081E-02
-5.9400E-03
-4.3671E-03
-6.1035E-04
7.9684E-03
1.1184E-02
9.2695E-03
1.3530E-02
2.2810E-02
3.0277E-02
3.2393E-02
3.5532E-02
4.2819E-02
4.9927E-02
5.2074E-02
5.1830E-02
5.4802E-02
5.7895E-02
6.2887E-02
6.5963E-02
6.6668E-02
6.8747E-02
7.2277E-02
7.2844E-02
7.1496E-02
7.2163E-02
7.4693E-02
7.4509E-02
6.9977E-02
6.4121E-02
6.2516E-02
6.0652E-02
5.4442E-02
4.9771E-02
4.8071E-02
4.3691E-02
4.1333E-02
3.9988E-02
3.6428E-02
3.3796E-02
3.3441E-02
3.1367E-02
2.9496E-02
2.8494E-02
2.8195E-02
2.7939E-02
2.7107E-02
2.7410E-02
2.8956E-02
3.0806E-02
3.5335E-02
3.5704E-02
3.2223E-02
3.1924E-02
3.2015E-02
2.9750E-02
2.7467E-02
2.5073E-02
2.3115E-02
1.9711E-02
1.6660E-02
1.2057E-02
9.9031E-03
8.7414E-03
3.6303E-03
-2.8983E-03
-4.2055E-03
-6.3502E-03
-8.8975E-03
-1.2528E-02
-1.8272E-02
-2.0952E-02
-2.4917E-02
-2.9240E-02
-3.1927E-02
-3.5901E-02
-4.0981E-02
-4.4862E-02
-4.5539E-02
-4.7648E-02
-4.9805E-02
-5.2826E-02
-5.7014E-02
-6.1195E-02
-6.2952E-02
-6.5889E-02
-6.8902E-02
-7.0599E-02
-7.1724E-02
-7.3925E-02
-7.7583E-02
-7.9546E-02
-7.7248E-02
-7.6391E-02
-7.8868E-02
-8.0674E-02
-7.9410E-02
-7.9246E-02
-7.8313E-02
-7.6020E-02
-7.5394E-02
-7.7185E-02
-7.9718E-02
-8.1014E-02
-7.7933E-02
-7.7916E-02
-7.8901E-02
-7.8306E-02
-7.8304E-02
-7.7527E-02
-7.7426E-02
-8.0800E-02
-8.3431E-02
-8.4718E-02
-8.4493E-02
-8.3872E-02
-8.3954E-02
-8.2818E-02
-7.6991E-02
-7.1258E-02
-6.6504E-02
-5.9218E-02
-5.1238E-02
-4.3246E-02
-3.4358E-02
-2.6548E-02
-1.9703E-02
-1.3179E-02
-8.3732E-03
-2.0004E-03
6.0091E-03
1.2408E-02
1.8040E-02
2.1129E-02
2.3034E-02
2.5884E-02
2.9100E-02
2.8171E-02
2.6685E-02
2.3346E-02
2.0336E-02
2.0216E-02
1.9094E-02
1.4107E-02
1.0964E-02
1.1138E-02
1.1718E-02
1.0845E-02
9.4972E-03
1.1567E-02
1.5422E-02
1.7204E-02
1.9803E-02
2.0847E-02
2.2556E-02
2.7353E-02
2.9693E-02
3.1566E-02
3.4818E-02
3.5383E-02
3.6065E-02
3.7561E-02
3.7085E-02
3.4484E-02
3.3889E-02
3.2046E-02
2.8348E-02
2.2440E-02
1.8216E-02
1.3228E-02
4.5835E-03
-1.9540E-03
-8.1532E-03
-1.7272E-02
-2.3123E-02
-2.7160E-02
-3.1420E-02
-3.3923E-02
-3.5935E-02
-3.9092E-02
-4.2298E-02
-4.6065E-02
-4.4157E-02
-4.4338E-02
-4.7037E-02
-4.4028E-02
-3.8930E-02
-3.3795E-02
-2.7528E-02
-2.1791E-02
-1.4952E-02
-7.5337E-03
-1.0891E-03
4.1157E-03
7.7741E-03
1.0957E-02
1.5117E-02
1.8490E-02
2.2058E-02
2.4277E-02
2.6379E-02
3.0476E-02
3.4223E-02
3.5023E-02
3.5096E-02
3.5487E-02
3.7024E-02
3.8133E-02
3.7460E-02
3.5761E-02
3.5593E-02
3.7468E-02
3.9484E-02
3.9901E-02
3.9995E-02
4.1981E-02
4.5818E-02
4.8461E-02
5.1797E-02
5.6294E-02
6.3483E-02
6.9729E-02
7.5482E-02
7.8922E-02
8.0800E-02
8.6874E-02
9.3160E-02
9.4902E-02
9.6480E-02
9.9950E-02
1.0268E-01
1.0408E-01
1.0598E-01
1.0624E-01
1.0733E-01
1.0426E-01
1.0004E-01
9.5374E-02
8.9844E-02
8.3894E-02
7.8077E-02
7.1850E-02
6.7252E-02
6.3818E-02
5.8882E-02
5.6769E-02
5.5428E-02
5.1814E-02
4.7234E-02
4.3639E-02
4.2780E-02
4.2166E-02
4.1222E-02
3.8563E-02
3.6922E-02
3.6918E-02
3.6495E-02
3.2570E-02
2.8567E-02
2.6453E-02
2.4175E-02
1.9583E-02
1.5562E-02
1.1631E-02
7.7747E-03
4.9025E-03
7.8960E-04
-3.3553E-03
-5.7802E-03
-7.7899E-03
-1.0221E-02
-1.1881E-02
-1.2366E-02
-1.3718E-02
-1.1342E-02
-1.0705E-02
-1.2322E-02
-1.0857E-02
-8.2527E-03
-5.2068E-03
-1.9548E-03
-2.7935E-04
2.1894E-03
5.5203E-03
6.7591E-03
7.7785E-03
8.4188E-03
8.4392E-03
9.4270E-03
7.9099E-03
4.4421E-03
1.2160E-03
2.2186E-03
8.9971E-04
-5.5266E-03
-7.4290E-03
-6.8934E-03
-1.3999E-02
-2.1455E-02
-2.4866E-02
-2.7768E-02
-3.1855E-02
-3.2901E-02
-3.4759E-02
-3.8497E-02
-4.1174E-02
-4.1224E-02
-3.9337E-02
-3.6894E-02
-3.3614E-02
-3.0606E-02
-2.9871E-02
-2.6487E-02
-2.2064E-02
-1.7312E-02
-1.5245E-02
-1.1536E-02
-8.3451E-03
-6.2112E-03
-1.9340E-03
5.6651E-04
7.2051E-04
4.7091E-03
7.4958E-03
5.9911E-03
9.1999E-03
1.3419E-02
1.1204E-02
1.2540E-02
1.5931E-02
1.5948E-02
1.2787E-02
1.2479E-02
1.3346E-02
1.0951E-02
7.6164E-03
7.8859E-03
6.3380E-03
4.3702E-03
5.5216E-03
5.0670E-03
-1.5899E-03
-5.1281E-03
-3.7531E-03
-5.2049E-03
-1.0677E-02
-1.4915E-02
-1.7131E-02
-1.9988E-02
-2.0611E-02
-1.9517E-02
-2.1298E-02
-2.1943E-02
-2.3764E-02
-2.4446E-02
-2.4427E-02
-2.6353E-02
-2.7540E-02
-2.7745E-02
-2.9474E-02
-3.2534E-02
-3.5389E-02
-3.7804E-02
-3.9406E-02
-4.1921E-02
-4.5612E-02
-4.6902E-02
-4.9073E-02
-5.1385E-02
-5.2826E-02
-5.8375E-02
-6.0921E-02
-6.0083E-02
-6.3451E-02
-6.6885E-02
-6.9214E-02
-7.1809E-02
-7.2620E-02
-7.2320E-02
-7.4269E-02
-7.5305E-02
-7.5115E-02
-7.5494E-02
-7.6078E-02
-7.6278E-02
-7.5402E-02
-7.4744E-02
-7.5290E-02
-7.3098E-02
-7.3178E-02
-7.4694E-02
-7.4029E-02
-7.3178E-02
-7.3516E-02
-7.2811E-02
-7.2850E-02
-7.1776E-02
-7.0357E-02
-6.8592E-02
-6.6792E-02
-6.5764E-02
-6.3595E-02
-6.0008E-02
-5.8554E-02
-5.6334E-02
-5.2462E-02
-4.9849E-02
-4.7342E-02
-4.3482E-02
-4.0205E-02
-3.5973E-02
-3.2980E-02
-3.0576E-02
-2.7085E-02
-2.4520E-02
-2.2714E-02
-2.0081E-02
-1.8030E-02
-1.7288E-02
-1.5667E-02
-1.2411E-02
-1.0490E-02
-8.9249E-03
-6.9371E-03
-4.5282E-03
-3.7080E-03
-2.3113E-03
-5.0517E-04
3.0321E-04
1.2754E-03
2.5498E-03
3.3529E-03
3.4836E-03
4.1411E-03
5.4164E-03
5.8895E-03
5.9390E-03
6.0130E-03
7.4851E-03
9.1209E-03
9.1871E-03
1.0471E-02
1.2024E-02
1.2249E-02
1.3958E-02
1.4115E-02
1.3542E-02
1.3741E-02
1.4641E-02
1.4523E-02
1.5166E-02
1.5088E-02
1.5791E-02
1.7779E-02
1.8076E-02
1.8181E-02
1.9285E-02
2.0300E-02
2.0538E-02
2.0570E-02
2.0157E-02
1.9222E-02
1.9732E-02
2.0838E-02
2.0006E-02
2.0075E-02
2.1800E-02
2.2100E-02
2.3940E-02
2.4216E-02
2.4916E-02
2.6738E-02
2.8707E-02
3.1229E-02
3.3844E-02
3.6549E-02
4.0262E-02
4.3232E-02
4.5587E-02
4.8792E-02
5.3488E-02
5.7443E-02
6.2698E-02
6.6532E-02
6.9807E-02
7.3826E-02
7.7852E-02
8.0897E-02
8.3250E-02
8.5119E-02
8.7729E-02
8.9283E-02
8.9610E-02
8.8972E-02
8.8183E-02
8.5654E-02
8.2710E-02
7.7266E-02
7.1976E-02
6.7871E-02
6.4610E-02
6.2944E-02
6.0795E-02
5.7739E-02
5.6320E-02
5.3978E-02
5.2390E-02
5.2944E-02
5.0764E-02
5.1059E-02
5.2741E-02
5.1648E-02
5.3588E-02
5.4191E-02
5.2992E-02
5.2985E-02
5.0416E-02
4.6008E-02
4.2270E-02
3.7821E-02
3.4108E-02
2.8920E-02
2.2187E-02
1.6080E-02
1.1322E-02
5.3504E-03
-1.4346E-04
-7.3339E-03
-1.3842E-02
-1.9397E-02
-2.5163E-02
-3.1325E-02
-3.7402E-02
-4.3696E-02
-4.8434E-02
-5.3793E-02
-5.9906E-02
-6.3313E-02
-6.5691E-02
-6.9997E-02
-7.3531E-02
-7.5942E-02
-7.9325E-02
-8.0611E-02
-8.3739E-02
-8.7542E-02
-8.9111E-02
-9.2052E-02
-9.5626E-02
-9.6745E-02
-9.7958E-02
-9.9854E-02
-9.9624E-02
-1.0018E-01
-1.0116E-01
-1.0248E-01
-1.0140E-01
-9.9248E-02
-9.7621E-02
-9.4188E-02
-8.8951E-02
-8.5738E-02
-7.7856E-02
-7.0284E-02
-6.6017E-02
-6.0104E-02
-5.4286E-02
-4.9679E-02
-4.5827E-02
-4.2246E-02
-3.8350E-02
-3.5191E-02
-3.5438E-02
-3.4491E-02
-3.1580E-02
-3.2631E-02
-3.4058E-02
-3.6348E-02
-3.8100E-02
-4.1122E-02
-4.2015E-02
-4.1881E-02
-4.5287E-02
-4.7581E-02
-4.8566E-02
-5.0014E-02
-4.9056E-02
-4.8333E-02
-4.7726E-02
-4.6138E-02
-4.5046E-02
-4.5330E-02
-4.3174E-02
-4.1019E-02
-3.9060E-02
-3.6911E-02
-3.4762E-02
-3.1467E-02
-2.9157E-02
-2.7573E-02
-2.5585E-02
-2.3020E-02
-2.0382E-02
-1.8635E-02
-1.6972E-02
-1.5281E-02
-1.4788E-02
-1.2647E-02
-9.6232E-03
-7.5423E-03
-5.4109E-03
-2.5330E-03
1.1184E-03
4.0400E-03
6.0424E-03
7.9713E-03
9.5344E-03
1.0340E-02
1.3164E-02
1.3808E-02
1.3442E-02
1.5520E-02
1.8291E-02
1.9004E-02
1.8970E-02
1.8016E-02
1.8223E-02
1.8680E-02
1.8392E-02
1.6063E-02
1.3225E-02
1.0983E-02
9.7234E-03
7.9342E-03
7.2610E-03
5.4683E-03
4.1561E-03
3.2601E-03
2.2751E-04
-2.2834E-03
-2.9591E-03
-3.5348E-03
-5.2132E-03
-6.5980E-03
-7.0821E-03
-8.6701E-03
-8.4629E-03
-8.5714E-03
-9.9531E-03
-1.2126E-02
-1.1976E-02
-1.1833E-02
-1.1576E-02
-1.0519E-02
-7.9208E-03
-5.4976E-03
-2.7226E-03
-4.6979E-04
2.9207E-03
6.9061E-03
9.6470E-03
1.1646E-02
1.4685E-02
1.7115E-02
2.0122E-02
2.3972E-02
2.7679E-02
3.0801E-02
3.4413E-02
3.7372E-02
4.1655E-02
4.4889E-02
4.6916E-02
4.9598E-02
5.2974E-02
5.4183E-02
5.6241E-02
6.0270E-02
6.3765E-02
6.6665E-02
7.0170E-02
7.2922E-02
7.5819E-02
7.9564E-02
8.0812E-02
8.1275E-02
8.2184E-02
8.2904E-02
8.4399E-02
8.5730E-02
8.5823E-02
8.7251E-02
8.7727E-02
8.7050E-02
8.6479E-02
8.5540E-02
8.5075E-02
8.5171E-02
8.5233E-02
8.5000E-02
8.3834E-02
8.2708E-02
8.2777E-02
8.2575E-02
8.1803E-02
7.9862E-02
7.8599E-02
7.7240E-02
7.5024E-02
7.1370E-02
6.7660E-02
6.3031E-02
5.9322E-02
5.5533E-02
5.1936E-02
4.7603E-02
4.4616E-02
4.1656E-02
3.7000E-02
3.3554E-02
3.0513E-02
2.6820E-02
2.5323E-02
2.3925E-02
2.1016E-02
1.9103E-02
1.8763E-02
1.8332E-02
1.8183E-02
1.9199E-02
1.8707E-02
1.7817E-02
1.9962E-02
2.0406E-02
2.0693E-02
2.1384E-02
2.2175E-02
2.2020E-02
2.3797E-02
2.4278E-02
2.4330E-02
2.5076E-02
2.5923E-02
2.5463E-02
2.4266E-02
2.4130E-02
2.3816E-02
2.4585E-02
2.5130E-02
2.3884E-02
2.4997E-02
2.5097E-02
2.5896E-02
2.6231E-02
2.5860E-02
2.7037E-02
2.7524E-02
2.7834E-02
2.9162E-02
2.8720E-02
2.9450E-02
3.1176E-02
3.2211E-02
3.3780E-02
3.3946E-02
3.4431E-02
3.6642E-02
3.6089E-02
3.6217E-02
3.6537E-02
3.6141E-02
3.5095E-02
3.5253E-02
3.5992E-02
3.6019E-02
3.4273E-02
3.4583E-02
3.5509E-02
3.5290E-02
3.3576E-02
3.3442E-02
3.3443E-02
3.3913E-02
3.3694E-02
3.3253E-02
3.2698E-02
3.2355E-02
3.1798E-02
3.0335E-02
2.8685E-02
2.6001E-02
2.3628E-02
2.3464E-02
2.2164E-02
1.8657E-02
1.6346E-02
1.4361E-02
1.2091E-02
1.0674E-02
8.3003E-03
6.8025E-03
4.2149E-03
1.7073E-03
-7.3703E-04
-2.1180E-03
-4.4189E-03
-5.7688E-03
-7.7327E-03
-1.0122E-02
-1.1299E-02
-1.2467E-02
-1.3789E-02
-1.5557E-02
-1.7658E-02
-1.8670E-02
-2.0735E-02
-2.1374E-02
-2.2915E-02
-2.4078E-02
-2.4357E-02
-2.4912E-02
-2.6712E-02
-2.8167E-02
-2.8990E-02
-2.9207E-02
-3.1029E-02
-3.2208E-02
-3.3347E-02
-3.3977E-02
-3.5900E-02
-3.8085E-02
-3.9957E-02
-4.1876E-02
-4.4724E-02
-4.7408E-02
-5.0325E-02
-5.2386E-02
-5.4964E-02
-5.7087E-02
-5.9810E-02
-6.3083E-02
-6.4689E-02
-6.5943E-02
-6.7781E-02
-7.0183E-02
-7.3759E-02
-7.3978E-02
-7.5481E-02
-7.8306E-02
-8.0124E-02
-8.0531E-02
-8.1326E-02
-8.2149E-02
-8.3682E-02
-8.3956E-02
-8.4229E-02
-8.3918E-02
-8.3793E-02
-8.3632E-02
-8.2751E-02
-8.0147E-02
-7.8079E-02
-7.5354E-02
-7.3026E-02
-6.8863E-02
-6.5646E-02
-6.3585E-02
-6.1362E-02
-5.7337E-02
-5.4814E-02
-5.2620E-02
-5.0756E-02
-4.7978E-02
-4.3283E-02
-3.8780E-02
-3.8027E-02
-3.5566E-02
-3.2291E-02
-3.0377E-02
-2.7273E-02
-2.4836E-02
-2.3885E-02
-2.1250E-02
-1.9456E-02
-1.7526E-02
-1.5340E-02
-1.3437E-02
-1.0984E-02
-8.7893E-03
-9.3581E-03
-6.7620E-03
-4.5344E-03
-4.6861E-03
-3.7455E-03
-3.3477E-03
-3.5644E-03
-2.2142E-03
-9.1945E-04
9.6515E-04
1.3360E-03
3.4585E-03
5.7867E-03
8.2901E-03
1.2103E-02
1.5838E-02
1.8162E-02
2.1017E-02
2.4788E-02
2.7223E-02
3.0346E-02
3.3623E-02
3.6925E-02
3.9884E-02
4.1097E-02
4.2475E-02
4.5168E-02
4.7223E-02
4.7893E-02
4.8868E-02
4.8035E-02
4.6189E-02
4.5608E-02
4.5011E-02
4.2272E-02
3.8717E-02
3.5011E-02
3.1651E-02
2.7600E-02
2.3987E-02
2.0002E-02
1.6980E-02
1.5097E-02
1.4013E-02
1.1876E-02
1.0365E-02
9.3863E-03
9.2104E-03
9.1399E-03
8.7559E-03
9.7545E-03
1.2008E-02
1.3209E-02
1.5722E-02
1.8315E-02
2.0684E-02
2.3592E-02
2.6731E-02
2.7290E-02
2.8081E-02
2.8151E-02
2.8056E-02
2.6735E-02
2.4445E-02
2.2348E-02
2.0611E-02
1.7354E-02
1.5436E-02
1.2697E-02
9.2246E-03
5.8263E-03
4.4061E-03
2.4218E-03
-2.3117E-03
-5.2990E-03
-7.3354E-03
-1.0693E-02
-1.2411E-02
-1.3515E-02
-1.6551E-02
-1.8985E-02
-2.1005E-02
-2.2584E-02
-2.4316E-02
-2.7115E-02
-2.9226E-02
-3.1910E-02
-3.5860E-02
-3.8380E-02
-4.2339E-02
-4.6794E-02
-4.8406E-02
-5.2220E-02
-5.6612E-02
-5.8789E-02
-6.1186E-02
-6.5722E-02
-6.8166E-02
-7.1960E-02
-7.5038E-02
-7.6805E-02
-7.8941E-02
-8.1794E-02
-8.4153E-02
-8.8652E-02
-9.0533E-02
-9.1623E-02
-9.4740E-02
-9.6764E-02
-9.7795E-02
-9.9378E-02
-1.0041E-01
-1.0060E-01
-1.0150E-01
-1.0291E-01
-1.0162E-01
-1.0142E-01
-1.0176E-01
-1.0119E-01
-9.9936E-02
-9.8529E-02
-9.6209E-02
-9.4505E-02
-9.2460E-02
-8.8265E-02
-8.4747E-02
-8.2651E-02
-7.8311E-02
-7.4435E-02
-7.2088E-02
-6.8674E-02
-6.5248E-02
-6.2580E-02
-5.8282E-02
-5.5479E-02
-5.3202E-02
-5.0822E-02
-4.9079E-02
-4.6981E-02
-4.5231E-02
-4.5860E-02
-4.5543E-02
-4.5205E-02
-4.4407E-02
-4.3118E-02
-4.2295E-02
-4.1463E-02
-4.0350E-02
-3.8234E-02
-3.5732E-02
-3.4829E-02
-3.4409E-02
-3.0505E-02
-2.6066E-02
-2.3237E-02
-1.9978E-02
-1.6718E-02
-1.2449E-02
-9.4653E-03
-5.4231E-03
-2.5946E-03
-1.2517E-03
7.7793E-05
2.4790E-03
4.6478E-03
6.1674E-03
6.2142E-03
6.1417E-03
5.8491E-03
5.9609E-03
5.3039E-03
2.9792E-03
1.3388E-03
-1.0622E-03
-3.2767E-03
-4.9872E-03
-7.7775E-03
-9.8768E-03
-1.1302E-02
-1.2438E-02
-1.3657E-02
-1.4567E-02
-1.4883E-02
-1.3757E-02
-1.3489E-02
-1.1951E-02
-1.0588E-02
-9.1375E-03
-6.7991E-03
-4.2374E-03
-2.4212E-03
1.7262E-04
3.5822E-03
6.8805E-03
9.9315E-03
1.3022E-02
1.5929E-02
1.9195E-02
2.1679E-02
2.4876E-02
2.7943E-02
3.0124E-02
3.3151E-02
3.6777E-02
3.8458E-02
4.0539E-02
4.2855E-02
4.5453E-02
4.8265E-02
4.9964E-02
5.1220E-02
5.3020E-02
5.5447E-02
5.8585E-02
6.0063E-02
6.0853E-02
6.2240E-02
6.4646E-02
6.6683E-02
6.8076E-02
6.9851E-02
7.0853E-02
7.2485E-02
7.4846E-02
7.6143E-02
7.7754E-02
7.8433E-02
7.9798E-02
8.0676E-02
8.1625E-02
8.2543E-02
8.3135E-02
8.4463E-02
8.5378E-02
8.4794E-02
8.5762E-02
8.6762E-02
8.7123E-02
8.7383E-02
8.6653E-02
8.5279E-02
8.4012E-02
8.2524E-02
7.9700E-02
7.7546E-02
7.4902E-02
7.1684E-02
6.9387E-02
6.6588E-02
6.3659E-02
5.9170E-02
5.5984E-02
5.2777E-02
4.9649E-02
4.5604E-02
4.2316E-02
4.0223E-02
3.8245E-02
3.5824E-02
3.3710E-02
3.2091E-02
3.2179E-02
3.0717E-02
2.9884E-02
2.8935E-02
2.7891E-02
2.7295E-02
2.7080E-02
2.6225E-02
2.6078E-02
2.5879E-02
2.5840E-02
2.4581E-02
2.4444E-02
2.5263E-02
2.5354E-02
2.5081E-02
2.5639E-02
2.5574E-02
2.6131E-02
2.6404E-02
2.6957E-02
2.6468E-02
2.8435E-02
2.8611E-02
2.8702E-02
2.9225E-02
3.0080E-02
3.0560E-02
3.1358E-02
3.1524E-02
3.1748E-02
3.2275E-02
3.3631E-02
3.2343E-02
3.2218E-02
3.2801E-02
3.1272E-02
3.0094E-02
2.8893E-02
2.7637E-02
2.5690E-02
2.4091E-02
2.3459E-02
2.1338E-02
2.1060E-02
2.0152E-02
1.9078E-02
1.8404E-02
1.8550E-02
1.7724E-02
1.8467E-02
1.9866E-02
1.9645E-02
2.1609E-02
2.4165E-02
2.6300E-02
2.9055E-02
3.2255E-02
3.6028E-02
3.8900E-02
4.2670E-02
4.5387E-02
4.8553E-02
5.1595E-02
5.4228E-02
5.6352E-02
5.9110E-02
6.0998E-02
6.1847E-02
6.2706E-02
6.1917E-02
6.1495E-02
6.1731E-02
6.0914E-02
5.8997E-02
5.5705E-02
5.3428E-02
5.0926E-02
5.0512E-02
4.8023E-02
4.5041E-02
4.2327E-02
4.0422E-02
3.8361E-02
3.7180E-02
3.4419E-02
3.1557E-02
2.9751E-02
2.7639E-02
2.5298E-02
2.2537E-02
1.9934E-02
1.7998E-02
1.5276E-02
1.3608E-02
1.0664E-02
7.0035E-03
3.8851E-03
1.1207E-03
-1.9561E-03
-5.4998E-03
-1.0107E-02
-1.3328E-02
-1.6347E-02
-2.0015E-02
-2.3105E-02
-2.6021E-02
-3.0391E-02
-3.4001E-02
-3.7125E-02
-3.9345E-02
-4.2457E-02
-4.5564E-02
-4.6828E-02
-4.9252E-02
-5.2255E-02
-5.3810E-02
-5.4946E-02
-5.5189E-02
-5.6609E-02
-5.6656E-02
-5.6567E-02
-5.5904E-02
-5.5503E-02
-5.4903E-02
-5.4573E-02
-5.3553E-02
-5.3372E-02
-5.1714E-02
-5.1170E-02
-5.0083E-02
-4.9177E-02
-4.8271E-02
-4.7771E-02
-4.6905E-02
-4.5903E-02
-4.5563E-02
-4.5709E-02
-4.5677E-02
-4.5431E-02
-4.5335E-02
-4.6309E-02
-4.6248E-02
-4.5854E-02
-4.5074E-02
-4.4876E-02
-4.4087E-02
-4.2470E-02
-4.1221E-02
-4.0783E-02
-3.9496E-02
-3.8539E-02
-3.6097E-02
-3.4180E-02
-3.1312E-02
-2.8776E-02
-2.6024E-02
-2.3125E-02
-1.9637E-02
-1.7222E-02
-1.5215E-02
-1.2088E-02
-9.1858E-03
-7.4242E-03
-4.5390E-03
-2.5323E-03
-3.3957E-04
1.9515E-03
3.7994E-03
4.5882E-03
6.4915E-03
7.9955E-03
9.1276E-03
1.0124E-02
1.0748E-02
1.0419E-02
1.1185E-02
1.1080E-02
1.1525E-02
9.8803E-03
9.8472E-03
9.5284E-03
9.1450E-03
8.6223E-03
8.1053E-03
7.6031E-03
6.6272E-03
6.4296E-03
6.6454E-03
5.6886E-03
5.5120E-03
4.8638E-03
3.4023E-03
2.6297E-03
2.8903E-03
1.8029E-03
1.9080E-03
1.6895E-03
1.5026E-03
1.3852E-03
1.1376E-03
5.2498E-04
1.4773E-03
1.4559E-03
1.5766E-03
2.5902E-03
2.4965E-03
3.2134E-03
4.3028E-03
4.3035E-03
5.4742E-03
5.3187E-03
6.2936E-03
6.9521E-03
7.8550E-03
9.7054E-03
1.0220E-02
1.0973E-02
1.1446E-02
1.1653E-02
1.2155E-02
1.2831E-02
1.4100E-02
1.4130E-02
1.4353E-02
1.4451E-02
1.4906E-02
1.5369E-02
1.6573E-02
1.6539E-02
1.7009E-02
1.6983E-02
1.7489E-02
1.6708E-02
1.6150E-02
1.5525E-02
1.4248E-02
1.2894E-02
1.3053E-02
1.1114E-02
1.0001E-02
8.7526E-03
7.2370E-03
6.0031E-03
4.1472E-03
1.0091E-03
-1.0988E-03
-3.3268E-03
-5.9185E-03
-8.6600E-03
-1.1344E-02
-1.3243E-02
-1.5151E-02
-1.6943E-02
-1.8138E-02
-2.0005E-02
-2.2304E-02
-2.3313E-02
-2.4435E-02
-2.7217E-02
-2.7809E-02
-2.8827E-02
-2.9232E-02
-3.0215E-02
-2.9700E-02
-2.9067E-02
-2.8895E-02
-2.8151E-02
-2.8606E-02
-2.9487E-02
-2.9740E-02
-3.0293E-02
-3.1331E-02
-3.2546E-02
-3.3538E-02
-3.4193E-02
-3.4854E-02
-3.6606E-02
-3.7438E-02
-3.8637E-02
-3.9444E-02
-4.0705E-02
-4.1902E-02
-4.3515E-02
-4.3147E-02
-4.3782E-02
-4.4647E-02
-4.4430E-02
-4.3902E-02
-4.3296E-02
-4.1858E-02
-4.1062E-02
-3.9972E-02
-3.8882E-02
-3.7795E-02
-3.6946E-02
-3.5641E-02
-3.5333E-02
-3.4815E-02
-3.4285E-02
-3.4949E-02
-3.4868E-02
-3.5283E-02
-3.6763E-02
-3.7595E-02
-3.9670E-02
-4.1138E-02
-4.2793E-02
-4.3885E-02
-4.6077E-02
-4.6946E-02
-4.8699E-02
-4.9443E-02
-5.0316E-02
-5.1140E-02
-5.2009E-02
-5.2076E-02
-5.1980E-02
-5.1867E-02
-5.1529E-02
-5.0540E-02
-4.9838E-02
-4.8567E-02
-4.7324E-02
-4.5670E-02
-4.3325E-02
-4.1678E-02
-4.0336E-02
-3.7627E-02
-3.5912E-02
-3.3774E-02
-3.2276E-02
-3.0531E-02
-2.8106E-02
-2.5588E-02
-2.3109E-02
-2.1519E-02
-1.9536E-02
-1.7778E-02
-1.7047E-02
-1.4179E-02
-1.3584E-02
-1.3284E-02
-1.1592E-02
-1.1232E-02
-1.0855E-02
-9.1557E-03
-9.6034E-03
-8.7946E-03
-9.0286E-03
-9.3044E-03
-9.0769E-03
-9.2035E-03
-9.3824E-03
-9.5351E-03
-1.0433E-02
-1.0920E-02
-1.1795E-02
-1.1592E-02
-1.1844E-02
-1.2571E-02
-1.2678E-02
-1.2387E-02
-1.2509E-02
-1.2533E-02
-1.2765E-02
-1.3360E-02
-1.3906E-02
-1.3443E-02
-1.3030E-02
-1.2156E-02
-1.1060E-02
-9.1994E-03
-8.4890E-03
-6.4075E-03
-4.8514E-03
-3.4112E-03
-1.7266E-03
-9.5981E-05
1.4188E-03
4.1111E-03
5.7753E-03
7.4419E-03
9.4530E-03
1.1628E-02
1.3975E-02
1.6799E-02
1.8410E-02
2.0218E-02
2.2500E-02
2.4617E-02
2.5777E-02
2.7191E-02
2.7134E-02
2.9090E-02
2.8991E-02
2.9988E-02
3.0808E-02
3.1987E-02
3.2395E-02
3.3069E-02
3.2575E-02
3.3249E-02
3.3534E-02
3.3478E-02
3.3660E-02
3.3456E-02
3.3592E-02
3.4327E-02
3.4327E-02
3.4581E-02
3.5144E-02
3.6409E-02
3.6604E-02
3.7466E-02
3.8188E-02
3.8903E-02
3.9573E-02
3.9989E-02
3.9856E-02
4.0434E-02
4.0608E-02
4.0484E-02
4.0856E-02
4.1399E-02
4.1118E-02
4.0794E-02
4.1082E-02
4.0273E-02
3.9290E-02
3.8424E-02
3.7116E-02
3.6738E-02
3.4762E-02
3.3708E-02
3.2901E-02
3.1533E-02
3.0112E-02
3.0498E-02
2.8506E-02
2.7291E-02
2.6526E-02
2.5755E-02
2.3996E-02
2.3174E-02
2.1990E-02
2.0492E-02
1.8557E-02
1.7334E-02
1.5798E-02
1.4767E-02
1.3298E-02
1.1895E-02
1.1079E-02
1.0267E-02
9.7400E-03
9.1555E-03
8.7968E-03
8.0052E-03
7.0255E-03
7.2883E-03
7.0452E-03
6.7139E-03
7.2253E-03
9.0544E-03
8.7543E-03
9.9677E-03
1.0810E-02
1.2919E-02
1.3197E-02
1.3962E-02
1.4498E-02
1.4569E-02
1.3572E-02
1.4757E-02
1.5000E-02
1.2697E-02
1.2757E-02
1.3989E-02
1.1754E-02
1.1209E-02
1.0722E-02
8.4692E-03
7.1514E-03
6.9709E-03
4.8913E-03
3.4784E-03
2.0945E-03
7.9669E-04
9.1713E-05
-6.0038E-04
-1.6759E-03
-2.2927E-03
-3.2445E-03
-4.3009E-03
-4.5254E-03
-5.2208E-03
-6.1989E-03
-7.0695E-03
-7.8896E-03
-7.9555E-03
-8.0288E-03
-8.4107E-03
-8.1508E-03
-7.5564E-03
-7.9188E-03
-7.3791E-03
-6.9246E-03
-6.7079E-03
-5.3417E-03
-4.2864E-03
-3.6832E-03
-2.0759E-03
-1.3234E-03
4.5758E-04
3.4576E-03
5.7689E-03
7.8108E-03
9.8675E-03
1.1964E-02
1.4655E-02
1.6355E-02
1.9750E-02
2.1237E-02
2.3436E-02
2.5618E-02
2.6697E-02
2.9532E-02
3.1288E-02
3.2380E-02
3.4544E-02
3.4796E-02
3.5129E-02
3.5930E-02
3.7379E-02
3.7414E-02
3.7881E-02
3.7274E-02
3.7911E-02
3.7316E-02
3.7100E-02
3.6986E-02
3.6640E-02
3.5224E-02
3.4628E-02
3.3570E-02
3.2652E-02
3.2278E-02
3.1606E-02
3.0390E-02
3.0056E-02
2.8520E-02
2.8257E-02
2.6814E-02
2.5582E-02
2.4336E-02
2.3331E-02
2.1724E-02
2.0572E-02
1.8602E-02
1.7594E-02
1.5483E-02
1.3657E-02
1.1451E-02
1.0081E-02
8.1876E-03
6.0006E-03
2.9260E-03
7.7662E-04
-1.8850E-03
-4.2280E-03
-6.7011E-03
-9.5060E-03
-1.1816E-02
-1.4031E-02
-1.6714E-02
-1.8894E-02
-2.0708E-02
-2.3450E-02
-2.5965E-02
-2.7116E-02
-2.9483E-02
-3.0855E-02
-3.2577E-02
-3.3562E-02
-3.5403E-02
-3.5722E-02
-3.6116E-02
-3.6650E-02
-3.7764E-02
-3.7934E-02
-3.7777E-02
-3.8446E-02
-3.9076E-02
-3.8334E-02
-3.9360E-02
-3.9945E-02
-4.0286E-02
-4.0601E-02
-4.1357E-02
-4.1788E-02
-4.2933E-02
-4.4291E-02
-4.4881E-02
-4.4859E-02
-4.6520E-02
-4.7208E-02
-4.8331E-02
-4.8347E-02
-4.8767E-02
-4.9984E-02
-5.1173E-02
-4.9751E-02
-4.9051E-02
-5.0014E-02
-4.9687E-02
-4.8697E-02
-4.8066E-02
-4.6482E-02
-4.5173E-02
-4.5206E-02
-4.3245E-02
-4.0302E-02
-3.8302E-02
-3.6678E-02
-3.4943E-02
-3.1715E-02
-2.9168E-02
-2.7304E-02
-2.5084E-02
-2.1342E-02
-1.8588E-02
-1.5557E-02
-1.2714E-02
-1.1040E-02
-7.8880E-03
-4.7328E-03
-3.9477E-03
-2.0672E-03
-5.5411E-04
6.9657E-04
2.3869E-03
3.0244E-03
3.6633E-03
6.1068E-03
7.0642E-03
8.3432E-03
9.3606E-03
1.0411E-02
1.1555E-02
1.2369E-02
1.3011E-02
1.5166E-02
1.5988E-02
1.7336E-02
1.8950E-02
2.0224E-02
2.1341E-02
2.4324E-02
2.4917E-02
2.6182E-02
2.7181E-02
2.8163E-02
2.9063E-02
3.0058E-02
2.9809E-02
3.1102E-02
3.0933E-02
3.1075E-02
3.1110E-02
3.0517E-02
2.9801E-02
2.9497E-02
2.8521E-02
2.7602E-02
2.5934E-02
2.4952E-02
2.3668E-02
2.2631E-02
2.1734E-02
2.1222E-02
2.0009E-02
2.0643E-02
2.0067E-02
2.0394E-02
2.0862E-02
2.1592E-02
2.2039E-02
2.3670E-02
2.4675E-02
2.6571E-02
2.7879E-02
2.9691E-02
3.1602E-02
3.2706E-02
3.4598E-02
3.7055E-02
3.7966E-02
4.0013E-02
4.0878E-02
4.2292E-02
4.3540E-02
4.4912E-02
4.5846E-02
4.5929E-02
4.6115E-02
4.5867E-02
4.4851E-02
4.4098E-02
4.2387E-02
3.9740E-02
3.6683E-02
3.3239E-02
2.8826E-02
2.5390E-02
2.2267E-02
1.8560E-02
1.5092E-02
1.1697E-02
8.7456E-03
6.2053E-03
2.8738E-03
2.0900E-04
-2.2473E-03
-3.6846E-03
-5.7272E-03
-7.3244E-03
-8.5796E-03
-9.1488E-03
-1.1046E-02
-1.1654E-02
-1.2745E-02
-1.4318E-02
-1.5923E-02
-1.6590E-02
-1.9538E-02
-2.2019E-02
-2.4043E-02
-2.6064E-02
-2.9978E-02
-3.2192E-02
-3.5931E-02
-3.8429E-02
-4.1420E-02
-4.3802E-02
-4.7352E-02
-4.9665E-02
-5.1688E-02
-5.3261E-02
-5.4553E-02
-5.5661E-02
-5.6798E-02
-5.5869E-02
-5.5679E-02
-5.4058E-02
-5.3895E-02
-5.2171E-02
-4.8725E-02
-4.4385E-02
-4.0519E-02
-3.6543E-02
-3.1825E-02
-2.7339E-02
-2.3424E-02
-1.9138E-02
-1.6103E-02
-1.1653E-02
-7.7181E-03
-4.7338E-03
-2.7312E-03
4.9900E-04
2.3599E-03
4.5667E-03
5.7778E-03
5.8513E-03
7.1116E-03
7.9140E-03
6.6029E-03
6.9951E-03
6.6438E-03
5.3455E-03
4.9652E-03
4.2489E-03
3.1731E-03
4.1963E-03
3.9422E-03
4.6382E-03
5.2921E-03
6.2488E-03
6.3198E-03
7.8025E-03
7.8287E-03
7.1900E-03
7.8495E-03
9.0132E-03
9.4660E-03
1.0125E-02
1.0718E-02
1.1433E-02
1.1707E-02
1.2818E-02
1.3879E-02
1.4298E-02
1.3943E-02
1.5006E-02
1.4489E-02
1.4265E-02
1.4072E-02
1.4029E-02
1.3483E-02
1.3860E-02
1.3423E-02
1.3016E-02
1.2723E-02
1.2620E-02
1.1734E-02
1.0916E-02
1.0087E-02
9.7751E-03
8.9673E-03
8.6294E-03
7.3121E-03
7.5532E-03
5.9763E-03
5.3191E-03
5.2257E-03
4.0584E-03
2.9919E-03
2.6438E-03
1.5540E-03
1.0825E-03
-1.8511E-04
-1.1230E-03
-2.4392E-03
-3.3258E-03
-4.7902E-03
-5.8605E-03
-7.1666E-03
-8.5377E-03
-9.5872E-03
-1.0944E-02
-1.2289E-02
-1.2644E-02
-1.4061E-02
-1.4009E-02
-1.4339E-02
-1.5356E-02
-1.6114E-02
-1.5805E-02
-1.6453E-02
-1.6632E-02
-1.6933E-02
-1.7170E-02
-1.7019E-02
-1.5715E-02
-1.5271E-02
-1.5307E-02
-1.5384E-02
-1.5278E-02
-1.5357E-02
-1.5428E-02
-1.6699E-02
-1.6731E-02
-1.6954E-02
-1.8198E-02
-1.8340E-02
-1.8051E-02
-1.8655E-02
-1.8362E-02
-1.8490E-02
-1.8003E-02
-1.8027E-02
-1.6909E-02
-1.6170E-02
-1.5878E-02
-1.5451E-02
-1.3856E-02
-1.2749E-02
-1.1162E-02
-1.0070E-02
-7.1961E-03
-5.0717E-03
-3.3811E-03
-1.2681E-03
1.0789E-03
2.1227E-03
3.8749E-03
4.9578E-03
6.5988E-03
7.3734E-03
7.8162E-03
1.0518E-02
1.0979E-02
1.0487E-02
1.0962E-02
1.0645E-02
1.0455E-02
9.8373E-03
1.0663E-02
9.9153E-03
8.3326E-03
8.1529E-03
8.2152E-03
6.6492E-03
6.1584E-03
4.9127E-03
5.0709E-03
4.2592E-03
2.9207E-03
2.6005E-03
3.4923E-03
2.8773E-03
2.5440E-03
2.8011E-03
2.5663E-03
1.6130E-03
2.9592E-03
2.6384E-03
1.4660E-03
1.3045E-03
2.1411E-03
2.7664E-03
3.6636E-03
2.7149E-03
2.3450E-03
2.4799E-03
2.6690E-03
1.5754E-03
1.7758E-03
6.5340E-04
-8.1649E-04
-1.6904E-03
-2.3466E-03
-3.8636E-03
-5.5012E-03
-6.0791E-03
-6.9155E-03
-9.3547E-03
-9.4160E-03
-9.0429E-03
-9.8542E-03
-1.0365E-02
-1.1564E-02
-1.2229E-02
-1.1957E-02
-1.2027E-02
-1.1682E-02
-1.0732E-02
-1.0331E-02
-9.8796E-03
-6.0986E-03
-5.1896E-03
-3.9578E-03
-1.3973E-03
3.8695E-04
1.2301E-03
4.0657E-03
6.0810E-03
7.4690E-03
9.0264E-03
1.1632E-02
1.2537E-02
1.5493E-02
1.7050E-02
1.8063E-02
2.0178E-02
2.2435E-02
2.2729E-02
2.4512E-02
2.5207E-02
2.5533E-02
2.5327E-02
2.6556E-02
2.6545E-02
2.5640E-02
2.6065E-02
2.7029E-02
2.6617E-02
2.6752E-02
2.5775E-02
2.5051E-02
2.3946E-02
2.2721E-02
2.1604E-02
2.0293E-02
1.8284E-02
1.7099E-02
1.5534E-02
1.3874E-02
1.1684E-02
1.0242E-02
7.9330E-03
6.0453E-03
4.1649E-03
1.8906E-03
-3.0103E-04
-1.8090E-03
-3.8587E-03
-5.3677E-03
-7.5406E-03
-8.6514E-03
-1.0227E-02
-1.1376E-02
-1.2785E-02
-1.3900E-02
-1.4935E-02
-1.5547E-02
-1.6236E-02
-1.5561E-02
-1.7332E-02
-1.6637E-02
-1.6777E-02
-1.6852E-02
-1.6024E-02
-1.5562E-02
-1.5730E-02
-1.4798E-02
-1.4368E-02
-1.2910E-02
-1.2475E-02
-1.0962E-02
-1.0118E-02
-9.4155E-03
-8.6544E-03
-7.4391E-03
-7.1649E-03
-5.9775E-03
-5.1309E-03
-4.0481E-03
-2.2369E-03
-7.0525E-04
-1.9592E-04
1.1067E-03
1.3097E-03
2.0873E-03
3.1543E-03
3.8905E-03
4.2405E-03
5.0621E-03
5.2414E-03
5.9376E-03
6.1234E-03
6.9168E-03
7.3639E-03
7.7304E-03
7.5856E-03
8.0085E-03
7.6708E-03
8.6706E-03
8.9482E-03
9.1034E-03
9.2329E-03
1.0170E-02
1.0778E-02
1.2312E-02
1.2787E-02
1.2411E-02
1.3530E-02
1.4675E-02
1.4761E-02
1.6013E-02
1.6236E-02
1.6962E-02
1.7641E-02
1.9100E-02
1.9857E-02
2.0919E-02
2.1752E-02
2.2910E-02
2.2744E-02
2.3024E-02
2.3241E-02
2.4261E-02
2.3955E-02
2.4229E-02
2.3980E-02
2.4171E-02
2.4112E-02
2.3776E-02
2.2301E-02