8.0010E+03
5.0000E-03
-4.7906E-03
1.7087E-03
7.5472E-03
1.1765E-02
1.4121E-02
1.5093E-02
1.5127E-02
1.4159E-02
1.1882E-02
8.1943E-03
3.3805E-03
-1.9865E-03
-7.3556E-03
-1.2246E-02
-1.6235E-02
-1.8872E-02
-1.9691E-02
-1.8596E-02
-1.6393E-02
-1.4417E-02
-1.3415E-02
-1.3081E-02
-1.2842E-02
-1.2443E-02
-1.1594E-02
-9.8193E-03
-7.0304E-03
-3.9961E-03
-1.8433E-03
-9.7218E-04
-8.9014E-04
-9.5753E-04
-7.6588E-04
1.6919E-05
1.2914E-03
2.2307E-03
1.9943E-03
6.3156E-04
-1.0134E-03
-2.1237E-03
-2.2045E-03
-1.0077E-03
1.2934E-03
3.7838E-03
5.2447E-03
5.1133E-03
3.7965E-03
2.1266E-03
7.6884E-04
-9.6749E-06
-3.1295E-04
-4.5451E-04
-5.5225E-04
-2.3197E-04
9.5879E-04
3.0177E-03
5.5712E-03
8.4241E-03
1.1587E-02
1.4809E-02
1.7514E-02
1.9201E-02
1.9758E-02
1.9154E-02
1.7185E-02
1.3869E-02
9.6578E-03
5.0537E-03
3.1546E-04
-4.3242E-03
-8.4277E-03
-1.1599E-02
-1.3813E-02
-1.5249E-02
-1.5977E-02
-1.6038E-02
-1.5714E-02
-1.5385E-02
-1.5033E-02
-1.4238E-02
-1.2575E-02
-9.9256E-03
-6.4828E-03
-2.5621E-03
1.5616E-03
5.6754E-03
9.6670E-03
1.3466E-02
1.6804E-02
1.9315E-02
2.0880E-02
2.1400E-02
2.0335E-02
1.7116E-02
1.2053E-02
6.4551E-03
1.8472E-03
-1.0081E-03
-2.2193E-03
-2.3304E-03
-2.0043E-03
-1.8286E-03
-2.1335E-03
-2.7974E-03
-3.4021E-03
-3.6131E-03
-3.5539E-03
-3.5155E-03
-3.5726E-03
-3.4494E-03
-2.5867E-03
-5.5853E-04
2.5486E-03
6.3376E-03
1.0605E-02
1.5206E-02
1.9690E-02
2.3201E-02
2.4765E-02
2.3632E-02
1.9697E-02
1.3832E-02
7.6685E-03
2.8539E-03
9.0490E-05
-1.0290E-03
-1.4092E-03
-1.7649E-03
-2.4497E-03
-3.6405E-03
-5.2839E-03
-7.1573E-03
-9.0502E-03
-1.0820E-02
-1.2234E-02
-1.2985E-02
-1.3070E-02
-1.2700E-02
-1.1863E-02
-1.0191E-02
-7.3400E-03
-3.2937E-03
1.5944E-03
6.8671E-03
1.2079E-02
1.6756E-02
2.0519E-02
2.3294E-02
2.5151E-02
2.6170E-02
2.6495E-02
2.6121E-02
2.4692E-02
2.1788E-02
1.7518E-02
1.2680E-02
8.1527E-03
4.3377E-03
1.1246E-03
-1.5699E-03
-3.5210E-03
-4.5609E-03
-4.9047E-03
-4.9419E-03
-4.9818E-03
-5.1159E-03
-5.1788E-03
-4.9615E-03
-4.5651E-03
-4.5958E-03
-5.6123E-03
-7.4665E-03
-9.4963E-03
-1.1102E-02
-1.1955E-02
-1.1754E-02
-1.0194E-02
-7.4963E-03
-4.7154E-03
-3.0880E-03
-3.1410E-03
-4.6244E-03
-7.0157E-03
-9.6984E-03
-1.1833E-02
-1.2725E-02
-1.2196E-02
-1.0566E-02
-8.4717E-03
-6.6598E-03
-5.5825E-03
-5.0505E-03
-4.4345E-03
-3.2920E-03
-1.8599E-03
-8.1225E-04
-7.5137E-04
-1.7366E-03
-3.3126E-03
-4.8324E-03
-5.6676E-03
-5.5341E-03
-4.7222E-03
-3.8030E-03
-3.0665E-03
-2.5236E-03
-2.0134E-03
-1.2131E-03
1.3268E-04
1.8988E-03
3.5189E-03
4.4265E-03
4.6068E-03
4.8152E-03
5.8829E-03
7.7925E-03
9.6108E-03
1.0291E-02
9.2775E-03
6.7306E-03
3.4714E-03
5.7079E-04
-1.2574E-03
-1.9833E-03
-1.9983E-03
-1.6540E-03
-9.8533E-04
2.1068E-04
2.1879E-03
4.9488E-03
8.0293E-03
1.0699E-02
1.2362E-02
1.2997E-02
1.2982E-02
1.2485E-02
1.1143E-02
8.6017E-03
5.1389E-03
1.6804E-03
-6.1415E-04
-1.0276E-03
3.6177E-04
3.1058E-03
6.8640E-03
1.1300E-02
1.5773E-02
1.9396E-02
2.1546E-02
2.2355E-02
2.2570E-02
2.2840E-02
2.2863E-02
2.1735E-02
1.8906E-02
1.4689E-02
1.0057E-02
6.0435E-03
3.3125E-03
1.9683E-03
1.8027E-03
2.4419E-03
3.4704E-03
4.6729E-03
6.0665E-03
7.6245E-03
9.1667E-03
1.0603E-02
1.2003E-02
1.3536E-02
1.5261E-02
1.6998E-02
1.8393E-02
1.9179E-02
1.9249E-02
1.8640E-02
1.7547E-02
1.6291E-02
1.5124E-02
1.4041E-02
1.2951E-02
1.1697E-02
9.8386E-03
6.7090E-03
1.8720E-03
-4.3972E-03
-1.1158E-02
-1.7119E-02
-2.1079E-02
-2.2344E-02
-2.0890E-02
-1.7276E-02
-1.2352E-02
-6.7514E-03
-6.0711E-04
6.1149E-03
1.3021E-02
1.9108E-02
2.3251E-02
2.4837E-02
2.3877E-02
2.0682E-02
1.5572E-02
8.9966E-03
1.5305E-03
-6.1086E-03
-1.3085E-02
-1.8624E-02
-2.2378E-02
-2.4536E-02
-2.5365E-02
-2.4955E-02
-2.3307E-02
-2.0602E-02
-1.7332E-02
-1.4262E-02
-1.2164E-02
-1.1486E-02
-1.2011E-02
-1.2750E-02
-1.2281E-02
-9.8065E-03
-5.9151E-03
-1.8978E-03
1.2072E-03
2.9894E-03
3.4418E-03
2.7622E-03
1.2331E-03
-9.2808E-04
-3.5902E-03
-6.5608E-03
-9.3133E-03
-1.1016E-02
-1.1118E-02
-9.7605E-03
-7.5032E-03
-4.7066E-03
-1.3090E-03
2.8575E-03
7.8313E-03
1.3286E-02
1.8337E-02
2.2010E-02
2.3672E-02
2.3259E-02
2.1086E-02
1.7526E-02
1.3016E-02
8.1777E-03
3.9923E-03
1.5507E-03
1.3506E-03
3.0504E-03
5.7574E-03
8.6558E-03
1.1468E-02
1.4334E-02
1.7288E-02
1.9856E-02
2.1260E-02
2.1004E-02
1.8973E-02
1.5377E-02
1.0518E-02
4.5507E-03
-2.3740E-03
-9.7065E-03
-1.6336E-02
-2.1140E-02
-2.3765E-02
-2.4768E-02
-2.4848E-02
-2.4241E-02
-2.3066E-02
-2.1718E-02
-2.0542E-02
-1.9119E-02
-1.6487E-02
-1.2109E-02
-6.2326E-03
5.8101E-04
7.8308E-03
1.4968E-02
2.1391E-02
2.6809E-02
3.1432E-02
3.5661E-02
3.9678E-02
4.3319E-02
4.6326E-02
4.8560E-02
5.0053E-02
5.1199E-02
5.2512E-02
5.4272E-02
5.6361E-02
5.8411E-02
5.9737E-02
5.9234E-02
5.5678E-02
4.8326E-02
3.7482E-02
2.4360E-02
1.0431E-02
-3.2026E-03
-1.6151E-02
-2.8407E-02
-3.9707E-02
-4.9222E-02
-5.5778E-02
-5.8430E-02
-5.7037E-02
-5.2198E-02
-4.4914E-02
-3.6285E-02
-2.7162E-02
-1.8033E-02
-9.2430E-03
-1.2429E-03
5.4921E-03
1.0774E-02
1.4748E-02
1.7804E-02
2.0581E-02
2.3688E-02
2.7316E-02
3.1047E-02
3.4025E-02
3.5500E-02
3.5261E-02
3.3508E-02
3.0341E-02
2.5715E-02
1.9548E-02
1.1856E-02
2.9608E-03
-6.2638E-03
-1.4359E-02
-1.9867E-02
-2.2060E-02
-2.1234E-02
-1.8475E-02
-1.5105E-02
-1.2333E-02
-1.0965E-02
-1.1245E-02
-1.3005E-02
-1.5919E-02
-1.9700E-02
-2.3953E-02
-2.8140E-02
-3.1872E-02
-3.4841E-02
-3.6751E-02
-3.7579E-02
-3.7754E-02
-3.7830E-02
-3.7561E-02
-3.5530E-02
-2.9957E-02
-2.0348E-02
-8.3313E-03
3.2763E-03
1.1977E-02
1.6741E-02
1.8316E-02
1.8633E-02
1.9388E-02
2.0832E-02
2.1973E-02
2.1699E-02
1.9507E-02
1.5553E-02
1.0318E-02
4.2047E-03
-2.3323E-03
-8.7299E-03
-1.4458E-02
-1.9041E-02
-2.2174E-02
-2.3937E-02
-2.4720E-02
-2.4514E-02
-2.2519E-02
-1.7793E-02
-9.9689E-03
4.6430E-04
1.2222E-02
2.3635E-02
3.3250E-02
4.0165E-02
4.3943E-02
4.4491E-02
4.2107E-02
3.6885E-02
2.8760E-02
1.8152E-02
6.6220E-03
-3.5137E-03
-1.0768E-02
-1.5018E-02
-1.6861E-02
-1.6778E-02
-1.4976E-02
-1.1934E-02
-8.5590E-03
-5.7977E-03
-4.3565E-03
-4.6102E-03
-6.4498E-03
-9.1918E-03
-1.1585E-02
-1.2192E-02
-1.0058E-02
-5.0767E-03
2.3479E-03
1.1519E-02
2.1339E-02
3.0422E-02
3.7763E-02
4.3262E-02
4.7376E-02
5.0368E-02
5.1936E-02
5.1669E-02
4.9474E-02
4.5486E-02
3.9622E-02
3.1586E-02
2.1644E-02
1.0965E-02
1.1924E-03
-6.4038E-03
-1.1592E-02
-1.4882E-02
-1.6841E-02
-1.7678E-02
-1.7414E-02
-1.6224E-02
-1.4365E-02
-1.1865E-02
-8.5898E-03
-4.4491E-03
3.2824E-04
5.1015E-03
9.1671E-03
1.2092E-02
1.3551E-02
1.3063E-02
1.0402E-02
5.9816E-03
7.3607E-04
-4.2072E-03
-7.8634E-03
-9.7576E-03
-1.0192E-02
-1.0016E-02
-9.9701E-03
-1.0220E-02
-1.0394E-02
-9.9382E-03
-8.4196E-03
-5.5914E-03
-1.5518E-03
3.1267E-03
7.4736E-03
1.0493E-02
1.1574E-02
1.0725E-02
8.7244E-03
6.6858E-03
5.2773E-03
4.5654E-03
4.3224E-03
4.3079E-03
4.3052E-03
3.8794E-03
2.4561E-03
-2.3488E-04
-3.8602E-03
-7.7900E-03
-1.1605E-02
-1.4973E-02
-1.7416E-02
-1.8504E-02
-1.8343E-02
-1.7739E-02
-1.7751E-02
-1.8975E-02
-2.1074E-02
-2.3068E-02
-2.4075E-02
-2.3796E-02
-2.2492E-02
-2.0409E-02
-1.7208E-02
-1.2006E-02
-4.3166E-03
4.9666E-03
1.3687E-02
1.9668E-02
2.1966E-02
2.1191E-02
1.8782E-02
1.6089E-02
1.3958E-02
1.2663E-02
1.2037E-02
1.1623E-02
1.0974E-02
9.9975E-03
9.0764E-03
9.0294E-03
1.0762E-02
1.4888E-02
2.1293E-02
2.8812E-02
3.5554E-02
3.9664E-02
4.0315E-02
3.8216E-02
3.5143E-02
3.2620E-02
3.0909E-02
2.9225E-02
2.6688E-02
2.2969E-02
1.8208E-02
1.2461E-02
5.7617E-03
-1.5624E-03
-8.9477E-03
-1.5859E-02
-2.2123E-02
-2.7871E-02
-3.3225E-02
-3.8287E-02
-4.3171E-02
-4.7884E-02
-5.1939E-02
-5.4395E-02
-5.4156E-02
-5.0321E-02
-4.2675E-02
-3.2010E-02
-1.9943E-02
-8.1824E-03
2.1111E-03
1.0418E-02
1.6728E-02
2.1321E-02
2.4392E-02
2.5828E-02
2.5354E-02
2.3069E-02
1.9644E-02
1.5909E-02
1.2354E-02
8.7879E-03
4.7338E-03
2.2999E-05
-5.1534E-03
-1.0422E-02
-1.5435E-02
-1.9902E-02
-2.3647E-02
-2.6696E-02
-2.9240E-02
-3.1439E-02
-3.3016E-02
-3.3117E-02
-3.0632E-02
-2.4752E-02
-1.5607E-02
-4.5853E-03
6.0322E-03
1.4049E-02
1.8570E-02
2.0404E-02
2.1309E-02
2.2410E-02
2.3356E-02
2.3090E-02
2.0930E-02
1.6888E-02
1.1218E-02
4.0959E-03
-4.1562E-03
-1.2819E-02
-2.0974E-02
-2.7906E-02
-3.3255E-02
-3.6821E-02
-3.8511E-02
-3.8422E-02
-3.6733E-02
-3.3600E-02
-2.9130E-02
-2.3583E-02
-1.7338E-02
-1.0766E-02
-4.2427E-03
2.1728E-03
8.5123E-03
1.4476E-02
1.9234E-02
2.1792E-02
2.1467E-02
1.8001E-02
1.1811E-02
4.1871E-03
-2.9007E-03
-7.7684E-03
-1.0183E-02
-1.1439E-02
-1.2925E-02
-1.4963E-02
-1.7013E-02
-1.8540E-02
-1.9250E-02
-1.8856E-02
-1.7215E-02
-1.4626E-02
-1.1925E-02
-9.9548E-03
-8.9503E-03
-8.5364E-03
-8.1058E-03
-7.2330E-03
-5.7295E-03
-3.5301E-03
-6.8773E-04
2.6141E-03
6.0849E-03
9.3094E-03
1.1910E-02
1.3717E-02
1.4774E-02
1.5236E-02
1.5337E-02
1.5252E-02
1.5057E-02
1.4906E-02
1.5054E-02
1.5776E-02
1.7398E-02
2.0258E-02
2.4542E-02
2.9965E-02
3.5760E-02
4.0856E-02
4.4365E-02
4.6038E-02
4.6065E-02
4.4629E-02
4.1881E-02
3.8221E-02
3.4284E-02
3.0384E-02
2.6235E-02
2.1392E-02
1.5872E-02
1.0332E-02
5.5494E-03
1.8942E-03
-6.4073E-04
-2.2666E-03
-3.2891E-03
-4.2037E-03
-5.2882E-03
-6.2072E-03
-6.3370E-03
-5.3114E-03
-3.4198E-03
-1.4278E-03
-2.0134E-04
-3.6853E-04
-2.0886E-03
-5.1028E-03
-8.8856E-03
-1.2872E-02
-1.6641E-02
-1.9883E-02
-2.2388E-02
-2.4104E-02
-2.4861E-02
-2.4210E-02
-2.1669E-02
-1.7335E-02
-1.1998E-02
-6.5707E-03
-1.5252E-03
3.3097E-03
8.2531E-03
1.3070E-02
1.6850E-02
1.8445E-02
1.7020E-02
1.2266E-02
4.5562E-03
-4.9792E-03
-1.4702E-02
-2.3046E-02
-2.9103E-02
-3.2891E-02
-3.4878E-02
-3.5250E-02
-3.3804E-02
-3.0291E-02
-2.4833E-02
-1.8214E-02
-1.1681E-02
-6.4132E-03
-3.1708E-03
-2.2775E-03
-3.6793E-03
-6.9387E-03
-1.1318E-02
-1.6069E-02
-2.0530E-02
-2.4430E-02
-2.7960E-02
-3.1365E-02
-3.4633E-02
-3.7673E-02
-4.0414E-02
-4.2611E-02
-4.3707E-02
-4.2923E-02
-3.9781E-02
-3.4488E-02
-2.7860E-02
-2.0700E-02
-1.3378E-02
-6.0279E-03
1.2036E-03
8.0674E-03
1.4195E-02
1.9129E-02
2.2507E-02
2.4311E-02
2.4811E-02
2.4220E-02
2.2233E-02
1.8051E-02
1.1315E-02
2.9269E-03
-5.3095E-03
-1.1505E-02
-1.4351E-02
-1.3578E-02
-1.0057E-02
-5.3266E-03
-8.6484E-04
2.2281E-03
3.2887E-03
2.0074E-03
-1.3045E-03
-5.3956E-03
-8.3743E-03
-8.9866E-03
-7.5223E-03
-5.1964E-03
-2.9799E-03
-1.0982E-03
6.5182E-04
2.6009E-03
5.1125E-03
8.4293E-03
1.2445E-02
1.6664E-02
2.0427E-02
2.3344E-02
2.5413E-02
2.6779E-02
2.7717E-02
2.8411E-02
2.8820E-02
2.8667E-02
2.7671E-02
2.5669E-02
2.2543E-02
1.8252E-02
1.2906E-02
6.7946E-03
5.9116E-04
-4.6004E-03
-7.6745E-03
-8.1669E-03
-6.2894E-03
-2.4667E-03
3.0294E-03
9.8577E-03
1.7065E-02
2.3179E-02
2.7193E-02
2.9296E-02
3.0380E-02
3.0916E-02
3.0753E-02
2.9583E-02
2.7223E-02
2.3663E-02
1.9093E-02
1.4180E-02
9.9154E-03
7.0352E-03
5.6680E-03
5.4690E-03
5.9698E-03
6.8538E-03
8.0673E-03
9.7730E-03
1.2042E-02
1.4358E-02
1.5728E-02
1.5231E-02
1.2462E-02
7.5302E-03
9.5837E-04
-6.3646E-03
-1.3535E-02
-1.9850E-02
-2.4930E-02
-2.8519E-02
-3.0220E-02
-2.9647E-02
-2.6869E-02
-2.2428E-02
-1.6911E-02
-1.1060E-02
-5.8774E-03
-2.1760E-03
-4.9454E-05
9.1423E-04
9.6642E-04
4.2932E-05
-1.8474E-03
-4.2346E-03
-6.1288E-03
-6.5620E-03
-5.3919E-03
-3.3728E-03
-1.4800E-03
-1.6201E-04
8.7918E-04
1.9111E-03
2.4596E-03
1.4741E-03
-1.6367E-03
-6.4056E-03
-1.1774E-02
-1.6871E-02
-2.1340E-02
-2.5094E-02
-2.8041E-02
-3.0066E-02
-3.1109E-02
-3.1173E-02
-3.0191E-02
-2.7960E-02
-2.4215E-02
-1.8806E-02
-1.1996E-02
-4.6303E-03
2.1388E-03
7.2076E-03
9.7607E-03
9.6437E-03
7.7190E-03
5.5208E-03
4.2620E-03
4.2544E-03
4.8646E-03
5.1893E-03
4.8744E-03
4.2863E-03
3.9240E-03
3.8746E-03
3.9943E-03
4.2087E-03
4.4774E-03
4.4409E-03
3.2469E-03
2.8148E-05
-5.1153E-03
-1.0842E-02
-1.5414E-02
-1.7715E-02
-1.7549E-02
-1.5568E-02
-1.3039E-02
-1.1241E-02
-1.0887E-02
-1.1844E-02
-1.3355E-02
-1.4772E-02
-1.5883E-02
-1.6665E-02
-1.6833E-02
-1.6015E-02
-1.4093E-02
-1.1227E-02
-7.6543E-03
-3.4651E-03
1.6034E-03
7.9650E-03
1.5537E-02
2.3324E-02
2.9864E-02
3.4224E-02
3.6445E-02
3.7217E-02
3.7228E-02
3.6767E-02
3.5951E-02
3.5009E-02
3.4171E-02
3.3216E-02
3.1534E-02
2.8620E-02
2.4554E-02
2.0039E-02
1.5891E-02
1.2578E-02
1.0304E-02
9.2589E-03
9.4331E-03
1.0441E-02
1.1629E-02
1.2505E-02
1.2921E-02
1.2890E-02
1.2309E-02
1.1015E-02
9.0508E-03
6.7058E-03
4.4101E-03
2.5943E-03
1.4704E-03
7.6523E-04
-1.5766E-04
-1.7781E-03
-4.0426E-03
-6.5575E-03
-8.9813E-03
-1.1161E-02
-1.3094E-02
-1.4861E-02
-1.6535E-02
-1.8008E-02
-1.9056E-02
-1.9549E-02
-1.9633E-02
-1.9695E-02
-1.9954E-02
-2.0331E-02
-2.0723E-02
-2.1305E-02
-2.2324E-02
-2.3774E-02
-2.5266E-02
-2.6229E-02
-2.6222E-02
-2.5001E-02
-2.2448E-02
-1.8476E-02
-1.3322E-02
-7.7538E-03
-2.8501E-03
6.3384E-04
2.7558E-03
4.1751E-03
5.4383E-03
6.3327E-03
6.1621E-03
4.6225E-03
2.3657E-03
6.1282E-04
2.6185E-04
1.2727E-03
2.6925E-03
3.3584E-03
2.6776E-03
7.4013E-04
-1.9935E-03
-5.2175E-03
-8.9652E-03
-1.3429E-02
-1.8598E-02
-2.4329E-02
-3.0443E-02
-3.6330E-02
-4.0722E-02
-4.2471E-02
-4.1611E-02
-3.9411E-02
-3.7298E-02
-3.5702E-02
-3.4083E-02
-3.1864E-02
-2.9173E-02
-2.6542E-02
-2.4287E-02
-2.2477E-02
-2.1317E-02
-2.1179E-02
-2.2209E-02
-2.3838E-02
-2.4786E-02
-2.3746E-02
-2.0241E-02
-1.4999E-02
-9.4588E-03
-4.9071E-03
-1.7986E-03
3.3204E-04
2.3250E-03
4.7771E-03
7.5601E-03
9.7787E-03
1.0409E-02
9.1318E-03
6.3226E-03
2.3123E-03
-2.9184E-03
-9.3128E-03
-1.6155E-02
-2.2251E-02
-2.6797E-02
-2.9944E-02
-3.2381E-02
-3.4539E-02
-3.6290E-02
-3.7248E-02
-3.7330E-02
-3.7136E-02
-3.7718E-02
-3.9416E-02
-4.1021E-02
-4.0599E-02
-3.7313E-02
-3.2333E-02
-2.7777E-02
-2.4587E-02
-2.1677E-02
-1.7310E-02
-1.0866E-02
-3.2726E-03
4.0546E-03
1.0283E-02
1.5272E-02
1.8778E-02
1.9777E-02
1.7131E-02
1.0987E-02
3.1382E-03
-4.2790E-03
-9.9034E-03
-1.3155E-02
-1.4220E-02
-1.4035E-02
-1.3573E-02
-1.3022E-02
-1.1663E-02
-8.8014E-03
-4.9483E-03
-1.6874E-03
-1.4633E-04
3.1042E-05
1.3405E-04
9.0751E-04
1.9322E-03
2.3826E-03
2.2410E-03
2.9707E-03
6.3863E-03
1.2595E-02
1.9600E-02
2.5178E-02
2.8571E-02
3.0193E-02
3.0422E-02
2.9253E-02
2.6758E-02
2.2881E-02
1.6398E-02
5.4258E-03
-9.7946E-03
-2.5420E-02
-3.6551E-02
-4.1206E-02
-4.1077E-02
-3.8951E-02
-3.6371E-02
-3.3679E-02
-3.1177E-02
-2.9626E-02
-2.9937E-02
-3.2591E-02
-3.7060E-02
-4.1185E-02
-4.2259E-02
-3.9623E-02
-3.5340E-02
-3.1432E-02
-2.7360E-02
-2.0777E-02
-1.0055E-02
4.1629E-03
1.9556E-02
3.3192E-02
4.2344E-02
4.5147E-02
4.0861E-02
2.9197E-02
9.9234E-03
-1.5524E-02
-4.2073E-02
-6.1990E-02
-6.9815E-02
-6.6223E-02
-5.5999E-02
-4.3120E-02
-2.8932E-02
-1.3956E-02
3.0251E-04
1.1774E-02
1.9391E-02
2.2975E-02
2.1740E-02
1.3975E-02
-1.5259E-03
-2.3233E-02
-4.5442E-02
-6.0044E-02
-6.2221E-02
-5.3425E-02
-3.8291E-02
-1.9939E-02
9.8086E-04
2.3870E-02
4.6610E-02
6.6765E-02
8.3239E-02
9.5930E-02
1.0439E-01
1.0812E-01
1.0794E-01
1.0574E-01
1.0332E-01
1.0200E-01
1.0233E-01
1.0342E-01
1.0340E-01
1.0109E-01
9.6388E-02
8.9147E-02
7.8598E-02
6.4423E-02
4.7422E-02
2.8694E-02
8.8274E-03
-1.1077E-02
-2.8007E-02
-3.8294E-02
-4.0366E-02
-3.5510E-02
-2.6785E-02
-1.7351E-02
-8.8095E-03
-7.2801E-04
7.6113E-03
1.4963E-02
1.8491E-02
1.6786E-02
1.1198E-02
3.5264E-03
-6.0260E-03
-1.7512E-02
-2.9038E-02
-3.7348E-02
-4.0274E-02
-3.8009E-02
-3.2385E-02
-2.5353E-02
-1.8592E-02
-1.3919E-02
-1.3017E-02
-1.6447E-02
-2.3279E-02
-3.1864E-02
-4.0779E-02
-4.9005E-02
-5.5785E-02
-6.0535E-02
-6.2861E-02
-6.2749E-02
-6.0841E-02
-5.7851E-02
-5.3632E-02
-4.7772E-02
-4.0792E-02
-3.4149E-02
-2.9061E-02
-2.5262E-02
-2.0968E-02
-1.3664E-02
-1.1372E-03
1.7146E-02
3.8796E-02
5.9349E-02
7.5252E-02
8.5851E-02
9.2551E-02
9.6472E-02
9.6885E-02
9.1462E-02
7.8081E-02
5.6709E-02
2.9781E-02
7.8710E-04
-2.6927E-02
-5.0672E-02
-6.8942E-02
-8.1995E-02
-9.1723E-02
-1.0019E-01
-1.0790E-01
-1.1375E-01
-1.1664E-01
-1.1719E-01
-1.1731E-01
-1.1849E-01
-1.2087E-01
-1.2342E-01
-1.2470E-01
-1.2379E-01
-1.2083E-01
-1.1682E-01
-1.1271E-01
-1.0878E-01
-1.0498E-01
-1.0152E-01
-9.8696E-02
-9.6282E-02
-9.3882E-02
-9.1289E-02
-8.8388E-02
-8.5241E-02
-8.2933E-02
-8.3804E-02
-8.9763E-02
-9.9902E-02
-1.1016E-01
-1.1624E-01
-1.1694E-01
-1.1430E-01
-1.1101E-01
-1.0822E-01
-1.0535E-01
-1.0142E-01
-9.6509E-02
-9.2114E-02
-8.9754E-02
-8.9443E-02
-9.0071E-02
-9.0608E-02
-9.0199E-02
-8.7152E-02
-7.9032E-02
-6.4488E-02
-4.4635E-02
-2.2749E-02
-2.4245E-03
1.4346E-02
2.7526E-02
3.8119E-02
4.6923E-02
5.3705E-02
5.7595E-02
5.8018E-02
5.4452E-02
4.6353E-02
3.4031E-02
1.9487E-02
5.3047E-03
-7.4962E-03
-1.9183E-02
-2.8759E-02
-3.3535E-02
-3.2506E-02
-2.8358E-02
-2.4760E-02
-2.2757E-02
-2.0836E-02
-1.7786E-02
-1.4238E-02
-1.1562E-02
-1.0177E-02
-9.2730E-03
-7.6570E-03
-4.5572E-03
-8.2984E-05
4.9621E-03
1.0279E-02
1.7105E-02
2.7375E-02
4.1511E-02
5.7257E-02
7.1158E-02
8.0968E-02
8.6616E-02
8.9552E-02
9.1341E-02
9.2708E-02
9.3043E-02
9.0571E-02
8.3386E-02
7.0773E-02
5.3884E-02
3.6287E-02
2.3422E-02
1.9548E-02
2.4678E-02
3.5144E-02
4.6735E-02
5.6826E-02
6.4832E-02
7.2153E-02
8.1260E-02
9.3234E-02
1.0631E-01
1.1771E-01
1.2654E-01
1.3415E-01
1.4195E-01
1.5018E-01
1.5818E-01
1.6476E-01
1.6798E-01
1.6525E-01
1.5447E-01
1.3591E-01
1.1271E-01
8.9410E-02
6.9459E-02
5.3599E-02
4.0149E-02
2.6807E-02
1.2483E-02
-2.2626E-03
-1.6248E-02
-2.8163E-02
-3.5974E-02
-3.7511E-02
-3.3034E-02
-2.6468E-02
-2.2398E-02
-2.1498E-02
-1.9766E-02
-1.2792E-02
-2.2932E-04
1.4061E-02
2.5503E-02
3.2040E-02
3.4725E-02
3.5904E-02
3.6925E-02
3.7350E-02
3.6239E-02
3.3942E-02
3.2323E-02
3.3400E-02
3.7662E-02
4.3718E-02
4.9337E-02
5.2726E-02
5.3321E-02
5.1577E-02
4.8248E-02
4.4065E-02
4.0188E-02
3.8228E-02
3.9345E-02
4.3336E-02
4.8822E-02
5.4601E-02
6.0392E-02
6.6255E-02
7.1663E-02
7.5416E-02
7.6416E-02
7.4531E-02
7.0889E-02
6.7387E-02
6.5259E-02
6.3848E-02
6.1482E-02
5.7580E-02
5.2727E-02
4.6456E-02
3.6784E-02
2.2662E-02
5.7293E-03
-1.1084E-02
-2.5973E-02
-3.8585E-02
-4.8994E-02
-5.7393E-02
-6.4234E-02
-6.9706E-02
-7.3118E-02
-7.3759E-02
-7.2108E-02
-6.9346E-02
-6.5944E-02
-6.1319E-02
-5.4793E-02
-4.6719E-02
-3.8694E-02
-3.3131E-02
-3.2162E-02
-3.5918E-02
-4.1860E-02
-4.6602E-02
-4.8312E-02
-4.6926E-02
-4.3166E-02
-3.8152E-02
-3.3299E-02
-2.9406E-02
-2.5772E-02
-2.1040E-02
-1.4952E-02
-8.6410E-03
-3.2570E-03
9.3275E-04
4.1429E-03
6.7647E-03
9.7113E-03
1.4152E-02
2.0526E-02
2.8309E-02
3.6873E-02
4.6066E-02
5.5788E-02
6.5272E-02
7.2979E-02
7.7347E-02
7.7915E-02
7.5640E-02
7.2377E-02
6.9638E-02
6.7658E-02
6.5693E-02
6.3090E-02
5.9960E-02
5.6884E-02
5.4354E-02
5.2493E-02
5.1272E-02
5.0613E-02
5.0453E-02
5.1064E-02
5.2902E-02
5.5991E-02
5.9645E-02
6.2966E-02
6.5611E-02
6.7848E-02
7.0033E-02
7.2557E-02
7.5859E-02
8.0098E-02
8.4694E-02
8.8654E-02
9.1377E-02
9.2849E-02
9.3247E-02
9.2873E-02
9.2404E-02
9.2685E-02
9.3993E-02
9.5539E-02
9.5977E-02
9.4339E-02
9.0472E-02
8.4988E-02
7.8858E-02
7.3025E-02
6.8096E-02
6.4349E-02
6.1834E-02
6.0438E-02
5.9864E-02
5.9828E-02
6.0228E-02
6.0885E-02
6.1231E-02
6.0760E-02
5.9634E-02
5.8557E-02
5.8088E-02
5.8445E-02
5.9755E-02
6.1838E-02
6.3387E-02
6.1744E-02
5.4176E-02
3.9607E-02
1.9060E-02
-5.4462E-03
-3.1956E-02
-5.8741E-02
-8.4414E-02
-1.0816E-01
-1.2947E-01
-1.4764E-01
-1.6162E-01
-1.7027E-01
-1.7248E-01
-1.6759E-01
-1.5638E-01
-1.4149E-01
-1.2649E-01
-1.1424E-01
-1.0594E-01
-1.0147E-01
-9.9982E-02
-1.0044E-01
-1.0214E-01
-1.0492E-01
-1.0876E-01
-1.1350E-01
-1.1892E-01
-1.2522E-01
-1.3292E-01
-1.4218E-01
-1.5245E-01
-1.6261E-01
-1.7083E-01
-1.7385E-01
-1.6734E-01
-1.4799E-01
-1.1629E-01
-7.6989E-02
-3.6616E-02
-4.9023E-04
2.8768E-02
5.1012E-02
6.7321E-02
7.8648E-02
8.5253E-02
8.6910E-02
8.3138E-02
7.3241E-02
5.6892E-02
3.5097E-02
1.0420E-02
-1.4071E-02
-3.6191E-02
-5.4907E-02
-6.9812E-02
-8.0549E-02
-8.6543E-02
-8.7149E-02
-8.2276E-02
-7.3097E-02
-6.1821E-02
-5.0538E-02
-4.0358E-02
-3.1486E-02
-2.3782E-02
-1.7071E-02
-1.1265E-02
-6.4401E-03
-2.8149E-03
-5.4935E-04
3.9511E-04
1.4485E-04
-1.3000E-03
-3.9075E-03
-7.3305E-03
-1.1025E-02
-1.4545E-02
-1.7732E-02
-2.0627E-02
-2.3383E-02
-2.6340E-02
-2.9929E-02
-3.4293E-02
-3.9250E-02
-4.4625E-02
-5.0274E-02
-5.5887E-02
-6.1074E-02
-6.5740E-02
-7.0027E-02
-7.4016E-02
-7.7696E-02
-8.1179E-02
-8.4706E-02
-8.8483E-02
-9.2547E-02
-9.6762E-02
-1.0085E-01
-1.0438E-01
-1.0698E-01
-1.0835E-01
-1.0821E-01
-1.0621E-01
-1.0204E-01
-9.5669E-02
-8.7508E-02
-7.8350E-02
-6.9014E-02
-6.0296E-02
-5.2791E-02
-4.6687E-02
-4.1931E-02
-3.8539E-02
-3.6682E-02
-3.6422E-02
-3.7690E-02
-4.0458E-02
-4.4795E-02
-5.0542E-02
-5.7079E-02
-6.3551E-02
-6.9294E-02
-7.3834E-02
-7.6925E-02
-7.8823E-02
-8.0269E-02
-8.2121E-02
-8.4815E-02
-8.8278E-02
-9.2152E-02
-9.6021E-02
-9.9565E-02
-1.0260E-01
-1.0506E-01
-1.0695E-01
-1.0830E-01
-1.0914E-01
-1.0970E-01
-1.1037E-01
-1.1156E-01
-1.1359E-01
-1.1697E-01
-1.2225E-01
-1.2951E-01
-1.3854E-01
-1.4902E-01
-1.6050E-01
-1.7244E-01
-1.8433E-01
-1.9594E-01
-2.0704E-01
-2.1730E-01
-2.2640E-01
-2.3415E-01
-2.4041E-01
-2.4494E-01
-2.4764E-01
-2.4861E-01
-2.4832E-01
-2.4748E-01
-2.4664E-01
-2.4611E-01
-2.4617E-01
-2.4714E-01
-2.4930E-01
-2.5287E-01
-2.5807E-01
-2.6514E-01
-2.7410E-01
-2.8486E-01
-2.9735E-01
-3.1155E-01
-3.2744E-01
-3.4500E-01
-3.6414E-01
-3.8432E-01
-4.0436E-01
-4.2268E-01
-4.3796E-01
-4.4955E-01
-4.5733E-01
-4.6098E-01
-4.5966E-01
-4.5225E-01
-4.3778E-01
-4.1569E-01
-3.8655E-01
-3.5231E-01
-3.1588E-01
-2.8008E-01
-2.4678E-01
-2.1674E-01
-1.8951E-01
-1.6372E-01
-1.3812E-01
-1.1236E-01
-8.7121E-02
-6.3567E-02
-4.2772E-02
-2.5502E-02
-1.1951E-02
-1.7031E-03
6.1884E-03
1.2844E-02
1.8984E-02
2.4659E-02
2.9784E-02
3.4679E-02
3.9965E-02
4.6079E-02
5.3283E-02
6.1719E-02
7.1412E-02
8.2438E-02
9.4718E-02
1.0786E-01
1.2144E-01
1.3523E-01
1.4917E-01
1.6304E-01
1.7646E-01
1.8917E-01
2.0107E-01
2.1200E-01
2.2167E-01
2.2985E-01
2.3647E-01
2.4137E-01
2.4434E-01
2.4540E-01
2.4472E-01
2.4242E-01
2.3856E-01
2.3323E-01
2.2677E-01
2.1951E-01
2.1171E-01
2.0361E-01
1.9555E-01
1.8773E-01
1.8019E-01
1.7303E-01
1.6654E-01
1.6096E-01
1.5638E-01
1.5284E-01
1.5041E-01
1.4909E-01
1.4877E-01
1.4935E-01
1.5082E-01
1.5306E-01
1.5582E-01
1.5899E-01
1.6258E-01
1.6653E-01
1.7062E-01
1.7468E-01
1.7872E-01
1.8283E-01
1.8687E-01
1.9058E-01
1.9384E-01
1.9681E-01
1.9963E-01
2.0233E-01
2.0494E-01
2.0744E-01
2.0953E-01
2.1094E-01
2.1186E-01
2.1272E-01
2.1371E-01
2.1486E-01
2.1608E-01
2.1742E-01
2.1901E-01
2.2091E-01
2.2303E-01
2.2535E-01
2.2798E-01
2.3107E-01
2.3466E-01
2.3859E-01
2.4263E-01
2.4659E-01
2.5039E-01
2.5421E-01
2.5825E-01
2.6259E-01
2.6720E-01
2.7192E-01
2.7652E-01
2.8069E-01
2.8402E-01
2.8625E-01
2.8759E-01
2.8849E-01
2.8951E-01
2.9107E-01
2.9329E-01
2.9589E-01
2.9866E-01
3.0146E-01
3.0412E-01
3.0648E-01
3.0842E-01
3.0980E-01
3.1047E-01
3.1036E-01
3.0964E-01
3.0867E-01
3.0791E-01
3.0751E-01
3.0723E-01
3.0686E-01
3.0637E-01
3.0585E-01
3.0543E-01
3.0537E-01
3.0597E-01
3.0748E-01
3.0988E-01
3.1287E-01
3.1591E-01
3.1856E-01
3.2050E-01
3.2155E-01
3.2168E-01
3.2100E-01
3.1970E-01
3.1795E-01
3.1587E-01
3.1342E-01
3.1055E-01
3.0737E-01
3.0420E-01
3.0131E-01
2.9864E-01
2.9583E-01
2.9219E-01
2.8683E-01
2.7946E-01
2.7118E-01
2.6375E-01
2.5763E-01
2.4920E-01
2.2926E-01
1.8777E-01
1.2442E-01
5.3162E-02
-7.7544E-03
-4.9028E-02
-7.2657E-02
-8.4795E-02
-9.0009E-02
-9.1075E-02
-9.0713E-02
-9.1723E-02
-9.5438E-02
-1.0081E-01
-1.0546E-01
-1.0753E-01
-1.0662E-01
-1.0354E-01
-9.9525E-02
-9.5582E-02
-9.2338E-02
-9.0145E-02
-8.9100E-02
-8.9045E-02
-8.9712E-02
-9.0854E-02
-9.2337E-02
-9.4108E-02
-9.6115E-02
-9.8305E-02
-1.0074E-01
-1.0365E-01
-1.0718E-01
-1.1137E-01
-1.1599E-01
-1.2064E-01
-1.2492E-01
-1.2866E-01
-1.3189E-01
-1.3478E-01
-1.3752E-01
-1.4018E-01
-1.4267E-01
-1.4490E-01
-1.4685E-01
-1.4847E-01
-1.4971E-01
-1.5045E-01
-1.5059E-01
-1.5008E-01
-1.4881E-01
-1.4667E-01
-1.4375E-01
-1.4023E-01
-1.3633E-01
-1.3213E-01
-1.2769E-01
-1.2301E-01
-1.1803E-01
-1.1256E-01
-1.0646E-01
-9.9733E-02
-9.2422E-02
-8.4656E-02
-7.6756E-02
-6.9143E-02
-6.2254E-02
-5.6491E-02
-5.2198E-02
-4.9680E-02
-4.9095E-02
-5.0485E-02
-5.3780E-02
-5.8743E-02
-6.5008E-02
-7.2069E-02
-7.9476E-02
-8.6830E-02
-9.3820E-02
-1.0022E-01
-1.0595E-01
-1.1101E-01
-1.1536E-01
-1.1895E-01
-1.2178E-01
-1.2399E-01
-1.2571E-01
-1.2691E-01
-1.2747E-01
-1.2737E-01
-1.2676E-01
-1.2581E-01
-1.2469E-01
-1.2342E-01
-1.2187E-01
-1.1971E-01
-1.1660E-01
-1.1231E-01
-1.0689E-01
-1.0058E-01
-9.3608E-02
-8.6165E-02
-7.8387E-02
-7.0262E-02
-6.1654E-02
-5.2509E-02
-4.2907E-02
-3.3032E-02
-2.2993E-02
-1.2917E-02
-3.0312E-03
6.5017E-03
1.5665E-02
2.4602E-02
3.3413E-02
4.2099E-02
5.0618E-02
5.8868E-02
6.6814E-02
7.4525E-02
8.2062E-02
8.9488E-02
9.6888E-02
1.0430E-01
1.1156E-01
1.1851E-01
1.2517E-01
1.3168E-01
1.3822E-01
1.4479E-01
1.5123E-01
1.5740E-01
1.6330E-01
1.6902E-01
1.7458E-01
1.7988E-01
1.8473E-01
1.8899E-01
1.9261E-01
1.9575E-01
1.9870E-01
2.0179E-01
2.0518E-01
2.0874E-01
2.1202E-01
2.1445E-01
2.1574E-01
2.1596E-01
2.1532E-01
2.1391E-01
2.1164E-01
2.0836E-01
2.0405E-01
1.9884E-01
1.9290E-01
1.8635E-01
1.7960E-01
1.7317E-01
1.6755E-01
1.6302E-01
1.5953E-01
1.5684E-01
1.5486E-01
1.5373E-01
1.5347E-01
1.5374E-01
1.5395E-01
1.5359E-01
1.5242E-01
1.5048E-01
1.4791E-01
1.4484E-01
1.4147E-01
1.3796E-01
1.3431E-01
1.3055E-01
1.2685E-01
1.2322E-01
1.1942E-01
1.1524E-01
1.1075E-01
1.0614E-01
1.0145E-01
9.6819E-02
9.2499E-02
8.8857E-02
8.6232E-02
8.4717E-02
8.4145E-02
8.4305E-02
8.4966E-02
8.5805E-02
8.6426E-02
8.6475E-02
8.5639E-02
8.3870E-02
8.1456E-02
7.8859E-02
7.6584E-02
7.5040E-02
7.4406E-02
7.4471E-02
7.4753E-02
7.4801E-02
7.4265E-02
7.2887E-02
7.0422E-02
6.6578E-02
6.1176E-02
5.4368E-02
4.6670E-02
3.8757E-02
3.1222E-02
2.4485E-02
1.8785E-02
1.4170E-02
1.0546E-02
7.7533E-03
5.7213E-03
4.5035E-03
4.2349E-03
5.0062E-03
6.6890E-03
8.9866E-03
1.1488E-02
1.3836E-02
1.5860E-02
1.7468E-02
1.8696E-02
1.9765E-02
2.0846E-02
2.1920E-02
2.2870E-02
2.3548E-02
2.3820E-02
2.3667E-02
2.3197E-02
2.2475E-02
2.1514E-02
2.0404E-02
1.9257E-02
1.8201E-02
1.7294E-02
1.6494E-02
1.5716E-02
1.4935E-02
1.4166E-02
1.3340E-02
1.2542E-02
1.2028E-02
1.2020E-02
1.2543E-02
1.3557E-02
1.5195E-02
1.7616E-02
2.0781E-02
2.4422E-02
2.8215E-02
3.1855E-02
3.5096E-02
3.7771E-02
3.9852E-02
4.1389E-02
4.2445E-02
4.3046E-02
4.3237E-02
4.3020E-02
4.2257E-02
4.0801E-02
3.8683E-02
3.6072E-02
3.3031E-02
2.9453E-02
2.5140E-02
1.9953E-02
1.3921E-02
7.2114E-03
5.4996E-06
-7.5374E-03
-1.5135E-02
-2.2439E-02
-2.9169E-02
-3.5199E-02
-4.0534E-02
-4.5141E-02
-4.8881E-02
-5.1615E-02
-5.3479E-02
-5.4795E-02
-5.5830E-02
-5.6688E-02
-5.7355E-02
-5.7732E-02
-5.7584E-02
-5.6671E-02
-5.4818E-02
-5.2174E-02
-4.9016E-02
-4.5501E-02
-4.1722E-02
-3.7817E-02
-3.4085E-02
-3.0903E-02
-2.8592E-02
-2.7354E-02
-2.7227E-02
-2.7946E-02
-2.9110E-02
-3.0435E-02
-3.1791E-02
-3.3130E-02
-3.4400E-02
-3.5496E-02
-3.6151E-02
-3.6033E-02
-3.4956E-02
-3.2929E-02
-3.0120E-02
-2.6725E-02
-2.2884E-02
-1.8737E-02
-1.4547E-02
-1.0688E-02
-7.5275E-03
-5.3968E-03
-4.4733E-03
-4.6795E-03
-5.8277E-03
-7.7165E-03
-1.0104E-02
-1.2742E-02
-1.5641E-02
-1.8964E-02
-2.2754E-02
-2.6915E-02
-3.1329E-02
-3.5944E-02
-4.0641E-02
-4.5108E-02
-4.9009E-02
-5.2273E-02
-5.5015E-02
-5.7271E-02
-5.9019E-02
-6.0303E-02
-6.1350E-02
-6.2387E-02
-6.3549E-02
-6.4940E-02
-6.6743E-02
-6.9178E-02
-7.2318E-02
-7.5997E-02
-7.9844E-02
-8.3572E-02
-8.7195E-02
-9.0794E-02
-9.4418E-02
-9.8109E-02
-1.0182E-01
-1.0544E-01
-1.0896E-01
-1.1249E-01
-1.1615E-01
-1.2003E-01
-1.2414E-01
-1.2851E-01
-1.3317E-01
-1.3806E-01
-1.4303E-01
-1.4787E-01
-1.5251E-01
-1.5693E-01
-1.6114E-01
-1.6508E-01
-1.6859E-01
-1.7147E-01
-1.7373E-01
-1.7542E-01
-1.7655E-01
-1.7710E-01
-1.7717E-01
-1.7684E-01
-1.7599E-01
-1.7451E-01
-1.7238E-01
-1.6975E-01
-1.6689E-01
-1.6401E-01
-1.6129E-01
-1.5883E-01
-1.5673E-01
-1.5501E-01
-1.5376E-01
-1.5317E-01
-1.5341E-01
-1.5442E-01
-1.5601E-01
-1.5797E-01
-1.6008E-01
-1.6216E-01
-1.6411E-01
-1.6595E-01
-1.6771E-01
-1.6956E-01
-1.7173E-01
-1.7438E-01
-1.7751E-01
-1.8093E-01
-1.8429E-01
-1.8716E-01
-1.8918E-01
-1.9013E-01
-1.9007E-01
-1.8920E-01
-1.8778E-01
-1.8598E-01
-1.8372E-01
-1.8072E-01
-1.7659E-01
-1.7111E-01
-1.6442E-01
-1.5705E-01
-1.4966E-01
-1.4272E-01
-1.3630E-01
-1.3017E-01
-1.2396E-01
-1.1726E-01
-1.0988E-01
-1.0191E-01
-9.3617E-02
-8.5202E-02
-7.6731E-02
-6.8336E-02
-6.0285E-02
-5.2876E-02
-4.6352E-02
-4.0839E-02
-3.6278E-02
-3.2490E-02
-2.9292E-02
-2.6652E-02
-2.4647E-02
-2.3372E-02
-2.2775E-02
-2.2642E-02
-2.2732E-02
-2.2903E-02
-2.3142E-02
-2.3419E-02
-2.3699E-02
-2.3860E-02
-2.3713E-02
-2.3178E-02
-2.2335E-02
-2.1313E-02
-2.0196E-02
-1.9025E-02
-1.7765E-02
-1.6313E-02
-1.4624E-02
-1.2731E-02
-1.0712E-02
-8.7092E-03
-6.9531E-03
-5.6946E-03
-5.1277E-03
-5.2111E-03
-5.7114E-03
-6.4943E-03
-7.6742E-03
-9.3678E-03
-1.1478E-02
-1.3852E-02
-1.6495E-02
-1.9473E-02
-2.2759E-02
-2.6241E-02
-2.9802E-02
-3.3514E-02
-3.7565E-02
-4.2033E-02
-4.6888E-02
-5.2094E-02
-5.7646E-02
-6.3503E-02
-6.9678E-02
-7.6164E-02
-8.2585E-02
-8.8201E-02
-9.2390E-02
-9.5120E-02
-9.6916E-02
-9.8389E-02
-9.9696E-02
-1.0071E-01
-1.0141E-01
-1.0204E-01
-1.0282E-01
-1.0369E-01
-1.0447E-01
-1.0503E-01
-1.0544E-01
-1.0582E-01
-1.0611E-01
-1.0610E-01
-1.0561E-01
-1.0468E-01
-1.0343E-01
-1.0191E-01
-1.0002E-01
-9.7556E-02
-9.4378E-02
-9.0435E-02
-8.5854E-02
-8.0928E-02
-7.6059E-02
-7.1650E-02
-6.8023E-02
-6.5352E-02
-6.3723E-02
-6.3179E-02
-6.3721E-02
-6.5269E-02
-6.7663E-02
-7.0675E-02
-7.4013E-02
-7.7375E-02
-8.0483E-02
-8.3210E-02
-8.5674E-02
-8.8063E-02
-9.0453E-02
-9.2755E-02
-9.4799E-02
-9.6505E-02
-9.7987E-02
-9.9494E-02
-1.0109E-01
-1.0249E-01
-1.0334E-01
-1.0332E-01
-1.0251E-01
-1.0132E-01
-1.0018E-01
-9.9447E-02
-9.9306E-02
-9.9553E-02
-9.9815E-02
-9.9805E-02
-9.9481E-02
-9.9049E-02
-9.8768E-02
-9.8788E-02
-9.9069E-02
-9.9462E-02
-9.9938E-02
-1.0063E-01
-1.0180E-01
-1.0368E-01
-1.0628E-01
-1.0943E-01
-1.1285E-01
-1.1635E-01
-1.1963E-01
-1.2229E-01
-1.2394E-01
-1.2437E-01
-1.2352E-01
-1.2154E-01
-1.1851E-01
-1.1438E-01
-1.0899E-01
-1.0217E-01
-9.3856E-02
-8.4103E-02
-7.3207E-02
-6.1745E-02
-5.0437E-02
-3.9904E-02
-3.0498E-02
-2.2354E-02
-1.5492E-02
-9.9279E-03
-5.4399E-03
-1.6627E-03
1.6890E-03
4.7817E-03
7.7401E-03
1.0633E-02
1.3417E-02
1.6037E-02
1.8503E-02
2.0934E-02
2.3435E-02
2.6056E-02
2.8797E-02
3.1700E-02
3.4807E-02
3.7999E-02
4.1059E-02
4.3787E-02
4.6127E-02
4.8163E-02
5.0097E-02
5.2088E-02
5.4185E-02
5.6306E-02
5.8281E-02
5.9918E-02
6.1073E-02
6.1711E-02
6.2001E-02
6.2199E-02
6.2443E-02
6.2769E-02
6.3093E-02
6.3245E-02
6.3173E-02
6.2927E-02
6.2646E-02
6.2585E-02
6.2996E-02
6.3893E-02
6.4884E-02
6.5339E-02
6.4777E-02
6.3033E-02
6.0233E-02
5.6631E-02
5.2448E-02
4.7836E-02
4.2917E-02
3.7763E-02
3.2425E-02
2.7041E-02
2.1892E-02
1.7406E-02
1.3930E-02
1.1410E-02
9.4208E-03
7.5187E-03
5.7000E-03
4.4380E-03
4.2575E-03
5.3504E-03
7.5097E-03
1.0429E-02
1.3892E-02
1.7810E-02
2.2049E-02
2.6393E-02
3.0617E-02
3.4419E-02
3.7426E-02
3.9276E-02
3.9732E-02
3.8708E-02
3.6225E-02
3.2236E-02
2.6537E-02
1.9020E-02
9.9802E-03
2.8343E-04
-8.9304E-03
-1.6740E-02
-2.2858E-02
-2.7681E-02
-3.1805E-02
-3.5620E-02
-3.9201E-02
-4.2537E-02
-4.5569E-02
-4.8155E-02
-5.0128E-02
-5.1423E-02
-5.1975E-02
-5.1691E-02
-5.0645E-02
-4.9329E-02
-4.8509E-02
-4.8574E-02
-4.9278E-02
-5.0135E-02
-5.0947E-02
-5.1910E-02
-5.3296E-02
-5.5039E-02
-5.6696E-02
-5.7914E-02
-5.8648E-02
-5.9038E-02
-5.9126E-02
-5.8654E-02
-5.6974E-02
-5.3196E-02
-4.6643E-02
-3.7355E-02
-2.6039E-02
-1.3683E-02
-1.0553E-03
1.1522E-02
2.3783E-02
3.5247E-02
4.5282E-02
5.3416E-02
5.9487E-02
6.3431E-02
6.5243E-02
6.5193E-02
6.3928E-02
6.2213E-02
6.0335E-02
5.7897E-02
5.4172E-02
4.8815E-02
4.2228E-02
3.5359E-02
2.9269E-02
2.4572E-02
2.1174E-02
1.8712E-02
1.7074E-02
1.6533E-02
1.7267E-02
1.8987E-02
2.1222E-02
2.3774E-02
2.6854E-02
3.0601E-02
3.4995E-02
4.0166E-02
4.6216E-02
5.2737E-02
5.8937E-02
6.4286E-02
6.8780E-02
7.2682E-02
7.6168E-02
7.9297E-02
8.2168E-02
8.5003E-02
8.7954E-02
9.0930E-02
9.3632E-02
9.5795E-02
9.7513E-02
9.9105E-02
1.0072E-01
1.0203E-01
1.0240E-01
1.0131E-01
9.8643E-02
9.4554E-02
8.9331E-02
8.3265E-02
7.6605E-02
6.9595E-02
6.2684E-02
5.6418E-02
5.1143E-02
4.6910E-02
4.3609E-02
4.1296E-02
4.0178E-02
4.0164E-02
4.0946E-02
4.2411E-02
4.4778E-02
4.8185E-02
5.2176E-02
5.5828E-02
5.8585E-02
6.0915E-02
6.3687E-02
6.6931E-02
6.9735E-02
7.1480E-02
7.2848E-02
7.5032E-02
7.8276E-02
8.1746E-02
8.4805E-02
8.7924E-02
9.1967E-02
9.6687E-02
1.0066E-01
1.0284E-01
1.0364E-01
1.0396E-01
1.0388E-01
1.0306E-01
1.0195E-01
1.0175E-01
1.0287E-01
1.0425E-01
1.0464E-01
1.0419E-01
1.0427E-01
1.0584E-01
1.0866E-01
1.1181E-01
1.1458E-01
1.1673E-01
1.1806E-01
1.1832E-01
1.1745E-01
1.1567E-01
1.1335E-01
1.1075E-01
1.0796E-01
1.0499E-01
1.0208E-01
9.9760E-02
9.8583E-02
9.8402E-02
9.8302E-02
9.7503E-02
9.6129E-02
9.5030E-02
9.4888E-02
9.5656E-02
9.6452E-02
9.5457E-02
9.0213E-02
7.8667E-02
6.0569E-02
3.8339E-02
1.6184E-02
-2.0744E-03
-1.4989E-02
-2.3652E-02
-3.0283E-02
-3.6520E-02
-4.2977E-02
-4.9709E-02
-5.6545E-02
-6.3144E-02
-6.8983E-02
-7.3591E-02
-7.6713E-02
-7.8310E-02
-7.8542E-02
-7.7792E-02
-7.6617E-02
-7.5401E-02
-7.4008E-02
-7.1894E-02
-6.8609E-02
-6.4179E-02
-5.8965E-02
-5.3411E-02
-4.8106E-02
-4.3830E-02
-4.1277E-02
-4.0732E-02
-4.2161E-02
-4.5533E-02
-5.0790E-02
-5.7722E-02
-6.5850E-02
-7.4348E-02
-8.2386E-02
-8.9448E-02
-9.5542E-02
-1.0103E-01
-1.0623E-01
-1.1108E-01
-1.1511E-01
-1.1787E-01
-1.1896E-01
-1.1814E-01
-1.1533E-01
-1.1056E-01
-1.0385E-01
-9.5180E-02
-8.4615E-02
-7.2360E-02
-5.8788E-02
-4.4578E-02
-3.0620E-02
-1.7774E-02
-6.7903E-03
1.8609E-03
8.1285E-03
1.2370E-02
1.4955E-02
1.5964E-02
1.5389E-02
1.3247E-02
9.7525E-03
5.2573E-03
8.7069E-05
-5.4836E-03
-1.1121E-02
-1.6571E-02
-2.1782E-02
-2.6724E-02
-3.1332E-02
-3.5623E-02
-3.9700E-02
-4.3734E-02
-4.7907E-02
-5.2303E-02
-5.6883E-02
-6.1582E-02
-6.6355E-02
-7.1096E-02
-7.5497E-02
-7.9287E-02
-8.2363E-02
-8.4613E-02
-8.5878E-02
-8.5817E-02
-8.3837E-02
-7.8982E-02
-6.9862E-02
-5.5108E-02
-3.4606E-02
-1.0280E-02
1.4734E-02
3.7654E-02
5.6804E-02
7.1515E-02
8.1614E-02
8.7098E-02
8.8153E-02
8.5125E-02
7.8531E-02
6.8874E-02
5.6595E-02
4.2286E-02
2.6789E-02
1.1214E-02
-3.1779E-03
-1.5289E-02
-2.4539E-02
-3.0773E-02
-3.4040E-02
-3.4689E-02
-3.3372E-02
-3.0741E-02
-2.7255E-02
-2.3257E-02
-1.9136E-02
-1.5319E-02
-1.2153E-02
-9.8228E-03
-8.3464E-03
-7.8495E-03
-8.6492E-03
-1.0866E-02
-1.4181E-02
-1.7804E-02
-2.0773E-02
-2.2464E-02
-2.2902E-02
-2.2484E-02
-2.1327E-02
-1.9156E-02
-1.5784E-02
-1.1518E-02
-6.9596E-03
-2.3659E-03
2.5216E-03
8.1898E-03
1.4884E-02
2.2321E-02
2.9899E-02
3.7068E-02
4.3607E-02
4.9762E-02
5.5995E-02
6.2584E-02
6.9274E-02
7.5447E-02
8.0430E-02
8.3748E-02
8.5143E-02
8.4401E-02
8.1386E-02
7.6308E-02
6.9900E-02
6.3207E-02
5.7224E-02
5.2560E-02
4.9192E-02
4.6458E-02
4.3247E-02
3.8374E-02
3.1137E-02
2.1835E-02
1.1572E-02
1.6206E-03
-7.1973E-03
-1.4440E-02
-1.9875E-02
-2.3508E-02
-2.5709E-02
-2.7127E-02
-2.8248E-02
-2.8926E-02
-2.8629E-02
-2.7075E-02
-2.4700E-02
-2.2453E-02
-2.1167E-02
-2.0984E-02
-2.1394E-02
-2.2011E-02
-2.2993E-02
-2.4794E-02
-2.7809E-02
-3.2096E-02
-3.7208E-02
-4.2174E-02
-4.5910E-02
-4.7931E-02
-4.8484E-02
-4.8188E-02
-4.7417E-02
-4.6158E-02
-4.4322E-02
-4.1861E-02
-3.8791E-02
-3.5189E-02
-3.1335E-02
-2.7644E-02
-2.4483E-02
-2.2119E-02
-2.0802E-02
-2.0534E-02
-2.0915E-02
-2.1286E-02
-2.1146E-02
-2.0463E-02
-1.9558E-02
-1.8803E-02
-1.8218E-02
-1.7605E-02
-1.6760E-02
-1.5528E-02
-1.3967E-02
-1.2333E-02
-1.0943E-02
-1.0008E-02
-9.6149E-03
-9.6955E-03
-9.8913E-03
-9.7289E-03
-8.8188E-03
-6.9367E-03
-4.0738E-03
-2.7737E-04
4.3911E-03
9.8806E-03
1.6145E-02
2.2997E-02
3.0106E-02
3.6982E-02
4.3250E-02
4.8831E-02
5.3668E-02
5.7573E-02
6.0225E-02
6.1378E-02
6.0821E-02
5.8037E-02
5.2152E-02
4.2379E-02
2.8844E-02
1.2976E-02
-2.9968E-03
-1.7074E-02
-2.8359E-02
-3.7109E-02
-4.4194E-02
-5.0351E-02
-5.5701E-02
-5.9866E-02
-6.2428E-02
-6.3429E-02
-6.3389E-02
-6.2752E-02
-6.1612E-02
-5.9989E-02
-5.8185E-02
-5.6654E-02
-5.5475E-02
-5.4299E-02
-5.2902E-02
-5.1576E-02
-5.0942E-02
-5.1505E-02
-5.3306E-02
-5.6009E-02
-5.9163E-02
-6.2340E-02
-6.5186E-02
-6.7556E-02
-6.9470E-02
-7.0806E-02
-7.1300E-02
-7.0904E-02
-6.9982E-02
-6.8999E-02
-6.8145E-02
-6.7143E-02
-6.5564E-02
-6.3413E-02
-6.1093E-02
-5.8892E-02
-5.6677E-02
-5.4235E-02
-5.1707E-02
-4.9515E-02
-4.8048E-02
-4.7356E-02
-4.7174E-02
-4.7075E-02
-4.6659E-02
-4.5580E-02
-4.3555E-02
-4.0643E-02
-3.7318E-02
-3.4096E-02
-3.1316E-02
-2.9308E-02
-2.8428E-02
-2.8938E-02
-3.0724E-02
-3.3347E-02
-3.6466E-02
-4.0023E-02
-4.4109E-02
-4.8702E-02
-5.3737E-02
-5.9025E-02
-6.4085E-02
-6.8346E-02
-7.1434E-02
-7.3296E-02
-7.4016E-02
-7.3611E-02
-7.2004E-02
-6.8840E-02
-6.3750E-02
-5.7002E-02
-4.9632E-02
-4.2884E-02
-3.7489E-02
-3.3314E-02
-2.9958E-02
-2.7358E-02
-2.5625E-02
-2.4651E-02
-2.4166E-02
-2.3968E-02
-2.4114E-02
-2.4977E-02
-2.6863E-02
-2.9423E-02
-3.1539E-02
-3.1989E-02
-3.0399E-02
-2.7675E-02
-2.5267E-02
-2.3997E-02
-2.3650E-02
-2.3453E-02
-2.2622E-02
-2.0713E-02
-1.7838E-02
-1.4562E-02
-1.1416E-02
-8.4400E-03
-5.4615E-03
-2.3255E-03
1.1819E-03
5.2678E-03
1.0020E-02
1.5309E-02
2.0931E-02
2.6611E-02
3.1880E-02
3.6138E-02
3.8852E-02
3.9772E-02
3.8932E-02
3.6430E-02
3.2553E-02
2.7989E-02
2.3555E-02
1.9569E-02
1.5783E-02
1.2132E-02
9.0227E-03
7.0358E-03
6.7004E-03
8.2829E-03
1.1751E-02
1.6647E-02
2.2401E-02
2.8616E-02
3.5039E-02
4.1456E-02
4.7722E-02
5.3885E-02
5.9950E-02
6.5605E-02
7.0255E-02
7.3399E-02
7.5003E-02
7.5431E-02
7.5165E-02
7.4640E-02
7.4094E-02
7.3521E-02
7.2865E-02
7.2178E-02
7.1586E-02
7.1055E-02
7.0355E-02
6.9168E-02
6.7106E-02
6.3459E-02
5.7213E-02
4.7798E-02
3.5842E-02
2.3231E-02
1.2257E-02
4.5061E-03
2.7881E-04
-1.1729E-03
-8.1136E-04
9.0731E-04
4.0816E-03
8.6633E-03
1.4042E-02
1.9516E-02
2.5096E-02
3.1271E-02
3.8100E-02
4.5138E-02
5.2021E-02
5.8756E-02
6.5158E-02
7.0650E-02
7.4785E-02
7.7705E-02
7.9968E-02
8.1832E-02
8.2951E-02
8.2761E-02
8.0927E-02
7.7393E-02
7.2335E-02
6.6320E-02
6.0274E-02
5.5010E-02
5.0710E-02
4.6913E-02
4.3104E-02
3.9303E-02
3.6130E-02
3.4469E-02
3.4760E-02
3.6749E-02
3.9903E-02
4.3603E-02
4.7447E-02
5.1306E-02
5.4988E-02
5.7921E-02
5.9321E-02
5.8822E-02
5.6901E-02
5.4568E-02
5.2706E-02
5.1622E-02
5.1254E-02
5.1693E-02
5.3164E-02
5.5601E-02
5.8494E-02
6.1299E-02
6.3914E-02
6.6678E-02
6.9898E-02
7.3472E-02
7.7126E-02
8.0815E-02
8.4701E-02
8.8687E-02
9.2215E-02
9.4685E-02
9.5845E-02
9.6023E-02
9.5786E-02
9.5451E-02
9.4999E-02
9.4463E-02
9.4162E-02
9.4437E-02
9.5188E-02
9.5670E-02
9.4973E-02
9.2818E-02
8.9725E-02
8.6481E-02
8.3565E-02
8.0919E-02
7.8361E-02
7.6046E-02
7.4514E-02
7.4222E-02
7.5141E-02
7.6930E-02
7.9334E-02
8.2243E-02
8.5350E-02
8.8066E-02
8.9742E-02
9.0071E-02
8.9354E-02
8.8198E-02
8.6944E-02
8.5444E-02
8.3586E-02
8.1637E-02
8.0051E-02
7.9047E-02
7.8545E-02
7.8584E-02
7.9428E-02
8.1199E-02
8.3439E-02
8.5346E-02
8.6389E-02
8.6448E-02
8.5669E-02
8.4366E-02
8.2956E-02
8.1708E-02
8.0535E-02
7.9162E-02
7.7441E-02
7.5454E-02
7.3528E-02
7.2216E-02
7.2025E-02
7.3074E-02
7.4848E-02
7.6650E-02
7.8306E-02
8.0236E-02
8.2791E-02
8.5867E-02
8.9125E-02
9.2272E-02
9.5100E-02
9.7402E-02
9.8920E-02
9.9308E-02
9.8429E-02
9.6333E-02
9.3018E-02
8.8514E-02
8.3078E-02
7.7296E-02
7.1823E-02
6.7012E-02
6.2669E-02
5.8359E-02
5.4007E-02
5.0046E-02
4.6950E-02
4.4776E-02
4.3339E-02
4.2502E-02
4.2113E-02
4.1862E-02
4.1613E-02
4.1678E-02
4.2475E-02
4.3859E-02
4.5031E-02
4.5377E-02
4.4979E-02
4.4198E-02
4.3303E-02
4.2710E-02
4.3126E-02
4.5029E-02
4.8139E-02
5.1644E-02
5.4809E-02
5.7236E-02
5.8800E-02
5.9369E-02
5.8659E-02
5.6576E-02
5.3440E-02
4.9864E-02
4.6488E-02
4.3782E-02
4.2076E-02
4.1711E-02
4.2866E-02
4.5091E-02
4.7355E-02
4.9098E-02
5.0694E-02
5.2541E-02
5.4098E-02
5.4328E-02
5.2896E-02
5.0447E-02
4.7842E-02
4.5454E-02
4.3226E-02
4.1134E-02
3.9073E-02
3.6539E-02
3.2926E-02
2.8221E-02
2.3039E-02
1.8109E-02
1.4014E-02
1.1150E-02
9.5953E-03
8.9216E-03
8.3399E-03
7.1644E-03
5.1930E-03
2.5758E-03
-4.2917E-04
-3.4088E-03
-5.8121E-03
-7.2426E-03
-7.7437E-03
-7.7137E-03
-7.5959E-03
-7.7563E-03
-8.5032E-03
-1.0002E-02
-1.2175E-02
-1.4739E-02
-1.7213E-02
-1.8864E-02
-1.8826E-02
-1.6608E-02
-1.2416E-02
-6.9380E-03
-8.7541E-04
5.2179E-03
1.0935E-02
1.6147E-02
2.0923E-02
2.5270E-02
2.8933E-02
3.1708E-02
3.3577E-02
3.4560E-02
3.4474E-02
3.2961E-02
2.9952E-02
2.5854E-02
2.1383E-02
1.7261E-02
1.4048E-02
1.2092E-02
1.1411E-02
1.1675E-02
1.2551E-02
1.3849E-02
1.5359E-02
1.6809E-02
1.7925E-02
1.8590E-02
1.8746E-02
1.8274E-02
1.7059E-02
1.5263E-02
1.3437E-02
1.2088E-02
1.1277E-02
1.0745E-02
1.0198E-02
9.4759E-03
8.6013E-03
7.7862E-03
7.2976E-03
7.2064E-03
7.4251E-03
7.8172E-03
8.1934E-03
8.2563E-03
7.6806E-03
6.3608E-03
4.4283E-03
1.9669E-03
-1.3145E-03
-5.8621E-03
-1.1651E-02
-1.8130E-02
-2.4691E-02
-3.0961E-02
-3.6743E-02
-4.1747E-02
-4.5572E-02
-4.8004E-02
-4.9245E-02
-4.9751E-02
-4.9903E-02
-4.9846E-02
-4.9637E-02
-4.9381E-02
-4.9333E-02
-4.9856E-02
-5.1181E-02
-5.3334E-02
-5.6220E-02
-5.9667E-02
-6.3395E-02
-6.7098E-02
-7.0456E-02
-7.3245E-02
-7.5460E-02
-7.7258E-02
-7.8675E-02
-7.9415E-02
-7.9166E-02
-7.7840E-02
-7.5470E-02
-7.2161E-02
-6.7969E-02
-6.2840E-02
-5.6662E-02
-4.9484E-02
-4.1570E-02
-3.3086E-02
-2.4107E-02
-1.4813E-02
-5.4563E-03
3.6329E-03
1.2166E-02
1.9901E-02
2.6740E-02
3.2692E-02
3.7705E-02
4.1697E-02
4.4480E-02
4.5862E-02
4.5829E-02
4.4623E-02
4.2740E-02
4.0606E-02
3.8469E-02
3.6630E-02
3.5510E-02
3.5344E-02
3.5708E-02
3.5666E-02
3.4638E-02
3.2832E-02
3.0832E-02
2.8960E-02
2.7139E-02
2.5398E-02
2.4090E-02
2.3410E-02
2.3059E-02
2.2588E-02
2.1830E-02
2.0688E-02
1.8753E-02
1.5590E-02
1.1422E-02
7.0156E-03
2.9857E-03
-5.8961E-04
-4.0095E-03
-7.5896E-03
-1.1380E-02
-1.5404E-02
-1.9792E-02
-2.4629E-02
-2.9846E-02
-3.5124E-02
-3.9976E-02
-4.3878E-02
-4.6540E-02
-4.8004E-02
-4.8576E-02
-4.8610E-02
-4.8242E-02
-4.7432E-02
-4.6217E-02
-4.4881E-02
-4.3637E-02
-4.2415E-02
-4.1153E-02
-4.0027E-02
-3.9365E-02
-3.9336E-02
-3.9846E-02
-4.0832E-02
-4.2418E-02
-4.4641E-02
-4.7153E-02
-4.9225E-02
-5.0226E-02
-4.9905E-02
-4.8054E-02
-4.4195E-02
-3.7579E-02
-2.7842E-02
-1.5622E-02
-2.4497E-03
9.8882E-03
2.0130E-02
2.8101E-02
3.4602E-02
4.0597E-02
4.6428E-02
5.1832E-02
5.6626E-02
6.0911E-02
6.4740E-02
6.7824E-02
6.9689E-02
7.0068E-02
6.9096E-02
6.7429E-02
6.5954E-02
6.5350E-02
6.5709E-02
6.6763E-02
6.8253E-02
6.9969E-02
7.1689E-02
7.3184E-02
7.4561E-02
7.6159E-02
7.7859E-02
7.9102E-02
7.9730E-02
8.0245E-02
8.1174E-02
8.2421E-02
8.3495E-02
8.4029E-02
8.3725E-02
8.2055E-02
7.8387E-02
7.2618E-02
6.5333E-02
5.7323E-02
4.9001E-02
4.0419E-02
3.1846E-02
2.3808E-02
1.6738E-02
1.0770E-02
5.9533E-03
2.3686E-03
-3.3621E-04
-3.1163E-03
-6.9626E-03
-1.2261E-02
-1.8774E-02
-2.6153E-02
-3.4211E-02
-4.2718E-02
-5.1264E-02
-5.9243E-02
-6.5970E-02
-7.0985E-02
-7.4282E-02
-7.6372E-02
-7.7818E-02
-7.8841E-02
-7.9216E-02
-7.8610E-02
-7.7004E-02
-7.4611E-02
-7.1632E-02
-6.8121E-02
-6.4016E-02
-5.9300E-02
-5.4173E-02
-4.9099E-02
-4.4658E-02
-4.1155E-02
-3.8638E-02
-3.7286E-02
-3.7478E-02
-3.9498E-02
-4.3046E-02
-4.7229E-02
-5.1037E-02
-5.3868E-02
-5.5492E-02
-5.5774E-02
-5.4631E-02
-5.2105E-02
-4.8393E-02
-4.3619E-02
-3.7873E-02
-3.1380E-02
-2.4460E-02
-1.7373E-02
-1.0109E-02
-2.4230E-03
5.8111E-03
1.4400E-02
2.2911E-02
3.0783E-02
3.7576E-02
4.3041E-02
4.7108E-02
4.9728E-02
5.0766E-02
4.9951E-02
4.6764E-02
4.0721E-02
3.1843E-02
2.0901E-02
8.9026E-03
-3.4608E-03
-1.5731E-02
-2.7378E-02
-3.7693E-02
-4.6008E-02
-5.1792E-02
-5.4676E-02
-5.4473E-02
-5.1256E-02
-4.5448E-02
-3.7701E-02
-2.8880E-02
-2.0035E-02
-1.2052E-02
-5.3413E-03
1.4124E-05
4.0549E-03
6.9154E-03
8.9676E-03
1.0806E-02
1.2762E-02
1.4653E-02
1.5996E-02
1.6455E-02
1.6029E-02
1.4834E-02
1.2822E-02
9.7664E-03
5.3577E-03
-6.0450E-04
-8.0735E-03
-1.6701E-02
-2.6010E-02
-3.5509E-02
-4.4591E-02
-5.2630E-02
-5.9222E-02
-6.4266E-02
-6.7827E-02
-6.9895E-02
-7.0478E-02
-6.9731E-02
-6.8038E-02
-6.5849E-02
-6.3444E-02
-6.0972E-02
-5.8484E-02
-5.5893E-02
-5.3100E-02
-5.0150E-02
-4.7130E-02
-4.4005E-02
-4.0719E-02
-3.7333E-02
-3.4004E-02
-3.0896E-02
-2.8094E-02
-2.5711E-02
-2.3890E-02
-2.2930E-02
-2.3229E-02
-2.4674E-02
-2.6625E-02
-2.8604E-02
-3.0687E-02
-3.3275E-02
-3.6440E-02
-3.9623E-02
-4.2107E-02
-4.3678E-02
-4.4468E-02
-4.4606E-02
-4.4212E-02
-4.3348E-02
-4.1885E-02
-3.9500E-02
-3.5960E-02
-3.1379E-02
-2.6098E-02
-2.0465E-02
-1.4813E-02
-9.4421E-03
-4.5374E-03
-1.9910E-05
4.3638E-03
8.5196E-03
1.2015E-02
1.4542E-02
1.6223E-02
1.7322E-02
1.7940E-02
1.8099E-02
1.7803E-02
1.6953E-02
1.5230E-02
1.2226E-02
7.7689E-03
2.1425E-03
-4.0794E-03
-1.0322E-02
-1.6068E-02
-2.0968E-02
-2.4982E-02
-2.8325E-02
-3.1222E-02
-3.3796E-02
-3.6067E-02
-3.8033E-02
-3.9717E-02
-4.1187E-02
-4.2538E-02
-4.3821E-02
-4.4956E-02
-4.5703E-02
-4.5841E-02
-4.5408E-02
-4.4624E-02
-4.3673E-02
-4.2531E-02
-4.1069E-02
-3.9077E-02
-3.6353E-02
-3.2929E-02
-2.9214E-02
-2.5818E-02
-2.3205E-02
-2.1447E-02
-2.0366E-02
-1.9723E-02
-1.9359E-02
-1.9366E-02
-1.9970E-02
-2.1387E-02
-2.3759E-02
-2.7104E-02
-3.1296E-02
-3.6037E-02
-4.0951E-02
-4.5674E-02
-5.0012E-02
-5.4022E-02
-5.7819E-02
-6.1559E-02
-6.5390E-02
-6.9316E-02
-7.3256E-02
-7.6808E-02
-7.8840E-02
-7.7425E-02
-7.0543E-02
-5.7647E-02
-4.0585E-02
-2.2789E-02
-7.1551E-03
5.2573E-03
1.4962E-02
2.3035E-02
3.0281E-02
3.6928E-02
4.2601E-02
4.6680E-02
4.8683E-02
4.8385E-02
4.5898E-02
4.1589E-02
3.5852E-02
2.9217E-02
2.2408E-02
1.5920E-02
9.7672E-03
3.8942E-03
-1.1175E-03
-4.2794E-03
-5.1647E-03
-4.3283E-03
-2.7039E-03
-9.2498E-04
7.3963E-04
2.1268E-03
3.0658E-03
3.4712E-03
3.4017E-03
2.7382E-03
1.2065E-03
-1.3993E-03
-5.0746E-03
-9.5237E-03
-1.4224E-02
-1.8632E-02
-2.2309E-02
-2.5072E-02
-2.7077E-02
-2.8804E-02
-3.0787E-02
-3.3324E-02
-3.6404E-02
-3.9737E-02
-4.3033E-02
-4.6163E-02
-4.9162E-02
-5.2079E-02
-5.4896E-02
-5.7680E-02
-6.0514E-02
-6.3238E-02
-6.5544E-02
-6.7434E-02
-6.9205E-02
-7.0956E-02
-7.2544E-02
-7.3869E-02
-7.5006E-02
-7.6022E-02
-7.6787E-02
-7.7221E-02
-7.7639E-02
-7.8513E-02
-8.0001E-02
-8.1783E-02
-8.3415E-02
-8.4732E-02
-8.5748E-02
-8.6536E-02
-8.6974E-02
-8.6801E-02
-8.5771E-02
-8.3692E-02
-8.0609E-02
-7.6800E-02
-7.2779E-02
-6.9036E-02
-6.5916E-02
-6.3567E-02
-6.2005E-02
-6.1036E-02
-6.0190E-02
-5.8962E-02
-5.7097E-02
-5.4739E-02
-5.2308E-02
-5.0235E-02
-4.8648E-02
-4.7447E-02
-4.6424E-02
-4.5427E-02
-4.4473E-02
-4.3656E-02
-4.3070E-02
-4.2722E-02
-4.2537E-02
-4.2400E-02
-4.2220E-02
-4.2072E-02
-4.2127E-02
-4.2529E-02
-4.3482E-02
-4.5200E-02
-4.7672E-02
-5.0712E-02
-5.4172E-02
-5.7936E-02
-6.1804E-02
-6.5606E-02
-6.9346E-02
-7.3083E-02
-7.6758E-02
-7.9996E-02
-8.2375E-02
-8.3702E-02
-8.4056E-02
-8.3602E-02
-8.2447E-02
-8.0697E-02
-7.8499E-02
-7.6002E-02
-7.3470E-02
-7.1232E-02
-6.9584E-02
-6.8744E-02
-6.8882E-02
-7.0139E-02
-7.2575E-02
-7.6111E-02
-8.0436E-02
-8.5127E-02
-8.9927E-02
-9.4730E-02
-9.9315E-02
-1.0322E-01
-1.0620E-01
-1.0798E-01
-1.0825E-01
-1.0705E-01
-1.0484E-01
-1.0215E-01
-9.9348E-02
-9.6567E-02
-9.3713E-02
-9.0475E-02
-8.6558E-02
-8.2038E-02
-7.7279E-02
-7.2674E-02
-6.8405E-02
-6.4369E-02
-6.0260E-02
-5.5820E-02
-5.1056E-02
-4.6214E-02
-4.1744E-02
-3.7854E-02
-3.4249E-02
-3.0481E-02
-2.6286E-02
-2.1748E-02
-1.7028E-02
-1.2285E-02
-7.8200E-03
-4.0144E-03
-1.0345E-03
1.2188E-03
2.8712E-03
4.0338E-03
4.9267E-03
5.7424E-03
6.4017E-03
6.5502E-03
5.9388E-03
4.8118E-03
3.6166E-03
2.5534E-03
1.6454E-03
8.8702E-04
2.6760E-04
-2.4780E-04
-5.1399E-04
-6.9261E-05
1.4951E-03
4.1658E-03
7.6098E-03
1.1305E-02
1.4580E-02
1.6853E-02
1.8036E-02
1.8578E-02
1.8921E-02
1.9139E-02
1.9110E-02
1.8828E-02
1.8411E-02
1.7961E-02
1.7564E-02
1.7253E-02
1.6850E-02
1.6102E-02
1.4941E-02
1.3514E-02
1.1868E-02
9.8151E-03
7.2363E-03
4.2844E-03
1.0446E-03
-2.9699E-03
-8.4603E-03
-1.5478E-02
-2.3119E-02
-3.0171E-02
-3.5846E-02
-4.0053E-02
-4.3141E-02
-4.5449E-02
-4.7074E-02
-4.7759E-02
-4.7066E-02
-4.4786E-02
-4.1232E-02
-3.6834E-02
-3.1696E-02
-2.5735E-02
-1.9023E-02
-1.2033E-02
-5.5413E-03
-2.9565E-04
3.3765E-03
5.6553E-03
6.8573E-03
7.1133E-03
6.3981E-03
4.8701E-03
2.9784E-03
1.2060E-03
-1.0101E-04
-7.1633E-04
-6.2319E-04
-6.5876E-05
5.6177E-04
1.0439E-03
1.6733E-03
3.1252E-03
5.8829E-03
9.7704E-03
1.4019E-02
1.7879E-02
2.1210E-02
2.4333E-02
2.7459E-02
3.0382E-02
3.2726E-02
3.4397E-02
3.5631E-02
3.6647E-02
3.7348E-02
3.7587E-02
3.7496E-02
3.7386E-02
3.7400E-02
3.7516E-02
3.7806E-02
3.8558E-02
4.0070E-02
4.2313E-02
4.4991E-02
4.7708E-02
5.0241E-02
5.2599E-02
5.4705E-02
5.6172E-02
5.6464E-02
5.5342E-02
5.3084E-02
5.0352E-02
4.7826E-02
4.5953E-02
4.4802E-02
4.4030E-02
4.3131E-02
4.1917E-02
4.0513E-02
3.8745E-02
3.5956E-02
3.1694E-02
2.6304E-02
2.0472E-02
1.4555E-02
8.5159E-03
2.4727E-03
-2.9532E-03
-6.9637E-03
-9.1375E-03
-9.6723E-03
-9.1565E-03
-8.2306E-03
-7.4102E-03
-6.8491E-03
-6.3020E-03
-5.4004E-03
-3.8324E-03
-1.4521E-03
1.5047E-03
4.6593E-03
7.8472E-03
1.1093E-02
1.4264E-02
1.7175E-02
2.0078E-02
2.3537E-02
2.7781E-02
3.2251E-02
3.6123E-02
3.9106E-02
4.1463E-02
4.3477E-02
4.5283E-02
4.6995E-02
4.8476E-02
4.9004E-02
4.7694E-02
4.4399E-02
3.9840E-02
3.4925E-02
3.0253E-02
2.6282E-02
2.3379E-02
2.1536E-02
2.0322E-02
1.9288E-02
1.8352E-02
1.7653E-02
1.7123E-02
1.6630E-02
1.6435E-02
1.6972E-02
1.8165E-02
1.9362E-02
2.0007E-02
2.0241E-02
2.0515E-02
2.1085E-02
2.1898E-02
2.2839E-02
2.4005E-02
2.5679E-02
2.8119E-02
3.1411E-02
3.5416E-02
3.9792E-02
4.4197E-02
4.8367E-02
5.2028E-02
5.4899E-02
5.6850E-02
5.7890E-02
5.7992E-02
5.7201E-02
5.5738E-02
5.3864E-02
5.1765E-02
4.9617E-02
4.7806E-02
4.6766E-02
4.6581E-02
4.6916E-02
4.7321E-02
4.7378E-02
4.6538E-02
4.4046E-02
3.9457E-02
3.3078E-02
2.5767E-02
1.8604E-02
1.2728E-02
9.2727E-03
8.7640E-03
1.0583E-02
1.3334E-02
1.5848E-02
1.7801E-02
1.9354E-02
2.0350E-02
2.0187E-02
1.8322E-02
1.4799E-02
1.0227E-02
5.2686E-03
2.6356E-04
-4.6229E-03
-9.0849E-03
-1.2548E-02
-1.4543E-02
-1.4833E-02
-1.3229E-02
-9.5950E-03
-4.3194E-03
1.4847E-03
6.6027E-03
1.0376E-02
1.2704E-02
1.3844E-02
1.4293E-02
1.4594E-02
1.5134E-02
1.5890E-02
1.6500E-02
1.6576E-02
1.5807E-02
1.3995E-02
1.1308E-02
8.3536E-03
5.6316E-03
3.0576E-03
1.3181E-04
-3.5455E-03
-8.0496E-03
-1.3214E-02
-1.8733E-02
-2.4218E-02
-2.9237E-02
-3.3485E-02
-3.6906E-02
-3.9401E-02
-4.0768E-02
-4.0907E-02
-3.9958E-02
-3.8183E-02
-3.5856E-02
-3.3327E-02
-3.0869E-02
-2.8378E-02
-2.5350E-02
-2.1212E-02
-1.5759E-02
-9.4285E-03
-3.0984E-03
2.4162E-03
6.8394E-03
1.0401E-02
1.3414E-02
1.5914E-02
1.7509E-02
1.7701E-02
1.6389E-02
1.3944E-02
1.1011E-02
8.2312E-03
6.1113E-03
4.8654E-03
4.2565E-03
3.8874E-03
3.4853E-03
3.0329E-03
2.6899E-03
2.5917E-03
2.5637E-03
1.9873E-03
2.8939E-04
-2.5396E-03
-5.9525E-03
-9.2157E-03
-1.1880E-02
-1.3841E-02
-1.5183E-02
-1.6021E-02
-1.6489E-02
-1.6550E-02
-1.6036E-02
-1.4918E-02
-1.3504E-02
-1.2179E-02
-1.1069E-02
-1.0074E-02
-9.0403E-03
-8.0219E-03
-7.3987E-03
-7.6264E-03
-8.8266E-03
-1.0555E-02
-1.2122E-02
-1.3106E-02
-1.3604E-02
-1.3945E-02
-1.4264E-02
-1.4467E-02
-1.4537E-02
-1.4604E-02
-1.4721E-02
-1.4890E-02
-1.5123E-02
-1.5374E-02
-1.5481E-02
-1.5201E-02
-1.4244E-02
-1.2370E-02
-9.3337E-03
-5.0158E-03
4.1988E-04
6.4960E-03
1.2614E-02
1.8190E-02
2.2584E-02
2.5347E-02
2.6529E-02
2.6716E-02
2.6579E-02
2.6406E-02
2.6213E-02
2.5958E-02
2.5774E-02
2.5972E-02
2.6866E-02
2.8683E-02
3.1528E-02
3.5383E-02
4.0252E-02
4.6047E-02
5.2423E-02
5.8747E-02
6.4372E-02
6.9117E-02
7.3050E-02
7.6086E-02
7.8060E-02
7.8956E-02
7.8943E-02
7.8212E-02
7.7088E-02
7.6065E-02
7.5366E-02
7.4547E-02
7.2767E-02
6.9586E-02
6.5223E-02
6.0102E-02
5.4440E-02
4.8403E-02
4.2550E-02
3.7866E-02
3.5148E-02
3.4521E-02
3.5467E-02
3.7264E-02
3.9550E-02
4.2412E-02
4.6042E-02
5.0410E-02
5.5448E-02
6.1116E-02
6.7214E-02
7.3211E-02
7.8387E-02
8.2270E-02
8.4619E-02
8.5235E-02
8.3919E-02
8.0848E-02
7.6673E-02
7.2029E-02
6.7128E-02
6.2029E-02
5.6976E-02
5.2399E-02
4.8699E-02
4.5986E-02
4.3941E-02
4.1782E-02
3.8789E-02
3.5032E-02
3.1332E-02
2.8502E-02
2.6590E-02
2.5244E-02
2.4276E-02
2.3478E-02
2.2365E-02
2.0557E-02
1.8361E-02
1.6708E-02
1.6314E-02
1.7205E-02
1.8950E-02
2.0884E-02
2.2315E-02
2.2869E-02
2.2695E-02
2.2264E-02
2.1916E-02
2.1728E-02
2.1740E-02
2.2127E-02
2.2815E-02
2.3301E-02
2.3161E-02
2.2447E-02
2.1225E-02
1.9121E-02
1.5804E-02
1.1630E-02
7.5143E-03
4.1079E-03
1.3727E-03
-1.0600E-03
-3.5117E-03
-6.0814E-03
-8.6208E-03
-1.0831E-02
-1.2508E-02
-1.3823E-02
-1.5275E-02
-1.7116E-02
-1.9158E-02
-2.1020E-02
-2.2430E-02
-2.3381E-02
-2.3965E-02
-2.4220E-02
-2.4222E-02
-2.4158E-02
-2.4222E-02
-2.4378E-02
-2.4375E-02
-2.3996E-02
-2.3198E-02
-2.2077E-02
-2.0789E-02
-1.9469E-02
-1.8352E-02
-1.7760E-02
-1.7937E-02
-1.8880E-02
-2.0393E-02
-2.2423E-02
-2.5131E-02
-2.8679E-02
-3.2908E-02
-3.7375E-02
-4.1673E-02
-4.5773E-02
-4.9860E-02
-5.4006E-02
-5.8141E-02
-6.2165E-02
-6.6019E-02
-6.9661E-02
-7.3150E-02
-7.6538E-02
-7.9724E-02
-8.2309E-02
-8.3751E-02
-8.3585E-02
-8.1549E-02
-7.7644E-02
-7.2100E-02
-6.5423E-02
-5.8233E-02
-5.1119E-02
-4.4443E-02
-3.8317E-02
-3.2741E-02
-2.7626E-02
-2.2911E-02
-1.8684E-02
-1.5073E-02
-1.2217E-02
-1.0291E-02
-9.2658E-03
-8.8336E-03
-8.7061E-03
-8.7058E-03
-8.5914E-03
-8.0055E-03
-6.6427E-03
-4.5998E-03
-2.3800E-03
-4.4416E-04
1.0061E-03
2.0182E-03
2.7964E-03
3.5198E-03
4.2105E-03
4.5485E-03
4.0117E-03
2.2405E-03
-8.2172E-04
-5.0162E-03
-1.0157E-02
-1.5907E-02
-2.1732E-02
-2.7045E-02
-3.1364E-02
-3.4383E-02
-3.6010E-02
-3.6218E-02
-3.4994E-02
-3.2410E-02
-2.8534E-02
-2.3341E-02
-1.6804E-02
-9.2789E-03
-1.5679E-03
5.4300E-03
1.1237E-02
1.5858E-02
1.9288E-02
2.1332E-02
2.1858E-02
2.1180E-02
1.9871E-02
1.8236E-02
1.6269E-02
1.3844E-02
1.1068E-02
8.2292E-03
5.4190E-03
2.3464E-03
-1.2116E-03
-4.9299E-03
-7.9832E-03
-9.6445E-03
-9.6490E-03
-8.1710E-03
-5.6203E-03
-2.4147E-03
9.4494E-04
3.8913E-03
6.0648E-03
7.4689E-03
8.3373E-03
8.8722E-03
9.3759E-03
1.0370E-02
1.2395E-02
1.5691E-02
2.0096E-02
2.5021E-02
2.9663E-02
3.3341E-02
3.5772E-02
3.7194E-02
3.8109E-02
3.8950E-02
4.0108E-02
4.2025E-02
4.4950E-02
4.8625E-02
5.2351E-02
5.5350E-02
5.7053E-02
5.7193E-02
5.5813E-02
5.3094E-02
4.9313E-02
4.4852E-02
4.0299E-02
3.6367E-02
3.3605E-02
3.2318E-02
3.2589E-02
3.4473E-02
3.8010E-02
4.2940E-02
4.8602E-02
5.4325E-02
5.9734E-02
6.4833E-02
6.9725E-02
7.4324E-02
7.8356E-02
8.1534E-02
8.3817E-02
8.5273E-02
8.5824E-02
8.5268E-02
8.3638E-02
8.1212E-02
7.8198E-02
7.4653E-02
7.0476E-02
6.5638E-02
6.0321E-02
5.4934E-02
4.9898E-02
4.5428E-02
4.1565E-02
3.8326E-02
3.5994E-02
3.5145E-02
3.6165E-02
3.8977E-02
4.3303E-02
4.8774E-02
5.4695E-02
5.9958E-02
6.3924E-02
6.6790E-02
6.9086E-02
7.1186E-02
7.3073E-02
7.4586E-02
7.5687E-02
7.6309E-02
7.6250E-02
7.5382E-02
7.3841E-02
7.2092E-02
7.0792E-02
7.0482E-02
7.1350E-02
7.3278E-02
7.6046E-02
7.9391E-02
8.3026E-02
8.6477E-02
8.9219E-02
9.1068E-02
9.1914E-02
9.0592E-02
8.4250E-02
7.0268E-02
4.9073E-02
2.4717E-02
1.9483E-03
-1.6607E-02
-3.0384E-02
-3.9562E-02
-4.4569E-02
-4.6418E-02
-4.6587E-02
-4.6146E-02
-4.5226E-02
-4.3470E-02
-4.0580E-02
-3.6263E-02
-3.0287E-02
-2.2807E-02
-1.4591E-02
-6.6525E-03
2.1394E-04
5.6487E-03
9.5849E-03
1.2036E-02
1.3188E-02
1.3300E-02
1.2573E-02
1.1151E-02
9.1268E-03
6.4587E-03
2.8363E-03
-2.0763E-03
-8.1400E-03
-1.4803E-02
-2.1428E-02
-2.7477E-02
-3.2600E-02
-3.6643E-02
-3.9547E-02
-4.1155E-02
-4.1137E-02
-3.9141E-02
-3.5066E-02
-2.9240E-02
-2.2350E-02
-1.5402E-02
-9.5229E-03
-5.6617E-03
-4.3461E-03
-5.4786E-03
-8.4941E-03
-1.2667E-02
-1.7406E-02
-2.2371E-02
-2.7228E-02
-3.1548E-02
-3.5064E-02
-3.7890E-02
-4.0408E-02
-4.3084E-02
-4.6329E-02
-5.0391E-02
-5.5307E-02
-6.0947E-02
-6.7055E-02
-7.3452E-02
-8.0208E-02
-8.7344E-02
-9.3918E-02
-9.7446E-02
-9.5172E-02
-8.6483E-02
-7.3853E-02
-6.1180E-02
-5.1194E-02
-4.4186E-02
-3.8618E-02
-3.2462E-02
-2.4171E-02
-1.3350E-02
-1.0928E-03
1.0317E-02
1.8402E-02
2.1561E-02
1.9597E-02
1.3493E-02
4.9035E-03
-4.2119E-03
-1.2074E-02
-1.7662E-02
-2.0984E-02
-2.2664E-02
-2.3396E-02
-2.3785E-02
-2.4338E-02
-2.5323E-02
-2.6712E-02
-2.8372E-02
-3.0234E-02
-3.2437E-02
-3.5115E-02
-3.8253E-02
-4.1770E-02
-4.5587E-02
-4.9655E-02
-5.3798E-02
-5.7809E-02
-6.1363E-02
-6.3836E-02
-6.4298E-02
-6.1945E-02
-5.6399E-02
-4.7603E-02
-3.5798E-02
-2.1680E-02
-6.3477E-03
9.0881E-03
2.3774E-02
3.7085E-02
4.8459E-02
5.7428E-02
6.4044E-02
6.8888E-02
7.2438E-02
7.4644E-02
7.5132E-02
7.3574E-02
7.0012E-02
6.4793E-02
5.8291E-02
5.0576E-02
4.1631E-02
3.1909E-02
2.2259E-02
1.3456E-02
5.8383E-03
-5.0753E-04
-5.4025E-03
-8.5655E-03
-9.7677E-03
-8.9118E-03
-5.9973E-03
-1.2242E-03
4.8608E-03
1.1642E-02
1.8899E-02
2.6628E-02
3.4619E-02
4.2354E-02
4.9263E-02
5.5053E-02
5.9717E-02
6.3459E-02
6.6671E-02
6.9776E-02
7.2996E-02
7.6105E-02
7.8536E-02
7.9741E-02
7.9411E-02
7.7356E-02
7.3437E-02
6.7680E-02
6.0253E-02
5.1390E-02
4.1376E-02
3.0737E-02
2.0265E-02
1.0806E-02
3.0690E-03
-2.6135E-03
-6.3149E-03
-8.2861E-03
-8.7667E-03
-7.8468E-03
-5.4907E-03
-1.8949E-03
2.0348E-03
4.6185E-03
4.3369E-03
1.0571E-03
-3.7483E-03
-8.1295E-03
-1.0967E-02
-1.2302E-02
-1.2686E-02
-1.2552E-02
-1.2215E-02
-1.2074E-02
-1.2548E-02
-1.3805E-02
-1.5658E-02
-1.7884E-02
-2.0522E-02
-2.3799E-02
-2.7870E-02
-3.2641E-02
-3.7881E-02
-4.3266E-02
-4.8284E-02
-5.2397E-02
-5.5271E-02
-5.6805E-02
-5.7023E-02
-5.5892E-02
-5.3372E-02
-4.9670E-02
-4.5298E-02
-4.0915E-02
-3.7115E-02
-3.4278E-02
-3.2652E-02
-3.2430E-02
-3.3810E-02
-3.6804E-02
-4.1033E-02
-4.5835E-02
-5.0503E-02
-5.4350E-02
-5.6891E-02
-5.8148E-02
-5.8597E-02
-5.8783E-02
-5.9026E-02
-5.9418E-02
-5.9997E-02
-6.0793E-02
-6.1655E-02
-6.2238E-02
-6.2294E-02
-6.1905E-02
-6.1378E-02
-6.1012E-02
-6.1014E-02
-6.1442E-02
-6.2180E-02
-6.3155E-02
-6.4441E-02
-6.6087E-02
-6.7940E-02
-6.9709E-02
-7.1235E-02
-7.2500E-02
-7.3539E-02
-7.4320E-02
-7.4801E-02
-7.4866E-02
-7.4159E-02
-7.2130E-02
-6.8293E-02
-6.2554E-02
-5.5260E-02
-4.7047E-02
-3.8672E-02
-3.0726E-02
-2.3434E-02
-1.6622E-02
-9.9174E-03
-3.1644E-03
3.3491E-03
9.0172E-03
1.3329E-02
1.6151E-02
1.7471E-02
1.7226E-02
1.5213E-02
1.1289E-02
5.6130E-03
-1.5133E-03
-9.6544E-03
-1.8158E-02
-2.6173E-02
-3.2947E-02
-3.8204E-02
-4.2166E-02
-4.5218E-02
-4.7625E-02
-4.9654E-02
-5.1428E-02
-5.2794E-02
-5.3485E-02
-5.3324E-02
-5.2406E-02
-5.0918E-02
-4.8853E-02
-4.6048E-02
-4.2453E-02
-3.8191E-02
-3.3356E-02
-2.7994E-02
-2.2496E-02
-1.7354E-02
-1.2658E-02
-7.8491E-03
-1.6322E-03
7.9093E-03
2.2412E-02
4.1288E-02
6.0533E-02
7.4649E-02
8.0544E-02
7.9487E-02
7.5261E-02
7.1045E-02
6.8010E-02
6.6180E-02
6.5524E-02
6.5720E-02
6.5450E-02
6.2578E-02
5.5497E-02
4.4360E-02
3.1069E-02
1.8125E-02
7.6076E-03
8.0040E-04
-1.9466E-03
-1.1977E-03
2.2213E-03
7.9755E-03
1.6293E-02
2.7304E-02
4.0432E-02
5.4323E-02
6.7451E-02
7.8939E-02
8.8773E-02
9.7340E-02
1.0469E-01
1.1029E-01
1.1309E-01
1.1206E-01
1.0665E-01
9.7147E-02
8.4670E-02
7.0784E-02
5.6989E-02
4.4328E-02
3.3363E-02
2.4202E-02
1.6387E-02
9.2130E-03
2.1758E-03
-4.7405E-03
-1.1201E-02
-1.6803E-02
-2.1357E-02
-2.4986E-02
-2.7902E-02
-3.0171E-02
-3.1750E-02
-3.2600E-02
-3.2655E-02
-3.1956E-02
-3.0697E-02
-2.9098E-02
-2.7413E-02
-2.5887E-02
-2.4689E-02
-2.3891E-02
-2.3532E-02
-2.3510E-02
-2.3516E-02
-2.3270E-02
-2.2625E-02
-2.1484E-02
-1.9724E-02
-1.7131E-02
-1.3399E-02
-8.4024E-03
-2.4620E-03
3.6483E-03
9.1439E-03
1.3558E-02
1.6748E-02
1.8832E-02
2.0082E-02
2.0798E-02
2.0953E-02
1.9950E-02
1.7031E-02
1.2318E-02
6.9587E-03
2.3160E-03
-8.1174E-04
-2.3201E-03
-2.5294E-03
-1.9927E-03
-1.1981E-03
-4.2298E-04
2.8049E-04
9.3538E-04
1.5647E-03
2.0770E-03
2.3893E-03
2.4869E-03
2.2053E-03
1.2249E-03
-5.7438E-04
-2.8787E-03
-5.1422E-03
-6.8547E-03
-7.8225E-03
-8.1968E-03
-8.2530E-03
-8.0650E-03
-7.5469E-03
-6.7885E-03
-6.0569E-03
-5.6289E-03
-5.7903E-03
-6.7384E-03
-8.5598E-03
-1.1204E-02
-1.4498E-02
-1.8228E-02
-2.2307E-02
-2.6670E-02
-3.0935E-02
-3.4309E-02
-3.6035E-02
-3.5788E-02
-3.3592E-02
-2.9640E-02
-2.4095E-02
-1.7140E-02
-9.2333E-03
-1.1493E-03
6.4218E-03
1.3109E-02
1.8804E-02
2.3645E-02
2.7706E-02
3.0893E-02
3.3161E-02
3.4720E-02
3.5765E-02
3.6364E-02
3.6623E-02
3.6750E-02
3.6801E-02
3.6501E-02
3.5583E-02
3.3997E-02
3.1761E-02
2.8816E-02
2.5134E-02
2.1012E-02
1.6993E-02
1.3512E-02
1.0633E-02
8.1849E-03
5.8827E-03
3.4091E-03
6.7478E-04
-2.2030E-03
-5.0128E-03
-7.5070E-03
-9.3762E-03
-1.0204E-02
-9.8198E-03
-8.7402E-03
-7.9047E-03
-8.1442E-03
-9.8061E-03
-1.2505E-02
-1.5233E-02
-1.6958E-02
-1.7247E-02
-1.6566E-02
-1.5935E-02
-1.6016E-02
-1.6828E-02
-1.8073E-02
-1.9530E-02
-2.0989E-02
-2.2133E-02
-2.2696E-02
-2.2543E-02
-2.1683E-02
-2.0268E-02
-1.8694E-02
-1.7498E-02
-1.7043E-02
-1.7380E-02
-1.8595E-02
-2.1313E-02
-2.6639E-02
-3.5288E-02
-4.6527E-02
-5.7941E-02
-6.6327E-02
-6.9699E-02
-6.8664E-02
-6.5588E-02
-6.2875E-02
-6.1878E-02
-6.2783E-02
-6.4514E-02
-6.4338E-02
-5.8164E-02
-4.3023E-02
-2.0159E-02
5.3196E-03
2.8144E-02
4.5658E-02
5.7375E-02
6.3589E-02
6.5019E-02
6.2985E-02
5.8943E-02
5.3453E-02
4.5904E-02
3.5494E-02
2.2272E-02
7.3216E-03
-7.9330E-03
-2.2372E-02
-3.5281E-02
-4.6339E-02
-5.5580E-02
-6.3258E-02
-6.9617E-02
-7.4582E-02
-7.7901E-02
-7.9370E-02
-7.9035E-02
-7.7133E-02
-7.4006E-02
-7.0085E-02
-6.5736E-02
-6.1139E-02
-5.6380E-02
-5.1705E-02
-4.7510E-02
-4.4130E-02
-4.1740E-02
-4.0481E-02
-4.0504E-02
-4.1860E-02
-4.4375E-02
-4.7645E-02
-5.1276E-02
-5.5166E-02
-5.9515E-02
-6.4481E-02
-6.9938E-02
-7.5459E-02
-8.0422E-02
-8.4301E-02
-8.6918E-02
-8.8583E-02
-8.9866E-02
-9.1122E-02
-9.2207E-02
-9.2564E-02
-9.1613E-02
-8.9104E-02
-8.5240E-02
-8.0466E-02
-7.5304E-02
-7.0135E-02
-6.4970E-02
-5.9269E-02
-5.2013E-02
-4.2016E-02
-2.8604E-02
-1.2117E-02
6.2259E-03
2.4713E-02
4.1634E-02
5.5861E-02
6.7191E-02
7.6128E-02
8.3127E-02
8.8359E-02
9.2128E-02
9.5144E-02
9.8051E-02
1.0078E-01
1.0257E-01
1.0253E-01
1.0011E-01
9.5283E-02
8.8540E-02
8.1083E-02
7.4493E-02
6.9901E-02
6.7482E-02
6.6657E-02
6.6769E-02
6.7494E-02
6.8662E-02
6.9980E-02
7.1051E-02
7.1715E-02
7.2101E-02
7.2488E-02
7.3049E-02
7.3876E-02
7.5194E-02
7.7304E-02
8.0257E-02
8.3819E-02
8.7754E-02
9.1993E-02
9.6452E-02
1.0065E-01
1.0386E-01
1.0555E-01
1.0557E-01
1.0380E-01
9.9688E-02
9.2501E-02
8.1694E-02
6.7468E-02
5.0738E-02
3.2815E-02
1.5270E-02
-2.9561E-04
-1.2839E-02
-2.2219E-02
-2.8894E-02
-3.3420E-02
-3.6139E-02
-3.7284E-02
-3.7069E-02
-3.5703E-02
-3.3210E-02
-2.9423E-02
-2.4299E-02
-1.8145E-02
-1.1799E-02
-6.3059E-03
-2.2863E-03
3.8354E-04
2.2217E-03
3.6235E-03
4.8883E-03
6.3351E-03
8.2898E-03
1.0951E-02
1.4295E-02
1.8055E-02
2.1979E-02
2.6057E-02
3.0263E-02
3.4303E-02
3.7633E-02
3.9814E-02
4.0727E-02
4.0521E-02
3.9417E-02
3.7679E-02
3.5829E-02
3.4698E-02
3.4901E-02
3.6585E-02
3.9575E-02
4.3547E-02
4.8039E-02
5.2289E-02
5.5539E-02
5.7445E-02
5.7962E-02
5.7087E-02
5.4843E-02
5.1368E-02
4.6874E-02
4.1332E-02
3.4446E-02
2.6243E-02
1.7489E-02
9.2105E-03
1.9207E-03
-4.5830E-03
-1.0710E-02
-1.6700E-02
-2.2544E-02
-2.8122E-02
-3.3077E-02
-3.6924E-02
-3.9436E-02
-4.0737E-02
-4.0994E-02
-4.0337E-02
-3.9174E-02
-3.8328E-02
-3.8557E-02
-4.0041E-02
-4.2340E-02
-4.4713E-02
-4.6603E-02
-4.7761E-02
-4.8151E-02
-4.7938E-02
-4.7469E-02
-4.7118E-02
-4.7079E-02
-4.7511E-02
-4.8702E-02
-5.0986E-02
-5.4490E-02
-5.9041E-02
-6.4160E-02
-6.9139E-02
-7.3286E-02
-7.6048E-02
-7.7327E-02
-7.7639E-02
-7.7841E-02
-7.8778E-02
-8.0951E-02
-8.4476E-02
-8.9207E-02
-9.4840E-02
-1.0102E-01
-1.0738E-01
-1.1337E-01
-1.1844E-01
-1.2204E-01
-1.2388E-01
-1.2414E-01
-1.2328E-01
-1.2178E-01
-1.1996E-01
-1.1787E-01
-1.1533E-01
-1.1209E-01
-1.0818E-01
-1.0358E-01
-9.8076E-02
-9.1414E-02
-8.3391E-02
-7.3780E-02
-6.2314E-02
-4.9217E-02
-3.5392E-02
-2.1933E-02
-9.6441E-03
1.0190E-03
9.9305E-03
1.7362E-02
2.3935E-02
3.0120E-02
3.5891E-02
4.0778E-02
4.4316E-02
4.6515E-02
4.7615E-02
4.7956E-02
4.7963E-02
4.8087E-02
4.8680E-02
4.9865E-02
5.1643E-02
5.3993E-02
5.6906E-02
6.0324E-02
6.3957E-02
6.7366E-02
7.0249E-02
7.2609E-02
7.4612E-02
7.6357E-02
7.7829E-02
7.8619E-02
7.7660E-02
7.3803E-02
6.6920E-02
5.8598E-02
5.1171E-02
4.6092E-02
4.3415E-02
4.2550E-02
4.3110E-02
4.4731E-02
4.6828E-02
4.8867E-02
5.0774E-02
5.2973E-02
5.5961E-02
5.9896E-02
6.4453E-02
6.8928E-02
7.2693E-02
7.5513E-02
7.7634E-02
7.9493E-02
8.1236E-02
8.2552E-02
8.2813E-02
8.1590E-02
7.8936E-02
7.5287E-02
7.1339E-02
6.7684E-02
6.4767E-02
6.2940E-02
6.2239E-02
6.2170E-02
6.1887E-02
6.0740E-02
5.8628E-02
5.5806E-02
5.2621E-02
4.9373E-02
4.6310E-02
4.3599E-02
4.1064E-02
3.8324E-02
3.5013E-02
3.0896E-02
2.5920E-02
2.0376E-02
1.4939E-02
9.9454E-03
5.1218E-03
3.4240E-04
-3.7153E-03
-5.6710E-03
-4.4116E-03
1.0460E-04
7.0104E-03
1.5437E-02
2.4945E-02
3.5008E-02
4.4629E-02
5.2853E-02
5.9263E-02
6.4036E-02
6.7739E-02
7.0995E-02
7.4286E-02
7.7664E-02
8.0675E-02
8.2493E-02
8.1954E-02
7.7759E-02
6.9103E-02
5.6474E-02
4.1698E-02
2.7260E-02
1.5254E-02
7.0357E-03
3.1925E-03
3.3247E-03
6.2779E-03
1.0831E-02
1.6212E-02
2.1912E-02
2.6933E-02
2.9561E-02
2.8144E-02
2.2072E-02
1.2044E-02
-3.4931E-04
-1.3288E-02
-2.5250E-02
-3.5441E-02
-4.3769E-02
-5.0637E-02
-5.6658E-02
-6.2451E-02
-6.8455E-02
-7.4707E-02
-8.0949E-02
-8.6894E-02
-9.2395E-02
-9.7417E-02
-1.0191E-01
-1.0573E-01
-1.0848E-01
-1.0958E-01
-1.0846E-01
-1.0487E-01
-9.9006E-02
-9.1294E-02
-8.2135E-02
-7.2001E-02
-6.1569E-02
-5.1681E-02
-4.3178E-02
-3.6829E-02
-3.3239E-02
-3.2576E-02
-3.4396E-02
-3.7751E-02
-4.1611E-02
-4.5193E-02
-4.7956E-02
-4.9542E-02
-4.9751E-02
-4.8626E-02
-4.6499E-02
-4.3931E-02
-4.1532E-02
-3.9707E-02
-3.8536E-02
-3.7870E-02
-3.7565E-02
-3.7575E-02
-3.7780E-02
-3.8039E-02
-3.8270E-02
-3.8284E-02
-3.7848E-02
-3.6826E-02
-3.5369E-02
-3.3955E-02
-3.2943E-02
-3.2388E-02
-3.2226E-02
-3.2347E-02
-3.2529E-02
-3.2406E-02
-3.1466E-02
-2.9016E-02
-2.4279E-02
-1.6794E-02
-6.9893E-03
3.7364E-03
1.3815E-02
2.2357E-02
2.9224E-02
3.4575E-02
3.8340E-02
4.0267E-02
4.0250E-02
3.8352E-02
3.4797E-02
2.9910E-02
2.4051E-02
1.7666E-02
1.1334E-02
5.6012E-03
5.9337E-04
-3.9642E-03
-8.3811E-03
-1.2784E-02
-1.7099E-02
-2.1124E-02
-2.4538E-02
-2.6888E-02
-2.7642E-02
-2.6220E-02
-2.2170E-02
-1.5556E-02
-7.1477E-03
1.7330E-03
9.9906E-03
1.7247E-02
2.3527E-02
2.8737E-02
3.2755E-02
3.5815E-02
3.8252E-02
4.0121E-02
4.1103E-02
4.0848E-02
3.9271E-02
3.6597E-02
3.3273E-02
2.9933E-02
2.7393E-02
2.6348E-02
2.7003E-02
2.9063E-02
3.2055E-02
3.5481E-02
3.8925E-02
4.2084E-02
4.4808E-02
4.6947E-02
4.8312E-02
4.8910E-02
4.8987E-02
4.9043E-02
4.9526E-02
5.0512E-02
5.1577E-02
5.2089E-02
5.1747E-02
5.0614E-02
4.8699E-02
4.5663E-02
4.1057E-02
3.4893E-02
2.7674E-02
1.9813E-02
1.1539E-02
3.2636E-03
-4.3089E-03
-1.0770E-02
-1.6352E-02
-2.1270E-02
-2.5131E-02
-2.7345E-02
-2.8025E-02
-2.8003E-02
-2.7850E-02
-2.7312E-02
-2.5744E-02
-2.2764E-02
-1.8599E-02
-1.4106E-02
-1.0383E-02
-8.1620E-03
-7.5663E-03
-8.3804E-03
-1.0465E-02
-1.3724E-02
-1.7799E-02
-2.2128E-02
-2.6194E-02
-2.9619E-02
-3.2360E-02
-3.4624E-02
-3.6474E-02
-3.7573E-02
-3.7354E-02
-3.5768E-02
-3.3646E-02
-3.2122E-02
-3.1828E-02
-3.2728E-02
-3.4494E-02
-3.6665E-02
-3.8680E-02
-4.0100E-02
-4.0910E-02
-4.1420E-02
-4.1886E-02
-4.2399E-02
-4.2945E-02
-4.3443E-02
-4.3806E-02
-4.3880E-02
-4.3341E-02
-4.1627E-02
-3.7830E-02
-3.1008E-02
-2.0993E-02
-9.0081E-03
2.7517E-03
1.2455E-02
1.9511E-02
2.4301E-02
2.7212E-02
2.8135E-02
2.6911E-02
2.3816E-02
1.9441E-02
1.4250E-02
8.5148E-03
2.6733E-03
-2.5888E-03
-6.6783E-03
-9.2871E-03
-1.0406E-02
-1.0084E-02
-8.4798E-03
-5.9881E-03
-3.1689E-03
-5.4645E-04
1.4911E-03
2.6844E-03
3.0928E-03
3.0941E-03
2.9548E-03
2.5762E-03
1.6270E-03
-9.0538E-05
-2.5238E-03
-5.4767E-03
-8.6691E-03
-1.1636E-02
-1.3749E-02
-1.4490E-02
-1.3640E-02
-1.1102E-02
-6.8785E-03
-1.4273E-03
4.2905E-03
9.2305E-03
1.2957E-02
1.5666E-02
1.7755E-02
1.9463E-02
2.0895E-02
2.2198E-02
2.3394E-02
2.4138E-02
2.3595E-02
2.0933E-02
1.5964E-02
9.3497E-03
2.3406E-03
-3.7573E-03
-8.1365E-03
-1.0693E-02
-1.1776E-02
-1.1889E-02
-1.1392E-02
-1.0344E-02
-8.5156E-03
-5.6741E-03
-1.6274E-03
3.7708E-03
1.0423E-02
1.7798E-02
2.5076E-02
3.1607E-02
3.7001E-02
4.1085E-02
4.3799E-02
4.5194E-02
4.5511E-02
4.4888E-02
4.3000E-02
3.9007E-02
3.1940E-02
2.1409E-02
8.0955E-03
-6.3134E-03
-1.9728E-02
-3.0710E-02
-3.8965E-02
-4.4915E-02
-4.8925E-02
-5.0983E-02
-5.1075E-02
-4.9551E-02
-4.7181E-02
-4.4746E-02
-4.2679E-02
-4.1051E-02
-3.9742E-02
-3.8593E-02
-3.7418E-02
-3.6012E-02
-3.4141E-02
-3.1666E-02
-2.8951E-02
-2.6944E-02
-2.6506E-02
-2.7727E-02
-2.9906E-02
-3.2007E-02
-3.3305E-02
-3.3553E-02
-3.2932E-02
-3.1852E-02
-3.0758E-02
-2.9868E-02
-2.9098E-02
-2.8257E-02
-2.7061E-02
-2.5179E-02
-2.2377E-02
-1.8701E-02
-1.4436E-02
-9.9267E-03
-5.5228E-03
-1.5339E-03
1.8648E-03
4.8144E-03
7.6557E-03
1.0575E-02
1.3448E-02
1.5977E-02
1.7693E-02
1.7976E-02
1.6147E-02
1.1720E-02
4.7138E-03
-4.2999E-03
-1.4251E-02
-2.3809E-02
-3.1808E-02
-3.7756E-02
-4.1892E-02
-4.4738E-02
-4.6700E-02
-4.7930E-02
-4.8519E-02
-4.8601E-02
-4.8141E-02
-4.6882E-02
-4.4519E-02
-4.0707E-02
-3.5183E-02
-2.8079E-02
-2.0006E-02
-1.1765E-02
-4.1285E-03
1.9532E-03
5.3846E-03
5.4582E-03
2.6181E-03
-1.7448E-03
-6.3982E-03
-1.1026E-02
-1.5931E-02
-2.1011E-02
-2.5527E-02
-2.8761E-02
-3.0495E-02
-3.1003E-02
-3.0816E-02
-3.0295E-02
-2.9343E-02
-2.7662E-02
-2.5092E-02
-2.1610E-02
-1.6907E-02
-1.0420E-02
-2.0208E-03
7.4753E-03
1.6632E-02
2.4417E-02
3.0673E-02
3.5752E-02
3.9990E-02
4.3504E-02
4.6230E-02
4.7941E-02
4.8467E-02
4.8120E-02
4.7690E-02
4.7866E-02
4.8896E-02
5.0634E-02
5.2774E-02
5.5032E-02
5.7092E-02
5.8528E-02
5.9034E-02
5.8695E-02
5.7995E-02
5.7575E-02
5.7890E-02
5.8965E-02
6.0584E-02
6.2641E-02
6.5035E-02
6.7397E-02
6.9177E-02
7.0022E-02
6.9897E-02
6.8707E-02
6.6152E-02
6.1979E-02
5.6300E-02
4.9679E-02
4.2885E-02
3.6701E-02
3.1665E-02
2.7919E-02
2.5301E-02
2.3673E-02
2.3027E-02
2.3273E-02
2.4075E-02
2.5072E-02
2.6206E-02
2.7595E-02
2.9259E-02
3.0913E-02
3.2116E-02
3.2575E-02
3.2117E-02
3.0568E-02
2.7843E-02
2.4258E-02
2.0429E-02
1.6883E-02
1.4035E-02
1.2252E-02
1.1980E-02
1.3516E-02
1.6648E-02
2.0668E-02
2.4683E-02
2.7771E-02
2.9130E-02
2.8287E-02
2.5192E-02
2.0071E-02
1.3343E-02
5.6274E-03
-2.3428E-03
-9.8853E-03
-1.6585E-02
-2.2184E-02
-2.6594E-02
-2.9751E-02
-3.1663E-02
-3.2568E-02
-3.2852E-02
-3.2924E-02
-3.2979E-02
-3.3097E-02
-3.3283E-02
-3.3482E-02
-3.3599E-02
-3.3625E-02
-3.3769E-02
-3.4238E-02
-3.5056E-02
-3.6093E-02
-3.7154E-02
-3.8005E-02
-3.8452E-02
-3.8240E-02
-3.6856E-02
-3.3711E-02
-2.8392E-02
-2.0732E-02
-1.1018E-02
-1.0132E-04
1.0847E-02
2.0608E-02
2.8148E-02
3.2888E-02
3.4843E-02
3.4573E-02
3.2810E-02
3.0096E-02
2.6652E-02
2.2486E-02
1.7571E-02
1.2197E-02
7.0525E-03
2.9587E-03
3.3789E-04
-1.0869E-03
-2.0059E-03
-3.0766E-03
-4.6436E-03
-6.7162E-03
-9.0130E-03
-1.1087E-02
-1.2600E-02
-1.3536E-02
-1.4136E-02
-1.4750E-02
-1.5714E-02
-1.7234E-02
-1.9413E-02
-2.2129E-02
-2.4935E-02
-2.7333E-02
-2.9155E-02
-3.0599E-02
-3.1912E-02
-3.3137E-02
-3.4203E-02
-3.5169E-02
-3.6126E-02
-3.7057E-02
-3.7925E-02
-3.8846E-02
-3.9979E-02
-4.1098E-02
-4.1543E-02
-4.0497E-02
-3.7612E-02
-3.3299E-02
-2.8526E-02
-2.4258E-02
-2.1030E-02
-1.9111E-02
-1.8714E-02
-1.9851E-02
-2.2119E-02
-2.4879E-02
-2.7591E-02
-2.9942E-02
-3.1805E-02
-3.3202E-02
-3.4355E-02
-3.5616E-02
-3.6972E-02
-3.7520E-02
-3.5731E-02
-3.0510E-02
-2.2180E-02
-1.2256E-02
-2.3601E-03
6.5350E-03
1.4315E-02
2.1328E-02
2.7913E-02
3.4055E-02
3.9424E-02
4.3606E-02
4.6176E-02
4.6652E-02
4.4548E-02
3.9676E-02
3.2531E-02
2.4289E-02
1.6403E-02
1.0244E-02
6.7328E-03
6.2406E-03
8.6414E-03
1.3238E-02
1.8847E-02
2.4137E-02
2.8137E-02
3.0422E-02
3.0927E-02
2.9762E-02
2.7205E-02
2.3666E-02
1.9428E-02
1.4485E-02
8.7240E-03
2.3120E-03
-4.2329E-03
-1.0283E-02
-1.5315E-02
-1.8942E-02
-2.0819E-02
-2.0814E-02
-1.9058E-02
-1.5732E-02
-1.1016E-02
-5.3926E-03
3.2716E-04
5.1763E-03
8.4669E-03
9.9139E-03
9.4238E-03
7.3040E-03
4.4805E-03
2.1874E-03
1.0594E-03
7.3090E-04
3.3229E-04
-6.9044E-04
-2.2852E-03
-4.0687E-03
-5.6561E-03
-6.9307E-03
-8.0245E-03
-9.1072E-03
-1.0239E-02
-1.1389E-02
-1.2343E-02
-1.2902E-02
-1.2984E-02
-1.2639E-02
-1.1996E-02
-1.1218E-02
-1.0483E-02
-9.7788E-03
-9.0449E-03
-8.4496E-03
-8.1718E-03
-8.1064E-03
-7.6583E-03
-5.9839E-03
-2.6271E-03
2.1267E-03
7.5610E-03
1.2961E-02
1.7646E-02
2.1107E-02
2.3226E-02
2.4319E-02
2.4823E-02
2.5017E-02
2.5032E-02
2.4893E-02
2.4464E-02
2.3392E-02
2.1104E-02
1.7178E-02
1.1782E-02
5.4894E-03
-8.1672E-04
-6.1401E-03
-9.6255E-03
-1.0845E-02
-9.9695E-03
-7.6068E-03
-4.4697E-03
-1.1463E-03
2.0785E-03
5.1890E-03
8.3043E-03
1.1636E-02
1.5170E-02
1.8446E-02
2.0719E-02
2.1406E-02
2.0270E-02
1.7343E-02
1.2841E-02
7.1405E-03
8.6362E-04
-5.2103E-03
-1.0468E-02
-1.4842E-02
-1.8669E-02
-2.2245E-02
-2.5588E-02
-2.8411E-02
-3.0416E-02
-3.1396E-02
-3.1095E-02
-2.9081E-02
-2.5011E-02
-1.9064E-02
-1.1972E-02
-4.8246E-03
1.3305E-03
5.8880E-03
8.7609E-03
1.0055E-02
9.9277E-03
8.7038E-03
6.9141E-03
5.0018E-03
2.9692E-03
3.1626E-04
-3.6521E-03
-9.0685E-03
-1.5108E-02
-2.0557E-02
-2.4750E-02
-2.7827E-02
-3.0291E-02
-3.2509E-02
-3.4442E-02
-3.5905E-02
-3.6855E-02
-3.7330E-02
-3.7279E-02
-3.6543E-02
-3.4941E-02
-3.2320E-02
-2.8844E-02
-2.5028E-02
-2.1570E-02
-1.9028E-02
-1.7669E-02
-1.7481E-02
-1.8114E-02
-1.9118E-02
-2.0228E-02
-2.1289E-02
-2.1941E-02
-2.1517E-02
-1.9457E-02
-1.5648E-02
-1.0435E-02
-4.2811E-03
2.4848E-03
9.4968E-03
1.6177E-02
2.1767E-02
2.5496E-02
2.6826E-02
2.5745E-02
2.2994E-02
1.9726E-02
1.6777E-02
1.4504E-02
1.2967E-02
1.1999E-02
1.1140E-02
9.9325E-03
8.1615E-03
6.0172E-03
3.9199E-03
2.2567E-03
1.2918E-03
1.1157E-03
1.6551E-03
2.6446E-03
3.8490E-03
5.1917E-03
6.6662E-03
8.1935E-03
9.7104E-03
1.1222E-02
1.2667E-02
1.3836E-02
1.4475E-02
1.4459E-02
1.3813E-02
1.2643E-02
1.1170E-02
9.8240E-03
9.1171E-03
9.1639E-03
9.5520E-03
9.8802E-03
1.0105E-02
1.0386E-02
1.0932E-02
1.2007E-02
1.3819E-02
1.6284E-02
1.9080E-02
2.1892E-02
2.4508E-02
2.6805E-02
2.8532E-02
2.9392E-02
2.9143E-02
2.7476E-02
2.3843E-02
1.7563E-02
8.4704E-03
-2.5300E-03
-1.3489E-02
-2.2299E-02
-2.7614E-02
-2.9112E-02
-2.7456E-02
-2.3774E-02
-1.9131E-02
-1.4197E-02
-9.3149E-03
-4.8952E-03
-1.5179E-03
5.7445E-04
1.6155E-03
2.1425E-03
2.7908E-03
4.1077E-03
6.4700E-03
9.7833E-03
1.3433E-02
1.6550E-02
1.8677E-02
2.0216E-02
2.1993E-02
2.4467E-02
2.7477E-02
3.0469E-02
3.2840E-02
3.4160E-02
3.4336E-02
3.3807E-02
3.3390E-02
3.3874E-02
3.5487E-02
3.7675E-02
3.9379E-02
3.9613E-02
3.8097E-02
3.5395E-02
3.2347E-02
2.9236E-02
2.5605E-02
2.0934E-02
1.5352E-02
9.8767E-03
5.6546E-03
3.3208E-03
2.7992E-03
3.4987E-03
4.5680E-03
5.2139E-03
5.1890E-03
4.8194E-03
4.6181E-03
5.0836E-03
6.6429E-03
9.2589E-03
1.2021E-02
1.3325E-02
1.1883E-02
7.6357E-03
1.7489E-03
-4.2306E-03
-9.3284E-03
-1.3253E-02
-1.6051E-02
-1.7793E-02
-1.8596E-02
-1.8700E-02
-1.8391E-02
-1.7903E-02
-1.7419E-02
-1.7071E-02
-1.6896E-02
-1.6622E-02
-1.5644E-02
-1.3439E-02
-1.0184E-02
-6.8075E-03
-4.3065E-03
-3.1709E-03
-3.4080E-03
-4.7847E-03
-6.9979E-03
-9.6049E-03
-1.2100E-02
-1.4085E-02
-1.5437E-02
-1.6272E-02
-1.6772E-02
-1.7187E-02
-1.7534E-02
-1.7363E-02
-1.5995E-02
-1.3057E-02
-8.6864E-03
-3.2019E-03
3.2205E-03
1.0452E-02
1.8158E-02
2.5655E-02
3.2177E-02
3.7274E-02
4.0818E-02
4.2968E-02
4.4039E-02
4.4355E-02
4.4056E-02
4.2977E-02
4.0744E-02
3.6821E-02
3.0872E-02
2.3138E-02
1.4455E-02
5.9557E-03
-1.5309E-03
-7.7451E-03
-1.2725E-02
-1.6532E-02
-1.9210E-02
-2.0907E-02
-2.1798E-02
-2.1858E-02
-2.0834E-02
-1.8421E-02
-1.4495E-02
-9.2054E-03
-3.0491E-03
3.0873E-03
8.2404E-03
1.1817E-02
1.3985E-02
1.5569E-02
1.7259E-02
1.9148E-02
2.0790E-02
2.1621E-02
2.1063E-02
1.8603E-02
1.4328E-02
9.1777E-03
4.5472E-03
1.6539E-03
9.9311E-04
2.3288E-03
4.9541E-03
7.9389E-03
1.0280E-02
1.1065E-02
9.9518E-03
7.3179E-03
3.8267E-03
-9.8630E-05
-4.3729E-03
-8.6451E-03
-1.2020E-02
-1.3552E-02
-1.2944E-02
-1.0757E-02
-8.0038E-03
-5.5875E-03
-3.9482E-03
-3.1496E-03
-2.8746E-03
-2.6155E-03
-2.0016E-03
-1.0596E-03
-1.7782E-04
1.9624E-04
1.3824E-06
-4.1563E-04
-6.1964E-04
-2.9973E-04
5.9843E-04
2.0350E-03
3.9590E-03
6.3553E-03
9.1478E-03
1.2117E-02
1.5128E-02
1.8250E-02
2.1695E-02
2.5556E-02
2.9588E-02
3.3345E-02
3.6369E-02
3.8337E-02
3.8988E-02
3.8084E-02
3.5461E-02
3.0962E-02
2.4378E-02
1.5636E-02
5.1937E-03
-5.7617E-03
-1.5751E-02
-2.3737E-02
-2.9498E-02
-3.3619E-02
-3.7023E-02
-4.0431E-02
-4.3902E-02
-4.6766E-02
-4.8082E-02
-4.7476E-02
-4.5516E-02
-4.3187E-02
-4.1231E-02
-3.9599E-02
-3.7490E-02
-3.4028E-02
-2.8956E-02
-2.2949E-02
-1.7385E-02
-1.3640E-02
-1.2449E-02
-1.3590E-02
-1.6234E-02
-1.9692E-02
-2.3519E-02
-2.7279E-02
-3.0296E-02
-3.1885E-02
-3.1817E-02
-3.0271E-02
-2.7603E-02
-2.4155E-02
-2.0344E-02
-1.6561E-02
-1.2884E-02
-9.2024E-03
-5.5671E-03
-2.4280E-03
-3.7142E-04
2.3672E-04
-6.3924E-04
-2.7827E-03
-5.8125E-03
-9.2778E-03
-1.2652E-02
-1.5468E-02
-1.7388E-02
-1.8174E-02
-1.7779E-02
-1.6163E-02
-1.3141E-02
-8.5417E-03
-2.5115E-03
4.5741E-03
1.2217E-02
1.9733E-02
2.6297E-02
3.1250E-02
3.4485E-02
3.6522E-02
3.8082E-02
3.9610E-02
4.1256E-02
4.3259E-02
4.5948E-02
4.9390E-02
5.3274E-02
5.7142E-02
6.0597E-02
6.3362E-02
6.5002E-02
6.4977E-02
6.2902E-02
5.8935E-02
5.3847E-02
4.8217E-02
4.1698E-02
3.2943E-02
2.0862E-02
5.7925E-03
-1.0509E-02
-2.5872E-02
-3.8722E-02
-4.8228E-02
-5.3972E-02
-5.6016E-02
-5.4953E-02
-5.1707E-02
-4.7159E-02
-4.1915E-02
-3.6260E-02
-3.0173E-02
-2.3503E-02
-1.6188E-02
-8.5634E-03
-1.6237E-03
3.3972E-03
5.7935E-03
5.7737E-03
4.3020E-03
2.5438E-03
1.2919E-03
5.1395E-04
-3.4680E-04
-1.6777E-03
-3.5086E-03
-5.7064E-03
-8.1248E-03
-1.0571E-02
-1.2727E-02
-1.4382E-02
-1.5606E-02
-1.6650E-02
-1.7730E-02
-1.8894E-02
-1.9970E-02
-2.0436E-02
-1.9467E-02
-1.6409E-02
-1.0971E-02
-3.2832E-03
6.2058E-03
1.6790E-02
2.7549E-02
3.7576E-02
4.6189E-02
5.2983E-02
5.7628E-02
5.9886E-02
5.9918E-02
5.8198E-02
5.4990E-02
4.9856E-02
4.1840E-02
3.0193E-02
1.5051E-02
-2.2714E-03
-1.9634E-02
-3.4959E-02
-4.7039E-02
-5.5756E-02
-6.1706E-02
-6.5729E-02
-6.8427E-02
-7.0109E-02
-7.0937E-02
-7.0874E-02
-6.9462E-02
-6.5783E-02
-5.8821E-02
-4.8320E-02
-3.5614E-02
-2.3207E-02
-1.3249E-02
-6.5066E-03
-2.5512E-03
-5.7313E-04
1.0447E-04
1.0755E-04
2.6631E-05
-2.0043E-05
-3.7784E-04
-1.3758E-03
-3.0375E-03
-5.1350E-03
-7.3240E-03
-9.1951E-03
-1.0409E-02
-1.0903E-02
-1.0932E-02
-1.0766E-02
-1.0434E-02
-9.7638E-03
-8.5932E-03
-6.8661E-03
-4.6839E-03
-2.3936E-03
-5.3257E-04
3.4732E-04
-1.7457E-04
-2.2432E-03
-5.7190E-03
-1.0197E-02
-1.5127E-02
-2.0091E-02
-2.4994E-02
-2.9839E-02
-3.4386E-02
-3.8253E-02
-4.1190E-02
-4.3184E-02
-4.4362E-02
-4.4852E-02
-4.4565E-02
-4.3156E-02
-4.0205E-02
-3.5451E-02
-2.8768E-02
-2.0111E-02
-9.4777E-03
2.8919E-03
1.6372E-02
2.9977E-02
4.2572E-02
5.3221E-02
6.1281E-02
6.6754E-02
7.0233E-02
7.2435E-02
7.3811E-02
7.4432E-02
7.4043E-02
7.2101E-02
6.8042E-02
6.1759E-02
5.3727E-02
4.4791E-02
3.5938E-02
2.8107E-02
2.2088E-02
1.8292E-02
1.6472E-02
1.6075E-02
1.6635E-02
1.7744E-02
1.8811E-02
1.9259E-02
1.8819E-02
1.7583E-02
1.6041E-02
1.4829E-02
1.4332E-02
1.4422E-02
1.4640E-02
1.4641E-02
1.4292E-02
1.3547E-02
1.2086E-02
9.3712E-03
5.0491E-03
-7.5405E-04
-7.5180E-03
-1.4621E-02
-2.1511E-02
-2.7734E-02
-3.3020E-02
-3.7176E-02
-3.9970E-02
-4.1343E-02
-4.1593E-02
-4.1301E-02
-4.0922E-02
-4.0601E-02
-4.0273E-02
-3.9865E-02
-3.9286E-02
-3.8137E-02
-3.5818E-02
-3.2019E-02
-2.6978E-02
-2.1204E-02
-1.5290E-02
-1.0041E-02
-6.5027E-03
-5.5335E-03
-7.2189E-03
-1.0815E-02
-1.5130E-02
-1.9098E-02
-2.2074E-02
-2.3825E-02
-2.4361E-02
-2.3833E-02
-2.2474E-02
-2.0525E-02
-1.8225E-02
-1.5776E-02
-1.3168E-02
-1.0268E-02
-7.2125E-03
-4.5972E-03
-3.2459E-03
-3.5810E-03
-5.1586E-03
-7.0385E-03
-8.4927E-03
-9.2488E-03
-9.1268E-03
-7.7840E-03
-5.1880E-03
-2.1167E-03
1.6322E-04
6.7396E-04
-7.8033E-04
-3.7756E-03
-7.6463E-03
-1.1567E-02
-1.4718E-02
-1.6758E-02
-1.8074E-02
-1.9346E-02
-2.0913E-02
-2.2665E-02
-2.4281E-02
-2.5426E-02
-2.5804E-02
-2.5235E-02
-2.3622E-02
-2.0902E-02
-1.7028E-02
-1.2035E-02
-6.1949E-03
-3.1244E-06
5.8560E-03
1.0712E-02
1.4059E-02
1.5808E-02
1.6340E-02
1.6156E-02
1.5535E-02
1.4502E-02
1.2926E-02
1.0526E-02
7.0874E-03
2.7523E-03
-1.8525E-03
-5.8894E-03
-8.8050E-03
-1.0593E-02
-1.1594E-02
-1.2222E-02
-1.2690E-02
-1.2869E-02
-1.2354E-02
-1.0838E-02
-8.4488E-03
-5.5635E-03
-2.3600E-03
1.1605E-03
4.8846E-03
8.4293E-03
1.1423E-02
1.3849E-02
1.6036E-02
1.8213E-02
2.0242E-02
2.1914E-02
2.3177E-02
2.4078E-02
2.4679E-02
2.5204E-02
2.6053E-02
2.7527E-02
2.9516E-02
3.1603E-02
3.3455E-02
3.4892E-02
3.5707E-02
3.5512E-02
3.3790E-02
3.0187E-02
2.5057E-02
1.9461E-02
1.4680E-02
1.1546E-02
1.0047E-02
9.6213E-03
9.6235E-03
9.5777E-03
9.1626E-03
8.2246E-03
6.7263E-03
4.7211E-03
2.4759E-03
3.9237E-04
-1.1900E-03
-2.1125E-03
-2.3551E-03
-1.8971E-03
-4.8922E-04
2.0381E-03
5.3795E-03
8.8470E-03
1.1837E-02
1.4093E-02
1.5659E-02
1.6705E-02
1.7331E-02
1.7523E-02
1.7170E-02
1.5953E-02
1.3464E-02
9.4422E-03
4.0628E-03
-2.0564E-03
-7.9931E-03
-1.2580E-02
-1.4674E-02
-1.3646E-02
-9.7144E-03
-3.8760E-03
2.4386E-03
7.8130E-03
1.1275E-02
1.2638E-02
1.2324E-02
1.0935E-02
8.7837E-03
5.8809E-03
2.2417E-03
-1.8950E-03
-6.1104E-03
-1.0021E-02
-1.3466E-02
-1.6509E-02
-1.9142E-02
-2.1117E-02
-2.2030E-02
-2.1527E-02
-1.9493E-02
-1.6186E-02
-1.2162E-02
-8.1213E-03
-4.8691E-03
-2.9692E-03
-2.4886E-03
-3.0404E-03
-4.2142E-03
-5.7962E-03
-7.5686E-03
-9.0723E-03
-9.8322E-03
-9.7340E-03
-8.9314E-03
-7.5105E-03
-5.2760E-03
-1.9634E-03
2.3357E-03
7.1165E-03
1.1680E-02
1.5374E-02
1.7398E-02
1.6914E-02
1.3475E-02
7.4598E-03
9.5350E-05
-6.9766E-03
-1.2292E-02
-1.5171E-02
-1.5732E-02
-1.4466E-02
-1.1849E-02
-8.2174E-03
-3.9024E-03
5.5257E-04
4.4287E-03
7.1888E-03
8.7718E-03
9.3991E-03
9.0842E-03
7.4868E-03
4.2178E-03
-7.0833E-04
-6.7123E-03
-1.2987E-02
-1.8894E-02
-2.4057E-02
-2.8360E-02
-3.1881E-02
-3.4615E-02
-3.6218E-02
-3.6155E-02
-3.4175E-02
-3.0750E-02
-2.6968E-02
-2.3675E-02
-2.0883E-02
-1.8084E-02
-1.4828E-02
-1.0996E-02
-6.5172E-03
-1.1220E-03
5.4709E-03
1.3177E-02
2.1376E-02
2.9189E-02
3.5773E-02
4.0554E-02
4.3368E-02
4.4544E-02
4.4615E-02
4.3836E-02
4.2128E-02
3.9267E-02
3.5147E-02
2.9937E-02
2.4105E-02
1.8190E-02
1.2480E-02
7.0506E-03
2.1400E-03
-1.6731E-03
-3.6494E-03
-3.3286E-03
-9.5387E-04
2.7515E-03
7.0548E-03
1.1539E-02
1.6053E-02
2.0401E-02
2.4139E-02
2.6712E-02
2.7963E-02
2.8277E-02
2.8106E-02
2.7358E-02
2.5408E-02
2.1826E-02
1.6830E-02
1.1192E-02
5.7338E-03
9.0633E-04
-3.2783E-03
-6.9179E-03
-1.0024E-02
-1.2507E-02
-1.4228E-02
-1.5130E-02
-1.5409E-02
-1.5476E-02
-1.5690E-02
-1.6199E-02
-1.6769E-02
-1.6925E-02
-1.6402E-02
-1.5413E-02
-1.4395E-02
-1.3533E-02
-1.2590E-02
-1.1266E-02
-9.5989E-03
-8.0154E-03
-7.0821E-03
-7.1575E-03
-8.2734E-03
-1.0231E-02
-1.2875E-02
-1.6280E-02
-2.0540E-02
-2.5561E-02
-3.0960E-02
-3.6352E-02
-4.1348E-02
-4.5550E-02
-4.8575E-02
-5.0085E-02
-4.9976E-02
-4.8429E-02
-4.5809E-02
-4.2392E-02
-3.8254E-02
-3.3348E-02
-2.7577E-02
-2.0866E-02
-1.3308E-02
-5.2729E-03
2.8307E-03
1.0692E-02
1.8012E-02
2.4409E-02
2.9677E-02
3.3885E-02
3.7120E-02
3.9306E-02
4.0328E-02
4.0169E-02
3.8924E-02
3.6610E-02
3.3036E-02
2.7970E-02
2.1488E-02
1.3996E-02
6.2959E-03
-5.6290E-04
-5.7428E-03
-9.0236E-03
-1.0793E-02
-1.1577E-02
-1.1715E-02
-1.1388E-02
-1.0674E-02
-9.3458E-03
-6.8635E-03
-2.8355E-03
2.4954E-03
8.2874E-03
1.3502E-02
1.7360E-02
1.9488E-02
1.9964E-02
1.9173E-02
1.7228E-02
1.3876E-02
8.9637E-03
2.9550E-03
-3.1911E-03
-8.6505E-03
-1.2932E-02
-1.5822E-02
-1.7320E-02
-1.7583E-02
-1.6903E-02
-1.5551E-02
-1.3712E-02
-1.1578E-02
-9.2961E-03
-6.9450E-03
-4.5327E-03
-2.1590E-03
-1.2143E-04
1.3352E-03
2.0243E-03
1.7539E-03
4.6834E-04
-1.5490E-03
-3.7536E-03
-5.7197E-03
-7.3534E-03
-8.8791E-03
-1.0640E-02
-1.3056E-02
-1.6588E-02
-2.1211E-02
-2.5728E-02
-2.8025E-02
-2.6757E-02
-2.2496E-02
-1.7024E-02
-1.1995E-02
-8.3925E-03
-6.2546E-03
-4.6961E-03
-2.5395E-03
7.5920E-04
4.9740E-03
9.5240E-03
1.3797E-02
1.7223E-02
1.9264E-02
1.9604E-02
1.8395E-02
1.6240E-02
1.4055E-02
1.2868E-02
1.3624E-02
1.6853E-02
2.2512E-02
3.0054E-02
3.8599E-02
4.7054E-02
5.4401E-02
5.9981E-02
6.3642E-02
6.5590E-02
6.6075E-02
6.5327E-02
6.3647E-02
6.1297E-02
5.8287E-02
5.4470E-02
4.9773E-02
4.4082E-02
3.7273E-02
2.9543E-02
2.1799E-02
1.5276E-02
1.0774E-02
8.4337E-03
7.9657E-03
8.9163E-03
1.0756E-02
1.2845E-02
1.4506E-02
1.5204E-02
1.4543E-02
1.2383E-02
8.8869E-03
4.5132E-03
-1.4639E-04
-4.5615E-03
-8.2261E-03
-1.0704E-02
-1.1774E-02
-1.1558E-02
-1.0451E-02
-9.0834E-03
-8.1255E-03
-8.0216E-03
-8.9796E-03
-1.1216E-02
-1.4989E-02
-2.0453E-02
-2.7387E-02
-3.5059E-02
-4.2426E-02
-4.8193E-02
-5.0748E-02
-4.8303E-02
-3.9590E-02
-2.4841E-02
-5.9831E-03
1.3934E-02
3.1905E-02
4.6032E-02
5.5956E-02
6.2396E-02
6.6250E-02
6.7993E-02
6.7744E-02
6.5750E-02
6.2398E-02
5.7820E-02
5.1788E-02
4.4122E-02
3.5153E-02
2.5797E-02
1.7209E-02
1.0310E-02
5.4489E-03
2.3848E-03
7.5219E-04
3.0290E-04
8.7043E-04
2.3044E-03
4.3605E-03
6.5820E-03
8.1804E-03
8.2442E-03
6.1860E-03
2.3027E-03
-2.3453E-03
-6.7302E-03
-1.0263E-02
-1.2818E-02
-1.4531E-02
-1.5565E-02
-1.6031E-02
-1.5956E-02
-1.5422E-02
-1.4684E-02
-1.3957E-02
-1.3345E-02
-1.3058E-02
-1.3502E-02
-1.5149E-02
-1.8071E-02
-2.1874E-02
-2.6000E-02
-3.0060E-02
-3.3807E-02
-3.6964E-02
-3.9395E-02
-4.1159E-02
-4.2324E-02
-4.2827E-02
-4.2642E-02
-4.1862E-02
-4.0624E-02
-3.9007E-02
-3.6968E-02
-3.4411E-02
-3.1162E-02
-2.7087E-02
-2.2256E-02
-1.6952E-02
-1.1385E-02
-5.5469E-03
7.1439E-04
7.2801E-03
1.3687E-02
1.9426E-02
2.4076E-02
2.7366E-02
2.9152E-02
2.9496E-02
2.8588E-02
2.6601E-02
2.3763E-02
2.0377E-02
1.6692E-02
1.2855E-02
8.9262E-03
4.9042E-03
8.1643E-04
-3.3024E-03
-7.3560E-03
-1.1059E-02
-1.3960E-02
-1.5734E-02
-1.6230E-02
-1.5142E-02
-1.2196E-02
-7.4177E-03
-1.1401E-03
6.1546E-03
1.3803E-02
2.0853E-02
2.6338E-02
2.9570E-02
3.0330E-02
2.8862E-02
2.5678E-02
2.1424E-02
1.6642E-02
1.1488E-02
5.8815E-03
-1.9409E-04
-6.4913E-03
-1.2656E-02
-1.8418E-02
-2.3423E-02
-2.7333E-02
-2.9999E-02
-3.1576E-02
-3.2424E-02
-3.2839E-02
-3.3038E-02
-3.3215E-02
-3.3530E-02
-3.3997E-02
-3.4477E-02
-3.4821E-02
-3.4809E-02
-3.4036E-02
-3.1874E-02
-2.7482E-02
-2.0078E-02
-9.7680E-03
2.1453E-03
1.3602E-02
2.2938E-02
2.9416E-02
3.3028E-02
3.4190E-02
3.3555E-02
3.1977E-02
3.0037E-02
2.7673E-02
2.4135E-02
1.8580E-02
1.0718E-02
1.0762E-03
-9.1794E-03
-1.8725E-02
-2.6587E-02
-3.2400E-02
-3.6206E-02
-3.8159E-02
-3.8391E-02
-3.6936E-02
-3.3830E-02
-2.9200E-02
-2.3320E-02
-1.6621E-02
-9.6667E-03
-3.0207E-03
2.8156E-03
7.5026E-03
1.0913E-02
1.3250E-02
1.4865E-02
1.5960E-02
1.6584E-02
1.6712E-02
1.6411E-02
1.5755E-02
1.4732E-02
1.3334E-02
1.1508E-02
9.0614E-03
5.6621E-03
9.7352E-04
-5.0423E-03
-1.1896E-02
-1.8659E-02
-2.4270E-02
-2.7934E-02
-2.9293E-02
-2.8396E-02
-2.5383E-02
-2.0335E-02
-1.3464E-02
-5.2923E-03
3.4888E-03
1.2337E-02
2.0915E-02
2.8869E-02
3.5798E-02
4.1284E-02
4.5108E-02
4.7257E-02
4.7856E-02
4.7198E-02
4.5680E-02
4.3570E-02
4.0874E-02
3.7516E-02
3.3678E-02
2.9822E-02
2.6408E-02
2.3598E-02
2.1182E-02
1.8883E-02
1.6651E-02
1.4713E-02
1.3433E-02
1.3155E-02
1.4177E-02
1.6583E-02
2.0012E-02
2.3861E-02
2.7649E-02
3.1268E-02
3.4901E-02
3.8658E-02
4.2428E-02
4.5964E-02
4.8939E-02
5.0870E-02
5.1264E-02
4.9994E-02
4.7355E-02
4.3900E-02
4.0100E-02
3.6162E-02
3.2190E-02
2.7961E-02
2.2837E-02
1.6151E-02
7.8199E-03
-1.5280E-03
-1.0989E-02
-1.9734E-02
-2.7079E-02
-3.2647E-02
-3.6614E-02
-3.9524E-02
-4.1786E-02
-4.3439E-02
-4.4387E-02
-4.4712E-02
-4.4721E-02
-4.4595E-02
-4.4241E-02
-4.3459E-02
-4.2174E-02
-4.0489E-02
-3.8336E-02
-3.5312E-02
-3.0896E-02
-2.4825E-02
-1.7438E-02
-9.6709E-03
-2.8134E-03
1.8314E-03
3.4106E-03
1.9981E-03
-1.3914E-03
-5.4180E-03
-9.1474E-03
-1.2320E-02
-1.5154E-02
-1.8015E-02
-2.0989E-02
-2.3819E-02
-2.6167E-02
-2.7795E-02
-2.8651E-02
-2.8855E-02
-2.8437E-02
-2.7242E-02
-2.5025E-02
-2.1514E-02
-1.6610E-02
-1.0568E-02
-4.0304E-03
2.2469E-03
7.8112E-03
1.2588E-02
1.6650E-02
2.0077E-02
2.2964E-02
2.5457E-02
2.7669E-02
2.9491E-02
3.0488E-02
3.0030E-02
2.7379E-02
2.1777E-02
1.2946E-02
1.5838E-03
-1.0800E-02
-2.2564E-02
-3.2620E-02
-4.0581E-02
-4.6611E-02
-5.1063E-02
-5.4181E-02
-5.6117E-02
-5.7070E-02
-5.7453E-02
-5.7842E-02
-5.8622E-02
-5.9825E-02
-6.1197E-02
-6.2390E-02
-6.3019E-02
-6.2659E-02
-6.1054E-02
-5.8162E-02
-5.3974E-02
-4.8247E-02
-4.0348E-02
-2.9681E-02
-1.6193E-02
-6.5902E-04
1.5345E-02
3.0109E-02
4.2276E-02
5.1005E-02
5.5978E-02
5.7296E-02
5.5305E-02
5.0397E-02
4.3002E-02
3.3721E-02
2.3500E-02
1.3477E-02
4.5607E-03
-2.8138E-03
-8.5337E-03
-1.2681E-02
-1.5259E-02
-1.5966E-02
-1.4353E-02
-1.0239E-02
-4.0838E-03
3.2845E-03
1.1104E-02
1.8858E-02
2.6093E-02
3.2292E-02
3.7224E-02
4.1244E-02
4.4912E-02
4.8590E-02
5.2470E-02
5.6555E-02
6.0589E-02
6.4052E-02
6.6480E-02
6.7804E-02
6.8330E-02
6.8459E-02
6.8302E-02
6.7665E-02
6.6145E-02
6.3171E-02
5.7998E-02
4.9849E-02
3.8406E-02
2.4316E-02
9.2222E-03
-4.8729E-03
-1.6443E-02
-2.4915E-02
-3.0453E-02
-3.3523E-02
-3.4596E-02
-3.4034E-02
-3.2059E-02
-2.8836E-02
-2.4599E-02
-1.9770E-02
-1.4994E-02
-1.0849E-02
-7.6639E-03
-5.5893E-03
-4.6291E-03
-4.5300E-03
-4.7975E-03
-5.1058E-03
-5.4027E-03
-5.7722E-03
-6.3000E-03
-7.0234E-03
-7.8496E-03
-8.5844E-03
-9.1355E-03
-9.7017E-03
-1.0680E-02
-1.2329E-02
-1.4587E-02
-1.7172E-02
-1.9948E-02
-2.2909E-02
-2.5985E-02
-2.9124E-02
-3.2436E-02
-3.6162E-02
-4.0423E-02
-4.5099E-02
-4.9884E-02
-5.4385E-02
-5.8281E-02
-6.1251E-02
-6.2932E-02
-6.3052E-02
-6.1486E-02
-5.8188E-02
-5.3226E-02
-4.6856E-02
-3.9622E-02
-3.2259E-02
-2.5349E-02
-1.9182E-02
-1.3971E-02
-9.9770E-03
-7.3076E-03
-5.7189E-03
-4.6532E-03
-3.5064E-03
-1.8903E-03
3.0662E-04
3.0926E-03
6.4267E-03
1.0143E-02
1.3927E-02
1.7263E-02
1.9575E-02
2.0472E-02
1.9837E-02
1.7889E-02
1.4950E-02
1.1217E-02
6.8175E-03
2.0457E-03
-2.7685E-03
-7.4360E-03
-1.1910E-02
-1.6232E-02
-2.0493E-02
-2.4723E-02
-2.8620E-02
-3.1658E-02
-3.3528E-02
-3.4294E-02
-3.4166E-02
-3.3241E-02
-3.1502E-02
-2.8950E-02
-2.5655E-02
-2.1637E-02
-1.6968E-02
-1.1974E-02
-7.2729E-03
-3.3990E-03
-6.3952E-04
7.7223E-04
7.2252E-04
-6.3556E-04
-3.0097E-03
-6.1779E-03
-9.8382E-03
-1.3556E-02
-1.6941E-02
-1.9908E-02
-2.2618E-02
-2.5146E-02
-2.7356E-02
-2.9168E-02
-3.0753E-02
-3.2191E-02
-3.3388E-02
-3.4255E-02
-3.4831E-02
-3.5086E-02
-3.4793E-02
-3.3623E-02
-3.1333E-02
-2.7880E-02
-2.3316E-02
-1.7832E-02
-1.1724E-02
-5.3012E-03
1.1845E-03
7.5182E-03
1.3505E-02
1.8991E-02
2.3941E-02
2.8468E-02
3.2606E-02
3.6219E-02
3.9196E-02
4.1532E-02
4.3289E-02
4.4576E-02
4.5528E-02
4.6122E-02
4.6188E-02
4.5582E-02
4.4457E-02
4.3262E-02
4.2503E-02
4.2398E-02
4.2649E-02
4.2679E-02
4.1943E-02
4.0208E-02
3.7605E-02
3.4533E-02
3.1363E-02
2.8353E-02
2.5845E-02
2.4154E-02
2.3429E-02
2.3719E-02
2.5100E-02
2.7557E-02
3.0871E-02
3.4578E-02
3.8193E-02
4.1399E-02
4.3999E-02
4.5759E-02
4.6376E-02
4.5582E-02
4.3120E-02
3.8809E-02
3.2856E-02
2.6025E-02
1.9435E-02
1.3983E-02
1.0087E-02
7.7606E-03
6.7671E-03
6.7525E-03
7.4428E-03
8.6426E-03
1.0191E-02
1.1907E-02
1.3553E-02
1.4827E-02
1.5295E-02
1.4596E-02
1.2702E-02
1.0124E-02
7.5445E-03
5.2889E-03
3.2634E-03
1.2279E-03
-1.0392E-03
-3.6782E-03
-6.5924E-03
-9.4955E-03
-1.2073E-02
-1.4216E-02
-1.6056E-02
-1.7683E-02
-1.9084E-02
-2.0347E-02
-2.1564E-02
-2.2688E-02
-2.3646E-02
-2.4502E-02
-2.5498E-02
-2.6665E-02
-2.7712E-02
-2.8309E-02
-2.8252E-02
-2.7371E-02
-2.5418E-02
-2.2261E-02
-1.7981E-02
-1.2830E-02
-7.1431E-03
-1.2761E-03
4.4180E-03
9.5347E-03
1.3611E-02
1.6160E-02
1.6701E-02
1.4990E-02
1.1162E-02
5.6481E-03
-9.6728E-04
-8.1027E-03
-1.5217E-02
-2.1912E-02
-2.7972E-02
-3.3327E-02
-3.7998E-02
-4.2080E-02
-4.5743E-02
-4.9120E-02
-5.2292E-02
-5.5222E-02
-5.7819E-02
-5.9939E-02
-6.1443E-02
-6.2296E-02
-6.2672E-02
-6.2847E-02
-6.2984E-02
-6.3207E-02
-6.3559E-02
-6.3826E-02
-6.3594E-02
-6.2481E-02
-6.0119E-02
-5.5855E-02
-4.8713E-02
-3.7878E-02
-2.3568E-02
-7.4578E-03
8.1072E-03
2.1304E-02
3.1355E-02
3.8395E-02
4.3017E-02
4.5886E-02
4.7383E-02
4.7521E-02
4.6057E-02
4.2571E-02
3.6734E-02
2.8745E-02
1.9556E-02
1.0536E-02
2.8365E-03
-3.0969E-03
-7.4240E-03
-1.0425E-02
-1.2196E-02
-1.2637E-02
-1.1756E-02
-9.7405E-03
-6.9446E-03
-3.7485E-03
-4.1965E-04
2.8600E-03
5.9400E-03
8.7169E-03
1.1112E-02
1.2959E-02
1.3968E-02
1.3826E-02
1.2422E-02
9.9247E-03
6.6708E-03
2.9198E-03
-1.2023E-03
-5.4618E-03
-9.5645E-03
-1.3285E-02
-1.6561E-02
-1.9266E-02
-2.1323E-02
-2.2878E-02
-2.4208E-02
-2.5495E-02
-2.6856E-02
-2.8491E-02
-3.0491E-02
-3.2618E-02
-3.4119E-02
-3.4011E-02
-3.1808E-02
-2.7902E-02
-2.3211E-02
-1.8527E-02
-1.4215E-02
-1.0278E-02
-6.5207E-03
-2.6577E-03
1.6649E-03
6.7246E-03
1.2447E-02
1.8259E-02
2.3369E-02
2.7203E-02
2.9647E-02
3.0948E-02
3.1627E-02
3.2195E-02
3.2877E-02
3.3623E-02
3.4159E-02
3.4191E-02
3.3570E-02
3.2260E-02
3.0255E-02
2.7581E-02
2.4439E-02
2.1095E-02
1.7737E-02
1.4524E-02
1.1575E-02
8.8163E-03
5.9997E-03
2.8066E-03
-9.1730E-04
-5.0416E-03
-9.1480E-03
-1.2788E-02
-1.5587E-02
-1.7263E-02
-1.7941E-02
-1.8142E-02
-1.8516E-02
-1.9449E-02
-2.0894E-02
-2.2609E-02
-2.4419E-02
-2.6266E-02
-2.8090E-02
-2.9593E-02
-3.0345E-02
-3.0149E-02
-2.9066E-02
-2.7235E-02
-2.4675E-02
-2.1336E-02
-1.7323E-02
-1.2866E-02
-8.0939E-03
-2.8643E-03
2.9229E-03
9.0516E-03
1.5028E-02
2.0234E-02
2.4097E-02
2.6271E-02
2.6872E-02
2.6262E-02
2.4860E-02
2.3041E-02
2.1168E-02
1.9512E-02
1.8128E-02
1.7054E-02
1.6395E-02
1.6273E-02
1.6678E-02
1.7420E-02
1.8359E-02
1.9634E-02
2.1487E-02
2.4018E-02
2.7117E-02
3.0624E-02
3.4402E-02
3.8254E-02
4.1958E-02
4.5318E-02
4.8193E-02
5.0541E-02
5.2292E-02
5.3406E-02
5.3820E-02
5.3428E-02
5.2116E-02
4.9786E-02
4.6485E-02
4.2404E-02
3.7759E-02
3.2854E-02
2.8083E-02
2.3816E-02
2.0311E-02
1.7723E-02
1.6033E-02
1.4980E-02
1.4143E-02
1.3112E-02
1.1744E-02
1.0311E-02
9.1440E-03
8.2820E-03
7.5364E-03
6.7321E-03
5.7432E-03
4.5894E-03
3.5124E-03
2.9274E-03
3.2034E-03
4.5062E-03
6.6924E-03
9.2890E-03
1.1662E-02
1.3149E-02
1.3281E-02
1.2020E-02
9.8571E-03
7.4843E-03
5.4133E-03
3.8140E-03
2.4472E-03
8.7259E-04
-1.1550E-03
-3.6086E-03
-6.3460E-03
-9.2929E-03
-1.2513E-02
-1.6078E-02
-1.9797E-02
-2.3170E-02
-2.5749E-02
-2.7410E-02
-2.8165E-02
-2.7998E-02
-2.7014E-02
-2.5486E-02
-2.3663E-02